103,103023,1,0
103,103800,2,0
103,103214,3,0
103,103188,4,0
103,103151,5,0
103,103133,6,0
103,103113,7,0
103,103091,8,0
103,103055,9,0
103,103044,10,0
103,103016,11,0
103,102997,12,0
103,103020,13,0
103,103028,14,0
103,102995,15,0
103,102984,16,0
103,140053,17,0
103,102956,18,0
103,102930,19,0
103,102910,20,0
103,102892,21,0
103,102883,22,0
103,102869,23,0
103,102861,24,1
104,102861,1,0
104,102868,2,0
104,102881,3,0
104,102896,4,0
104,102928,5,0
104,140052,6,0
104,102952,7,0
104,102961,8,0
104,102976,9,0
104,102982,10,0
104,102997,11,0
104,103020,12,0
104,103028,13,0
104,102999,14,0
104,103025,15,0
104,103062,16,0
104,103093,17,0
104,103119,18,0
104,103139,19,0
104,103152,20,0
104,103185,21,0
104,103342,22,0
104,103801,23,0
104,103023,24,1
200,102932,1,0
200,102934,2,0
200,102935,3,0
200,102922,4,0
200,102913,5,0
200,102895,6,0
200,102885,7,0
200,102879,8,0
200,102875,9,0
200,102859,10,1
201,102859,1,0
201,102865,2,0
201,102870,3,0
201,102878,4,0
201,102888,5,0
201,102901,6,0
201,102911,7,0
201,102919,8,0
201,102924,9,0
201,102932,10,1
300,103041,1,0
300,103051,2,0
300,103090,3,0
300,103098,4,0
300,103053,5,0
300,103082,6,0
300,103095,7,0
300,103117,8,0
300,103128,9,0
300,103148,10,0
300,103168,11,0
300,103166,12,0
300,103145,13,0
300,103118,14,0
300,103096,15,0
300,103101,16,0
300,103092,17,0
300,103079,18,1
301,103079,1,0
301,103076,2,0
301,103102,3,0
301,103099,4,0
301,103123,5,0
301,103147,6,0
301,103172,7,0
301,103170,8,0
301,103143,9,0
301,103129,10,0
301,103111,11,0
301,103089,12,0
301,103083,13,0
301,103052,14,0
301,103041,15,1
403,103016,1,0
403,102997,2,0
403,103457,3,0
403,103059,4,0
403,103088,5,0
403,103507,6,0
403,103127,7,0
403,103155,8,0
403,103213,9,0
403,140156,10,0
403,103374,11,0
403,140140,12,0
403,140142,13,0
403,140144,14,0
403,140146,15,0
403,140138,16,0
403,140100,17,1
404,140099,1,0
404,140147,2,0
404,140145,3,0
404,140143,4,0
404,140141,5,0
404,103362,6,0
404,140157,7,0
404,103215,8,0
404,103141,9,0
404,103126,10,0
404,103512,11,0
404,103084,12,0
404,103054,13,0
404,103030,14,0
404,103040,15,0
404,103016,16,1
503,103023,1,0
503,140028,2,0
503,140029,3,0
503,140030,4,0
503,140031,5,0
503,140032,6,0
503,140033,7,0
503,140034,8,0
503,140035,9,0
503,140036,10,0
503,140037,11,0
503,140038,12,0
503,140039,13,0
503,140040,14,0
503,140041,15,0
503,140042,16,0
503,140057,17,0
503,102860,18,1
504,102860,1,0
504,140044,2,0
504,140018,3,0
504,140019,4,0
504,140020,5,0
504,140021,6,0
504,140022,7,0
504,140023,8,0
504,102939,9,0
504,102958,10,0
504,102978,11,0
504,103006,12,0
504,140024,13,0
504,140025,14,0
504,140026,15,0
504,140027,16,0
504,140012,17,0
504,103023,18,1
600,140099,1,0
600,140139,2,0
600,140163,3,0
600,140137,4,0
600,140135,5,0
600,140133,6,0
600,103104,7,0
600,103154,8,0
600,103131,9,0
600,103103,10,0
600,103080,11,0
600,103048,12,0
600,103005,13,0
600,102987,14,0
600,102968,15,0
600,102965,16,0
600,102959,17,0
600,103031,18,0
600,140050,19,0
600,102905,20,0
600,102903,21,0
600,102894,22,0
600,102879,23,0
600,102867,24,0
600,102856,25,1
601,102856,1,0
601,102866,2,0
601,102880,3,0
601,102898,4,0
601,102908,5,0
601,140051,6,0
601,103029,7,0
601,102960,8,0
601,102966,9,0
601,102977,10,0
601,102988,11,0
601,103010,12,0
601,103041,13,0
601,103051,14,0
601,103087,15,0
601,103107,16,0
601,103136,17,0
601,103159,18,0
601,140131,19,0
601,140132,20,0
601,140134,21,0
601,140136,22,0
601,140162,23,0
601,140138,24,0
601,140100,25,1
803,103030,1,0
803,102995,2,0
803,102984,3,0
803,140053,4,0
803,102956,5,0
803,102930,6,0
803,140047,7,0
803,140043,8,0
803,102929,9,0
803,102941,10,0
803,102954,11,0
803,102979,12,0
803,102990,13,0
803,103004,14,0
803,103033,15,0
803,103056,16,0
803,103075,17,0
803,103121,18,0
803,103144,19,0
803,103169,20,0
803,103186,21,0
803,103204,22,0
803,103222,23,0
803,103245,24,0
803,103264,25,0
803,103278,26,0
803,103296,27,0
803,103312,28,0
803,140152,29,0
803,140150,30,0
803,103373,31,0
803,103376,32,0
803,103384,33,0
803,102863,34,0
803,102998,35,0
803,140112,36,0
803,140109,37,0
803,140108,38,0
803,140106,39,0
803,140101,40,1
804,140101,1,0
804,140105,2,0
804,140107,3,0
804,140110,4,0
804,140111,5,0
804,103392,6,0
804,103385,7,0
804,103382,8,0
804,103380,9,0
804,103377,10,0
804,103370,11,0
804,103365,12,0
804,140148,13,0
804,103321,14,0
804,103297,15,0
804,103274,16,0
804,103260,17,0
804,103240,18,0
804,103221,19,0
804,103201,20,0
804,103184,21,0
804,103171,22,0
804,103142,23,0
804,103125,24,0
804,103108,25,0
804,103097,26,0
804,103069,27,0
804,103057,28,0
804,103014,29,0
804,102996,30,0
804,102986,31,0
804,102973,32,0
804,102950,33,0
804,140048,34,0
804,140045,35,0
804,140046,36,0
804,102914,37,0
804,102928,38,0
804,102952,39,0
804,102961,40,0
804,102976,41,0
804,102982,42,0
804,102997,43,0
804,103020,44,0
804,103030,45,1
901,102859,1,0
901,102875,2,0
901,102884,3,0
901,102891,4,0
901,102893,5,0
901,102907,6,0
901,102916,7,0
901,102925,8,0
901,102937,9,0
901,102951,10,0
901,102971,11,0
901,102962,12,0
901,102994,13,0
901,103011,14,0
901,103018,15,0
901,103033,16,0
901,103056,17,0
901,103069,18,1
902,103069,1,0
902,103057,2,0
902,103024,3,0
902,103012,4,0
902,102993,5,0
902,102963,6,0
902,102969,7,0
902,102948,8,0
902,102942,9,0
902,102926,10,0
902,102918,11,0
902,102909,12,0
902,102900,13,0
902,102890,14,0
902,102882,15,0
902,102874,16,0
902,102859,17,1
1001,102854,1,0
1001,102877,2,0
1001,102893,3,0
1001,102902,4,0
1001,102915,5,0
1001,102923,6,0
1001,102936,7,0
1001,140056,8,0
1001,102974,9,0
1001,102728,10,0
1001,103009,11,0
1001,103036,12,0
1001,103050,13,0
1001,103058,14,0
1001,103073,15,0
1001,103076,16,0
1001,103105,17,0
1001,103122,18,0
1001,103127,19,0
1001,103155,20,0
1001,103002,21,0
1001,103222,22,0
1001,103245,23,0
1001,103264,24,0
1001,103278,25,0
1001,103296,26,0
1001,103312,27,0
1001,140152,28,0
1001,140151,29,0
1001,140164,30,0
1001,103373,31,0
1001,103376,32,0
1001,103354,33,0
1001,103344,34,0
1001,103322,35,0
1001,103287,36,0
1001,103288,37,0
1001,103292,38,0
1001,103430,39,0
1001,103416,40,0
1001,103396,41,0
1001,103283,42,0
1001,103081,43,0
1001,103300,44,0
1001,103327,45,1
1002,103327,1,0
1002,103343,2,0
1002,103360,3,0
1002,103387,4,0
1002,103392,5,0
1002,103385,6,0
1002,103382,7,0
1002,103380,8,0
1002,103377,9,0
1002,103370,10,0
1002,103365,11,0
1002,140149,12,0
1002,103321,13,0
1002,103297,14,0
1002,103274,15,0
1002,103260,16,0
1002,103240,17,0
1002,103221,18,0
1002,103165,19,0
1002,103141,20,0
1002,103126,21,0
1002,103092,22,0
1002,103070,23,0
1002,103060,24,0
1002,103046,25,0
1002,103015,26,0
1002,102991,27,0
1002,102975,28,0
1002,102964,29,0
1002,102953,30,0
1002,102933,31,0
1002,102921,32,0
1002,102909,33,0
1002,102900,34,0
1002,102889,35,0
1002,102874,36,0
1002,102854,37,1
1101,102855,1,0
1101,102875,2,0
1101,102886,3,0
1101,102899,4,0
1101,102912,5,0
1101,102920,6,0
1101,102931,7,0
1101,102938,8,0
1101,102945,9,0
1101,102957,10,0
1101,102970,11,0
1101,102979,12,0
1101,102990,13,0
1101,103004,14,0
1101,103033,15,0
1101,103056,16,0
1101,103077,17,0
1101,103086,18,0
1101,103138,19,0
1101,103158,20,0
1101,103189,21,0
1101,103205,22,0
1101,103235,23,0
1101,103250,24,0
1101,103252,25,0
1101,103277,26,0
1101,103289,27,0
1101,103303,28,0
1101,103307,29,0
1101,103309,30,0
1101,103313,31,0
1101,103334,32,0
1101,103357,33,0
1101,103367,34,0
1101,103372,35,0
1101,103383,36,0
1101,103405,37,0
1101,103411,38,0
1101,103412,39,0
1101,103410,40,0
1101,103421,41,0
1101,103428,42,0
1101,103426,43,0
1101,103429,44,0
1101,103430,45,0
1101,103378,46,1
1102,103430,1,0
1102,103416,2,0
1102,103396,3,0
1102,103382,4,0
1102,103380,5,0
1102,103377,6,0
1102,103370,7,0
1102,103365,8,0
1102,103363,9,0
1102,103361,10,0
1102,103364,11,0
1102,103369,12,0
1102,103366,13,0
1102,103346,14,0
1102,103331,15,0
1102,103310,16,0
1102,103308,17,0
1102,103304,18,0
1102,103291,19,0
1102,103271,20,0
1102,103253,21,0
1102,103246,22,0
1102,103227,23,0
1102,103202,24,0
1102,103190,25,0
1102,103156,26,0
1102,103130,27,0
1102,103097,28,0
1102,103071,29,0
1102,103057,30,0
1102,103014,31,0
1102,102996,32,0
1102,102986,33,0
1102,102972,34,0
1102,102955,35,0
1102,102944,36,0
1102,102927,37,0
1102,102917,38,0
1102,102906,39,0
1102,102897,40,0
1102,102887,41,0
1102,102874,42,0
1102,102855,43,1
1201,103016,1,0
1201,102997,2,0
1201,103020,3,0
1201,103457,4,0
1201,103038,5,0
1201,103045,6,0
1201,103059,7,0
1201,103088,8,0
1201,103072,9,0
1201,140055,10,0
1201,103114,11,0
1201,103149,12,0
1201,103232,13,0
1201,103285,14,0
1201,103324,15,0
1201,103348,16,0
1201,103406,17,0
1201,103420,18,0
1201,103436,19,0
1201,103458,20,0
1201,103489,21,1
1202,103489,1,0
1202,103461,2,0
1202,103433,3,0
1202,103419,4,0
1202,103399,5,0
1202,103349,6,0
1202,103323,7,0
1202,103286,8,0
1202,103231,9,0
1202,103146,10,0
1202,103116,11,0
1202,103084,12,0
1202,103054,13,0
1202,103042,14,0
1202,103030,15,0
1202,103040,16,0
1202,103039,17,0
1202,103016,18,0
1202,103072,19,1
1300,140104,1,0
1300,140159,2,0
1300,103846,3,0
1300,104916,4,0
1300,103848,5,0
1300,103849,6,0
1300,103853,7,0
1300,103858,8,1
1301,103858,1,0
1301,103852,2,0
1301,103845,3,0
1301,103851,4,0
1301,140115,5,0
1301,103847,6,0
1301,140160,7,0
1301,140104,8,1
1403,103557,1,0
1403,103554,2,0
1403,103153,3,0
1403,103526,4,0
1403,103521,5,0
1403,103501,6,0
1403,103448,7,0
1403,103477,8,0
1403,103482,9,0
1403,103192,10,0
1403,103193,11,1
1404,103193,1,0
1404,103326,2,0
1404,103335,3,0
1404,103375,4,0
1404,103370,5,0
1404,103365,6,0
1404,103378,7,0
1404,103414,8,0
1404,103446,9,0
1404,103490,10,0
1404,103531,11,0
1404,103515,12,0
1404,103524,13,0
1404,103539,14,0
1404,103550,15,0
1404,103198,16,0
1404,103538,17,0
1404,103557,18,1
1500,103021,1,0
1500,103257,2,0
1500,103817,3,0
1500,103305,4,0
1500,103316,5,0
1500,103298,6,0
1500,103295,7,0
1500,103368,8,0
1500,103401,9,1
1501,103401,1,0
1501,103423,2,0
1501,103441,3,0
1501,103444,4,0
1501,103464,5,0
1501,103470,6,0
1501,103440,7,0
1501,103424,8,0
1501,104914,9,0
1501,103294,10,0
1501,103293,11,0
1501,103818,12,0
1501,103816,13,0
1501,103815,14,0
1501,103021,15,1
1600,103022,1,0
1600,103800,2,0
1600,103802,3,0
1600,103803,4,0
1600,103804,5,0
1600,103319,6,0
1600,103340,7,0
1600,103355,8,0
1600,103432,9,0
1600,103445,10,0
1600,103806,11,0
1600,103808,12,0
1600,103810,13,0
1600,103811,14,0
1600,103520,15,0
1600,103523,16,0
1600,103533,17,0
1600,103540,18,0
1600,103562,19,0
1600,103814,20,1
1601,103562,1,0
1601,103814,2,0
1601,103813,3,0
1601,103812,4,0
1601,103522,5,0
1601,103809,6,0
1601,103807,7,0
1601,103805,8,0
1601,103347,9,0
1601,103337,10,0
1601,103317,11,0
1601,103290,12,0
1601,103272,13,0
1601,103248,14,0
1601,103801,15,0
1601,103022,16,1
1700,103022,1,0
1700,103257,2,0
1700,103817,3,0
1700,103305,4,0
1700,103325,5,0
1700,103821,6,0
1700,103825,7,0
1700,103826,8,0
1700,103827,9,0
1700,103829,10,0
1700,103176,11,0
1700,103177,12,0
1700,103187,13,0
1700,103191,14,1
1701,103191,1,0
1701,103451,2,0
1701,103833,3,0
1701,140161,4,0
1701,103439,5,0
1701,103828,6,0
1701,103408,7,0
1701,103824,8,0
1701,103820,9,0
1701,103818,10,0
1701,103816,11,0
1701,103815,12,0
1701,103022,13,1
1803,102856,1,0
1803,102866,2,0
1803,102880,3,0
1803,102898,4,0
1803,102908,5,0
1803,140051,6,0
1803,103029,7,0
1803,102960,8,0
1803,102966,9,0
1803,102977,10,0
1803,102988,11,0
1803,103010,12,0
1803,103041,13,0
1803,103051,14,0
1803,103087,15,0
1803,103107,16,0
1803,103136,17,0
1803,103159,18,0
1803,103132,19,0
1803,103206,20,0
1803,103226,21,0
1803,103236,22,0
1803,140133,23,1
1804,140133,1,0
1804,103104,2,0
1804,103154,3,0
1804,103131,4,0
1804,103103,5,0
1804,103080,6,0
1804,103048,7,0
1804,103005,8,0
1804,102987,9,0
1804,102968,10,0
1804,102965,11,0
1804,102959,12,0
1804,103031,13,0
1804,140050,14,0
1804,102905,15,0
1804,102903,16,0
1804,102894,17,0
1804,102879,18,0
1804,102867,19,0
1804,102857,20,1
1903,103079,1,0
1903,103060,2,0
1903,103046,3,0
1903,103015,4,0
1903,103003,5,0
1903,103008,6,0
1903,103026,7,0
1903,103041,8,0
1903,103051,9,0
1903,103087,10,0
1903,103107,11,0
1903,103140,12,0
1903,103203,13,0
1903,103224,14,0
1903,103243,15,0
1903,140133,16,1
1904,140133,1,0
1904,103104,2,0
1904,103154,3,0
1904,103131,4,0
1904,103103,5,0
1904,103080,6,0
1904,103048,7,0
1904,103035,8,0
1904,103013,9,0
1904,103007,10,0
1904,103000,11,0
1904,102728,12,0
1904,103009,13,0
1904,103036,14,0
1904,103050,15,0
1904,103058,16,0
1904,103079,17,1
2001,140005,1,0
2001,103596,2,0
2001,103581,3,0
2001,103580,4,0
2001,103586,5,0
2001,103065,6,0
2001,103529,7,0
2001,103519,8,0
2001,103500,9,0
2001,103492,10,0
2001,103484,11,0
2001,103467,12,0
2001,103452,13,0
2001,103418,14,0
2001,103351,15,0
2001,103302,16,0
2001,103266,17,0
2001,103239,18,0
2001,103217,19,0
2001,103195,20,0
2001,103181,21,0
2001,103160,22,0
2001,103135,23,0
2001,103164,24,0
2001,103183,25,0
2001,140065,26,0
2001,103220,27,0
2001,103234,28,0
2001,103249,29,0
2001,140009,30,1
2002,140009,1,0
2002,103299,2,0
2002,103282,3,0
2002,103261,4,0
2002,103254,5,0
2002,103233,6,0
2002,103219,7,0
2002,140066,8,0
2002,103180,9,0
2002,103163,10,0
2002,103134,11,0
2002,103167,12,0
2002,103182,13,0
2002,103197,14,0
2002,103216,15,0
2002,103244,16,0
2002,103268,17,0
2002,103306,18,0
2002,103359,19,0
2002,103417,20,0
2002,103460,21,0
2002,103474,22,0
2002,103486,23,0
2002,103491,24,0
2002,103510,25,0
2002,103518,26,0
2002,103532,27,0
2002,103553,28,0
2002,103566,29,0
2002,103590,30,0
2002,103587,31,0
2002,103582,32,0
2002,103579,33,0
2002,103597,34,0
2002,140005,35,1
2100,140006,1,0
2100,103608,2,0
2100,103621,3,0
2100,103632,4,0
2100,103630,5,0
2100,103627,6,0
2100,103623,7,0
2100,103617,8,0
2100,103616,9,0
2100,103614,10,0
2100,103615,11,0
2100,103618,12,0
2100,103622,13,0
2100,103624,14,0
2100,103629,15,0
2100,103626,16,0
2100,103625,17,0
2100,103628,18,0
2100,103634,19,0
2100,103640,20,0
2100,103642,21,0
2100,103633,22,0
2100,103631,23,0
2100,103636,24,0
2100,103638,25,0
2100,103641,26,1
2101,103641,1,0
2101,103646,2,0
2101,103648,3,0
2101,103644,4,0
2101,103647,5,0
2101,103649,6,0
2101,103645,7,0
2101,103639,8,0
2101,103637,9,0
2101,103635,10,0
2101,103643,11,0
2101,140006,12,1
2203,103844,1,0
2203,103723,2,0
2203,103722,3,0
2203,103720,4,0
2203,103718,5,0
2203,103715,6,0
2203,103713,7,0
2203,103711,8,0
2203,103709,9,0
2203,103707,10,0
2203,103706,11,0
2203,103703,12,0
2203,103700,13,0
2203,103699,14,0
2203,103696,15,0
2203,103695,16,0
2203,103692,17,0
2203,104912,18,0
2203,103690,19,0
2203,103686,20,0
2203,103675,21,0
2203,103671,22,0
2203,103667,23,0
2203,140006,24,1
2204,140006,1,0
2204,103665,2,0
2204,103669,3,0
2204,103672,4,0
2204,103682,5,0
2204,103686,6,0
2204,103689,7,0
2204,103691,8,0
2204,103693,9,0
2204,103694,10,0
2204,103697,11,0
2204,103698,12,0
2204,103701,13,0
2204,103702,14,0
2204,103704,15,0
2204,103705,16,0
2204,103708,17,0
2204,103710,18,0
2204,103712,19,0
2204,103714,20,0
2204,103716,21,0
2204,103717,22,0
2204,103719,23,0
2204,103721,24,0
2204,103844,25,1
2303,140103,1,0
2303,103846,2,0
2303,104916,3,0
2303,103680,4,0
2303,103569,5,0
2303,103604,6,0
2303,103610,7,0
2303,140105,8,0
2303,140107,9,0
2303,103425,10,0
2303,103480,11,0
2303,103506,12,0
2303,103548,13,0
2303,103561,14,0
2303,103576,15,0
2303,103600,16,0
2303,104913,17,0
2303,103620,18,0
2303,103611,19,0
2303,103650,20,0
2303,103653,21,0
2303,103654,22,0
2303,103658,23,0
2303,103472,24,0
2303,103661,25,0
2303,103663,26,0
2303,103664,27,0
2303,103666,28,0
2303,103673,29,0
2303,103676,30,0
2303,103678,31,0
2303,103684,32,0
2303,103683,33,0
2303,103681,34,0
2303,140001,35,0
2303,103679,36,0
2303,103685,37,0
2303,103688,38,0
2303,103677,39,0
2303,103674,40,0
2303,103670,41,0
2303,103668,42,0
2303,103662,43,0
2303,103659,44,0
2303,103660,45,1
2304,103660,1,0
2304,103657,2,0
2304,103655,3,0
2304,103652,4,0
2304,103609,5,0
2304,103607,6,0
2304,103574,7,0
2304,103656,8,0
2304,104915,9,0
2304,103847,10,0
2304,140098,11,0
2304,103619,12,0
2304,103613,13,0
2304,103599,14,0
2304,103577,15,0
2304,103564,16,0
2304,103547,17,0
2304,103503,18,0
2304,103478,19,0
2304,140109,20,0
2304,140108,21,0
2304,140106,22,0
2304,140103,23,1
2401,140005,1,0
2401,103595,2,0
2401,103584,3,0
2401,103563,4,0
2401,103551,5,0
2401,103541,6,0
2401,103516,7,0
2401,103493,8,0
2401,140170,9,0
2401,140193,10,0
2401,103475,11,0
2401,140194,12,0
2401,140195,13,0
2401,140177,14,0
2401,140179,15,0
2401,140168,16,0
2401,103379,17,0
2401,103329,18,0
2401,103311,19,0
2401,140010,20,1
2402,140010,1,0
2402,103265,2,0
2402,103279,3,0
2402,103301,4,0
2402,103328,5,0
2402,103381,6,0
2402,140209,7,0
2402,140199,8,0
2402,140200,9,0
2402,140198,10,0
2402,140208,11,0
2402,140207,12,0
2402,103471,13,0
2402,103469,14,0
2402,103481,15,0
2402,103495,16,0
2402,103513,17,0
2402,103542,18,0
2402,103552,19,0
2402,103556,20,0
2402,103565,21,0
2402,103575,22,0
2402,103593,23,0
2402,103597,24,0
2402,103601,25,0
2402,140005,26,1
2501,140005,1,0
2501,103595,2,0
2501,103584,3,0
2501,103537,4,0
2501,140067,5,0
2501,140068,6,0
2501,103527,7,0
2501,103508,8,0
2501,103483,9,0
2501,140117,10,0
2501,103463,11,0
2501,103447,12,0
2501,140095,13,0
2501,103422,14,0
2501,103403,15,0
2501,103388,16,0
2501,103379,17,0
2501,103329,18,0
2501,140010,19,1
2502,140010,1,0
2502,103265,2,0
2502,103279,3,0
2502,103301,4,0
2502,103328,5,0
2502,103381,6,0
2502,103389,7,0
2502,103407,8,0
2502,103427,9,0
2502,140094,10,0
2502,103450,11,0
2502,103465,12,0
2502,140116,13,0
2502,103485,14,0
2502,103509,15,0
2502,103525,16,0
2502,103497,17,0
2502,103511,18,0
2502,103535,19,0
2502,103565,20,0
2502,103575,21,0
2502,103593,22,0
2502,103597,23,0
2502,140005,24,1
2601,140005,1,0
2601,103595,2,0
2601,103584,3,0
2601,103563,4,0
2601,103551,5,0
2601,103541,6,0
2601,103528,7,0
2601,103502,8,0
2601,103473,9,0
2601,103459,10,0
2601,103434,11,0
2601,103393,12,0
2601,103379,13,0
2601,103329,14,0
2601,103311,15,0
2601,140011,16,1
2602,140010,1,0
2602,103265,2,0
2602,103279,3,0
2602,103301,4,0
2602,103328,5,0
2602,103381,6,0
2602,103395,7,0
2602,103435,8,0
2602,103462,9,0
2602,104911,10,0
2602,103505,11,0
2602,103542,12,0
2602,103552,13,0
2602,103556,14,0
2602,103565,15,0
2602,103575,16,0
2602,103593,17,0
2602,103597,18,0
2602,103601,19,0
2602,140005,20,1
2801,140005,1,0
2801,103601,2,0
2801,140176,3,0
2801,140174,4,0
2801,140172,5,0
2801,140175,6,0
2801,140173,7,0
2801,140196,8,0
2801,140197,9,0
2801,140167,10,0
2801,140192,11,0
2801,140178,12,0
2801,140171,13,0
2801,140183,14,0
2801,140166,15,0
2801,140187,16,0
2801,140189,17,0
2801,140188,18,0
2801,140190,19,0
2801,140184,20,0
2801,140185,21,0
2801,140186,22,0
2801,140169,23,0
2801,140201,24,0
2801,103311,25,0
2801,140165,26,1
2802,140165,1,0
2802,103265,2,0
2802,103279,3,0
2802,103301,4,0
2802,140180,5,0
2802,140210,6,0
2802,140211,7,0
2802,104212,8,0
2802,140191,9,0
2802,140205,10,0
2802,140204,11,0
2802,140206,12,0
2802,140058,13,0
2802,140059,14,0
2802,140060,15,0
2802,140061,16,0
2802,140062,17,0
2802,140063,18,0
2802,140064,19,0
2802,103589,20,0
2802,103573,21,0
2802,103585,22,0
2802,103594,23,0
2802,103598,24,0
2802,103602,25,0
2802,140005,26,1
2900,140011,1,0
2900,103262,2,0
2900,103258,3,0
2900,103251,4,0
2900,103230,5,0
2900,140069,6,0
2900,103173,7,0
2900,103178,8,0
2900,103161,9,0
2900,140153,10,0
2900,103115,11,0
2900,103110,12,0
2900,103094,13,0
2900,140154,14,0
2900,103066,15,0
2900,140155,16,0
2900,103063,17,0
2900,103043,18,1
2901,103043,1,0
2901,103047,2,0
2901,103027,3,0
2901,140013,4,0
2901,103078,5,0
2901,103162,6,0
2901,103183,7,0
2901,140065,8,0
2901,103220,9,0
2901,103234,10,0
2901,103249,11,0
2901,103265,12,0
2901,103279,13,0
2901,103301,14,0
2901,140011,15,1
3200,140081,1,0
3200,140082,2,0
3200,140083,3,0
3200,140084,4,0
3200,140085,5,0
3200,140086,6,0
3200,140087,7,0
3200,140088,8,0
3200,140089,9,0
3200,140054,10,0
3200,140079,11,0
3200,140078,12,0
3200,140077,13,0
3200,140093,14,0
3200,140014,15,0
3200,140015,16,0
3200,140016,17,0
3200,140017,18,0
3200,103658,19,0
3200,103472,20,1
3201,103472,1,0
3201,103661,2,0
3201,140092,3,0
3201,140091,4,0
3201,140090,5,0
3201,140001,6,0
3201,103679,7,0
3201,103685,8,0
3201,140096,9,0
3201,140080,10,0
3201,140081,11,1
8801,103054,1,0
8801,103042,2,0
8801,103030,3,0
8801,102861,4,0
8801,103078,5,0
8801,103162,6,0
8801,103183,7,0
8801,140065,8,0
8801,140008,9,1
9701,140004,1,0
9701,140071,2,0
9701,140007,3,0
9701,140073,4,0
9701,103745,5,0
9701,102853,6,0
9701,140049,7,0
9701,140003,8,0
9701,102985,9,0
9701,103067,10,0
9701,103174,11,0
9701,103263,12,0
9701,140114,13,0
9701,140102,14,1
9702,140102,1,0
9702,140113,2,0
9702,103256,3,0
9702,103049,4,0
9702,103061,5,0
9702,102989,6,0
9702,140002,7,0
9702,140000,8,0
9702,102862,9,0
9702,103744,10,0
9702,140074,11,0
9702,140008,12,0
9702,140072,13,0
9702,140004,14,1
