'569',1100,82600,4,'',0,19300,4,'',0,10000,4,'',0,10000,4,'',0,10000,4,'',0,10000,4,'',0,10000,4,'',0,10000,4,'',0,10000,4,'',0,10500,4,'',0,9400,4,'',0,10000,4,'',0,10000,4,'',0
'569',1101,73900,0,'Black Mtn',0,16600,,'',0,10000,,'',0,10000,,'',0,10000,,'',0,10000,,'',0,10000,,'',0,10000,,'',0,10000,,'',0,10000,,'',0,10000,,'',0,10000,,'',0,10000,,'',0,12000,,'',0,11500,,'',0
'570',1100,81300,4,'',0,4000,4,'',0,6100,4,'',0,3000,4,'',0,7100,4,'',0,3000,4,'',0,7000,4,'',0,3000,4,'',0,7000,4,'',0,3000,4,'',0,7000,4,'',0,3000,4,'',0,7000,4,'',0,3000,4,'',0,7000,4,'',0,3000,4,'',0,7000,4,'',0,3000,4,'',0,7000,4,'',0,3000,4,'',0,6900,4,'',0,2900,4,'',0,7000,4,'',0,11500,4,'',0,10500,4,'',0,10000,4,'',0,10000,4,'',0
'570',1101,80000,,'',0,3000,,'',0,7000,,'',0,3000,,'',0,7000,,'',0,3000,,'',0,7000,,'',0,3000,,'',0,7000,,'',0,3000,,'',0,7000,,'',0,3000,,'',0,7000,,'',0,3000,,'',0,7000,,'',0,3000,,'',0,7000,,'',0,3000,,'',0,7000,,'',0,3000,,'',0,7000,,'',0,11500,,'',0,10500,,'',0,10000,,'',0,10000,,'',0,11000,,'',0,10000,,'',0
'571',1100,70800,4,'',0,4900,4,'',0,7400,4,'',0,1500,4,'',0,5500,4,'',0,3100,4,'',0,7000,4,'',0,3000,4,'',0,7000,4,'',0,3000,4,'',0,7100,4,'',0,3000,4,'',0,7100,4,'',0,3100,4,'',0,7000,4,'',0,3000,4,'',0,7000,4,'',0,3200,4,'',0,6800,4,'',0,2900,4,'',0,6900,4,'',0,1500,4,'',0,1500,4,'',0,6900,4,'',0,2800,4,'',0,2800,4,'',0,7000,4,'',0,3000,4,'',0,7000,4,'',0,8000,4,'',0,3000,4,'',0,10000,4,'',0,12000,4,'',0
'571',1101,64500,,'',0,7000,,'',0,1500,,'',0,1500,,'',0,7000,,'',0,3000,,'',0,7000,,'',0,3000,,'',0,7000,,'',0,3000,,'',0,7000,,'',0,3000,,'',0,7000,,'',0,3000,,'',0,7000,,'',0,3000,,'',0,7000,,'',0,3000,,'',0,7000,,'',0,3000,,'',0,5500,,'',0,1500,,'',0,3000,,'',0,7000,,'',0,3000,,'',0,7000,,'',0,3000,,'',0,7000,,'',0,4000,,'',0,7000,,'',0,10000,,'',0,12000,,'',0
'572',1100,70800,4,'',0,4900,4,'',0,7400,4,'',0,1500,4,'',0,5500,4,'',0,3100,4,'',0,7000,4,'',0,3000,4,'',0,7000,4,'',0,3000,4,'',0,7100,4,'',0,3000,4,'',0,7100,4,'',0,3100,4,'',0,7000,4,'',0,3000,4,'',0,7000,4,'',0,3200,4,'',0,6800,4,'',0,2900,4,'',0,6900,4,'',0,1500,4,'',0,1500,4,'',0,6900,4,'',0,2800,4,'',0,2800,4,'',0,7000,4,'',0,3000,4,'',0,7000,4,'',0,8000,4,'',0,3000,4,'',0,10000,4,'',0,12000,4,'',0
'572',1101,64500,,'',0,7000,,'',0,1500,,'',0,1500,,'',0,7000,,'',0,3000,,'',0,7000,,'',0,3000,,'',0,7000,,'',0,3000,,'',0,7000,,'',0,3000,,'',0,7000,,'',0,3000,,'',0,7000,,'',0,3000,,'',0,7000,,'',0,3000,,'',0,7000,,'',0,3000,,'',0,5500,,'',0,1500,,'',0,3000,,'',0,7000,,'',0,3000,,'',0,7000,,'',0,3000,,'',0,7000,,'',0,4000,,'',0,7000,,'',0,10000,,'',0,12000,,'',0
'573',1100,70800,4,'',0,4900,4,'',0,7400,4,'',0,1500,4,'',0,5500,4,'',0,3100,4,'',0,7000,4,'',0,3000,4,'',0,7000,4,'',0,3000,4,'',0,7100,4,'',0,3000,4,'',0,7100,4,'',0,3100,4,'',0,7000,4,'',0,3000,4,'',0,7000,4,'',0,3200,4,'',0,6800,4,'',0,2900,4,'',0,6900,4,'',0,1500,4,'',0,1500,4,'',0,6900,4,'',0,2800,4,'',0,2800,4,'',0,7000,4,'',0,3000,4,'',0,7000,4,'',0,8000,4,'',0,3000,4,'',0,10000,4,'',0,12000,4,'',0
'573',1101,64500,,'',0,7000,,'',0,1500,,'',0,1500,,'',0,7000,,'',0,3000,,'',0,7000,,'',0,3000,,'',0,7000,,'',0,3000,,'',0,7000,,'',0,3000,,'',0,7000,,'',0,3000,,'',0,7000,,'',0,3000,,'',0,7000,,'',0,3000,,'',0,7000,,'',0,3000,,'',0,5500,,'',0,1500,,'',0,3000,,'',0,7000,,'',0,3000,,'',0,7000,,'',0,3000,,'',0,7000,,'',0,4000,,'',0,7000,,'',0,10000,,'',0,12000,,'',0
'574',1100,70800,4,'',0,4900,4,'',0,7400,4,'',0,1500,4,'',0,5500,4,'',0,3100,4,'',0,7000,4,'',0,3000,4,'',0,7000,4,'',0,3000,4,'',0,7100,4,'',0,3000,4,'',0,7100,4,'',0,3100,4,'',0,7000,4,'',0,3000,4,'',0,7000,4,'',0,3200,4,'',0,6800,4,'',0,2900,4,'',0,6900,4,'',0,1500,4,'',0,1500,4,'',0,6900,4,'',0,2800,4,'',0,2800,4,'',0,7000,4,'',0,3000,4,'',0,7000,4,'',0,8000,4,'',0,3000,4,'',0,10000,4,'',0,12000,4,'',0
'574',1101,64500,,'',0,7000,,'',0,1500,,'',0,1500,,'',0,7000,,'',0,3000,,'',0,7000,,'',0,3000,,'',0,7000,,'',0,3000,,'',0,7000,,'',0,3000,,'',0,7000,,'',0,3000,,'',0,7000,,'',0,3000,,'',0,7000,,'',0,3000,,'',0,7000,,'',0,3000,,'',0,5500,,'',0,1500,,'',0,3000,,'',0,7000,,'',0,3000,,'',0,7000,,'',0,3000,,'',0,7000,,'',0,4000,,'',0,7000,,'',0,10000,,'',0,12000,,'',0
'575',1100,70800,4,'',0,4900,4,'',0,7400,4,'',0,1500,4,'',0,5500,4,'',0,3100,4,'',0,7000,4,'',0,3000,4,'',0,7000,4,'',0,3000,4,'',0,7100,4,'',0,3000,4,'',0,7100,4,'',0,3100,4,'',0,7000,4,'',0,3000,4,'',0,7000,4,'',0,3200,4,'',0,6800,4,'',0,2900,4,'',0,6900,4,'',0,1500,4,'',0,1500,4,'',0,6900,4,'',0,2800,4,'',0,2800,4,'',0,7000,4,'',0,3000,4,'',0,7000,4,'',0,8000,4,'',0,3000,4,'',0,10000,4,'',0,12000,4,'',0
'575',1101,64500,,'',0,7000,,'',0,1500,,'',0,1500,,'',0,7000,,'',0,3000,,'',0,7000,,'',0,3000,,'',0,7000,,'',0,3000,,'',0,7000,,'',0,3000,,'',0,7000,,'',0,3000,,'',0,7000,,'',0,3000,,'',0,7000,,'',0,3000,,'',0,7000,,'',0,3000,,'',0,5500,,'',0,1500,,'',0,3000,,'',0,7000,,'',0,3000,,'',0,7000,,'',0,3000,,'',0,7000,,'',0,4000,,'',0,7000,,'',0,10000,,'',0,12000,,'',0
