'569',1000,82600,4,'',0,12300,4,'',0,10000,4,'',0,10000,4,'',0,10000,4,'',0,10000,4,'',0,10000,4,'',0,10000,4,'',0,10000,4,'',0,10000,4,'',0,9700,4,'',0,9900,4,'',0,10000,4,'',0,17000,4,'',0
'569',1001,83500,,'',0,10000,,'',0,10000,,'',0,10000,,'',0,10000,,'',0,10000,,'',0,10000,,'',0,10000,,'',0,10000,,'',0,10000,,'',0,10000,,'',0,10000,,'',0,17000,,'',0,10000,,'',0
'570',1000,82600,4,'',0,3100,4,'',0,7000,4,'',0,3000,4,'',0,7100,4,'',0,3000,4,'',0,7000,4,'',0,3000,4,'',0,7000,4,'',0,3000,4,'',0,7000,4,'',0,3000,4,'',0,7000,4,'',0,3000,4,'',0,7000,4,'',0,3000,4,'',0,6900,4,'',0,3000,4,'',0,7000,4,'',0,3000,4,'',0,7000,4,'',0,2900,4,'',0,7600,4,'',0,6900,4,'',0,5800,4,'',0,9900,4,'',0,9800,4,'',0,10000,4,'',0
'570',1001,80800,,'',0,3000,,'',0,6900,,'',0,3000,,'',0,7000,,'',0,3000,,'',0,7000,,'',0,3000,,'',0,7000,,'',0,3000,,'',0,7000,,'',0,3000,,'',0,7000,,'',0,3000,,'',0,7000,,'',0,3000,,'',0,7000,,'',0,3000,,'',0,7000,,'',0,3000,,'',0,7800,,'',0,3000,,'',0,10000,,'',0,10000,,'',0,10000,,'',0,10000,,'',0,10000,,'',0
'571',1000,62400,4,'',0,3200,4,'',0,5800,4,'',0,2400,4,'',0,1900,4,'',0,6000,4,'',0,2000,4,'',0,2000,4,'',0,5900,4,'',0,2100,4,'',0,2100,4,'',0,6000,4,'',0,2800,4,'',0,6900,4,'',0,3400,4,'',0,7100,4,'',0,3000,4,'',0,7000,4,'',0,3000,4,'',0,7000,4,'',0,3000,4,'',0,7000,4,'',0,3500,4,'',0,6000,4,'',0,1700,4,'',0,2200,4,'',0,5800,4,'',0,1900,4,'',0,1800,4,'',0,5500,4,'',0,1600,4,'',0,2200,4,'',0,8100,4,'',0,8400,4,'',0,4200,4,'',0,8200,4,'',0,8300,4,'',0,4400,4,'',0,8400,4,'',0,8500,4,'',0
'571',1001,63000,,'',0,1900,,'',0,5900,,'',0,1900,,'',0,1900,,'',0,5900,,'',0,1900,,'',0,1900,,'',0,5900,,'',0,2800,,'',0,7000,,'',0,3000,,'',0,7000,,'',0,3000,,'',0,7000,,'',0,3000,,'',0,7000,,'',0,3000,,'',0,7000,,'',0,3000,,'',0,1900,,'',0,5900,,'',0,2200,,'',0,1900,,'',0,5900,,'',0,1900,,'',0,1900,,'',0,5900,,'',0,2500,,'',0,8500,,'',0,8500,,'',0,4500,,'',0,8500,,'',0,8500,,'',0,8500,,'',0,4500,,'',0,8500,,'',0,8500,,'',0
'572',1000,62400,4,'',0,3200,4,'',0,5800,4,'',0,2400,4,'',0,1900,4,'',0,6000,4,'',0,2000,4,'',0,2000,4,'',0,5900,4,'',0,2100,4,'',0,2100,4,'',0,6000,4,'',0,2800,4,'',0,6900,4,'',0,3400,4,'',0,7100,4,'',0,3000,4,'',0,7000,4,'',0,3000,4,'',0,7000,4,'',0,3000,4,'',0,7000,4,'',0,3500,4,'',0,6000,4,'',0,1700,4,'',0,2200,4,'',0,5800,4,'',0,1900,4,'',0,1800,4,'',0,5500,4,'',0,1600,4,'',0,2200,4,'',0,8100,4,'',0,8400,4,'',0,4200,4,'',0,8200,4,'',0,8300,4,'',0,4400,4,'',0,8400,4,'',0,8500,4,'',0
'572',1001,63000,,'',0,1900,,'',0,5900,,'',0,1900,,'',0,1900,,'',0,5900,,'',0,1900,,'',0,1900,,'',0,5900,,'',0,2800,,'',0,7000,,'',0,3000,,'',0,7000,,'',0,3000,,'',0,7000,,'',0,3000,,'',0,7000,,'',0,3000,,'',0,7000,,'',0,3000,,'',0,1900,,'',0,5900,,'',0,2200,,'',0,1900,,'',0,5900,,'',0,1900,,'',0,1900,,'',0,5900,,'',0,2500,,'',0,8500,,'',0,8500,,'',0,4500,,'',0,8500,,'',0,8500,,'',0,8500,,'',0,4500,,'',0,8500,,'',0,8500,,'',0
'573',1000,62400,4,'',0,3200,4,'',0,5800,4,'',0,2400,4,'',0,1900,4,'',0,6000,4,'',0,2000,4,'',0,2000,4,'',0,5900,4,'',0,2100,4,'',0,2100,4,'',0,6000,4,'',0,2800,4,'',0,6900,4,'',0,3400,4,'',0,7100,4,'',0,3000,4,'',0,7000,4,'',0,3000,4,'',0,7000,4,'',0,3000,4,'',0,7000,4,'',0,3500,4,'',0,6000,4,'',0,1700,4,'',0,2200,4,'',0,5800,4,'',0,1900,4,'',0,1800,4,'',0,5500,4,'',0,1600,4,'',0,2200,4,'',0,8100,4,'',0,8400,4,'',0,4200,4,'',0,8200,4,'',0,8300,4,'',0,4400,4,'',0,8400,4,'',0,8500,4,'',0
'573',1001,63000,,'',0,1900,,'',0,5900,,'',0,1900,,'',0,1900,,'',0,5900,,'',0,1900,,'',0,1900,,'',0,5900,,'',0,2800,,'',0,7000,,'',0,3000,,'',0,7000,,'',0,3000,,'',0,7000,,'',0,3000,,'',0,7000,,'',0,3000,,'',0,7000,,'',0,3000,,'',0,1900,,'',0,5900,,'',0,2200,,'',0,1900,,'',0,5900,,'',0,1900,,'',0,1900,,'',0,5900,,'',0,2500,,'',0,8500,,'',0,8500,,'',0,4500,,'',0,8500,,'',0,8500,,'',0,8500,,'',0,4500,,'',0,8500,,'',0,8500,,'',0
'574',1000,62400,4,'',0,3200,4,'',0,5800,4,'',0,2400,4,'',0,1900,4,'',0,6000,4,'',0,2000,4,'',0,2000,4,'',0,5900,4,'',0,2100,4,'',0,2100,4,'',0,6000,4,'',0,2800,4,'',0,6900,4,'',0,3400,4,'',0,7100,4,'',0,3000,4,'',0,7000,4,'',0,3000,4,'',0,7000,4,'',0,3000,4,'',0,7000,4,'',0,3500,4,'',0,6000,4,'',0,1700,4,'',0,2200,4,'',0,5800,4,'',0,1900,4,'',0,1800,4,'',0,5500,4,'',0,1600,4,'',0,2200,4,'',0,8100,4,'',0,8400,4,'',0,4200,4,'',0,8200,4,'',0,8300,4,'',0,4400,4,'',0,8400,4,'',0,8500,4,'',0
'574',1001,63000,,'',0,1900,,'',0,5900,,'',0,1900,,'',0,1900,,'',0,5900,,'',0,1900,,'',0,1900,,'',0,5900,,'',0,2800,,'',0,7000,,'',0,3000,,'',0,7000,,'',0,3000,,'',0,7000,,'',0,3000,,'',0,7000,,'',0,3000,,'',0,7000,,'',0,3000,,'',0,1900,,'',0,5900,,'',0,2200,,'',0,1900,,'',0,5900,,'',0,1900,,'',0,1900,,'',0,5900,,'',0,2500,,'',0,8500,,'',0,8500,,'',0,4500,,'',0,8500,,'',0,8500,,'',0,8500,,'',0,4500,,'',0,8500,,'',0,8500,,'',0
'575',1000,62400,4,'',0,3200,4,'',0,5800,4,'',0,2400,4,'',0,1900,4,'',0,6000,4,'',0,2000,4,'',0,2000,4,'',0,5900,4,'',0,2100,4,'',0,2100,4,'',0,6000,4,'',0,2800,4,'',0,6900,4,'',0,3400,4,'',0,7100,4,'',0,3000,4,'',0,7000,4,'',0,3000,4,'',0,7000,4,'',0,3000,4,'',0,7000,4,'',0,3500,4,'',0,6000,4,'',0,1700,4,'',0,2200,4,'',0,5800,4,'',0,1900,4,'',0,1800,4,'',0,5500,4,'',0,1600,4,'',0,2200,4,'',0,8100,4,'',0,8400,4,'',0,4200,4,'',0,8200,4,'',0,8300,4,'',0,4400,4,'',0,8400,4,'',0,8500,4,'',0
'575',1001,63000,,'',0,1900,,'',0,5900,,'',0,1900,,'',0,1900,,'',0,5900,,'',0,1900,,'',0,1900,,'',0,5900,,'',0,2800,,'',0,7000,,'',0,3000,,'',0,7000,,'',0,3000,,'',0,7000,,'',0,3000,,'',0,7000,,'',0,3000,,'',0,7000,,'',0,3000,,'',0,1900,,'',0,5900,,'',0,2200,,'',0,1900,,'',0,5900,,'',0,1900,,'',0,1900,,'',0,5900,,'',0,2500,,'',0,8500,,'',0,8500,,'',0,4500,,'',0,8500,,'',0,8500,,'',0,8500,,'',0,4500,,'',0,8500,,'',0,8500,,'',0
