'569',2101,73200,,'',0,6800,4,'',0,3700,,'',0,6800,4,'',0,3200,,'',0,6800,4,'',0,4500,,'',0,6800,4,'',0,3400,,'',0,6800,4,'',0,8000,,'',0,2800,4,'',0,7500,,'',0,2800,4,'',0,2400,,'',0,6800,4,'',0,8200,,'',0,2800,4,'',0,7200,,'',0,2800,4,'',0,7600,,'',0,2600,4,'',0
'570',2101,63000,,'',0,2700,4,'',0,4600,,'',0,2700,4,'',0,600,,'',0,6800,4,'',0,500,,'',0,2800,4,'',0,100,,'',0,6800,4,'',0,2100,,'',0,2800,4,'',0,7800,,'',0,6800,4,'',0,3600,,'',0,6800,4,'',0,3800,,'',0,6800,4,'',0,3500,,'',0,6800,4,'',0,4100,,'',0,6800,4,'',0,200,,'',0,2800,4,'',0,500,,'',0,6800,4,'',0,500,,'',0,2800,4,'',0,6400,,'',0,2700,4,'',0,700,,'',0,6700,4,'',0,7800,,'',0,2500,4,'',0,8000,,'',0,2500,4,'',0,7900,,'',0,2500,4,'',0,7800,,'',0,2500,4,'',0
'571',2101,54900,,'',0,6700,4,'',0,400,,'',0,2700,4,'',0,500,,'',0,6700,4,'',0,200,,'',0,2800,4,'',0,5300,,'',0,2800,4,'',0,400,,'',0,6800,4,'',0,200,,'',0,2800,4,'',0,2700,,'',0,6800,4,'',0,7700,,'',0,2800,4,'',0,7700,,'',0,2800,4,'',0,7600,,'',0,2800,4,'',0,8200,,'',0,2800,4,'',0,5000,,'',0,2800,4,'',0,400,,'',0,6800,4,'',0,400,,'',0,2800,4,'',0,600,,'',0,6800,4,'',0,500,,'',0,2700,4,'',0,800,,'',0,6700,4,'',0,3300,,'',0,6500,4,'',0,9000,,'',0,2500,4,'',0,7300,,'',0,2500,4,'',0,8000,,'',0,2500,4,'',0
'572',2101,54900,,'',0,6700,4,'',0,400,,'',0,2700,4,'',0,500,,'',0,6700,4,'',0,200,,'',0,2800,4,'',0,5300,,'',0,2800,4,'',0,400,,'',0,6800,4,'',0,200,,'',0,2800,4,'',0,2700,,'',0,6800,4,'',0,7700,,'',0,2800,4,'',0,7700,,'',0,2800,4,'',0,7600,,'',0,2800,4,'',0,8200,,'',0,2800,4,'',0,5000,,'',0,2800,4,'',0,400,,'',0,6800,4,'',0,400,,'',0,2800,4,'',0,600,,'',0,6800,4,'',0,500,,'',0,2700,4,'',0,800,,'',0,6700,4,'',0,3300,,'',0,6500,4,'',0,9000,,'',0,2500,4,'',0,7300,,'',0,2500,4,'',0,8000,,'',0,2500,4,'',0
'573',2101,54900,,'',0,6700,4,'',0,400,,'',0,2700,4,'',0,500,,'',0,6700,4,'',0,200,,'',0,2800,4,'',0,5300,,'',0,2800,4,'',0,400,,'',0,6800,4,'',0,200,,'',0,2800,4,'',0,2700,,'',0,6800,4,'',0,7700,,'',0,2800,4,'',0,7700,,'',0,2800,4,'',0,7600,,'',0,2800,4,'',0,8200,,'',0,2800,4,'',0,5000,,'',0,2800,4,'',0,400,,'',0,6800,4,'',0,400,,'',0,2800,4,'',0,600,,'',0,6800,4,'',0,500,,'',0,2700,4,'',0,800,,'',0,6700,4,'',0,3300,,'',0,6500,4,'',0,9000,,'',0,2500,4,'',0,7300,,'',0,2500,4,'',0,8000,,'',0,2500,4,'',0
'574',2101,54900,,'',0,6700,4,'',0,400,,'',0,2700,4,'',0,500,,'',0,6700,4,'',0,200,,'',0,2800,4,'',0,5300,,'',0,2800,4,'',0,400,,'',0,6800,4,'',0,200,,'',0,2800,4,'',0,2700,,'',0,6800,4,'',0,7700,,'',0,2800,4,'',0,7700,,'',0,2800,4,'',0,7600,,'',0,2800,4,'',0,8200,,'',0,2800,4,'',0,5000,,'',0,2800,4,'',0,400,,'',0,6800,4,'',0,400,,'',0,2800,4,'',0,600,,'',0,6800,4,'',0,500,,'',0,2700,4,'',0,800,,'',0,6700,4,'',0,3300,,'',0,6500,4,'',0,9000,,'',0,2500,4,'',0,7300,,'',0,2500,4,'',0,8000,,'',0,2500,4,'',0
'575',2101,54900,,'',0,6700,4,'',0,400,,'',0,2700,4,'',0,500,,'',0,6700,4,'',0,200,,'',0,2800,4,'',0,5300,,'',0,2800,4,'',0,400,,'',0,6800,4,'',0,200,,'',0,2800,4,'',0,2700,,'',0,6800,4,'',0,7700,,'',0,2800,4,'',0,7700,,'',0,2800,4,'',0,7600,,'',0,2800,4,'',0,8200,,'',0,2800,4,'',0,5000,,'',0,2800,4,'',0,400,,'',0,6800,4,'',0,400,,'',0,2800,4,'',0,600,,'',0,6800,4,'',0,500,,'',0,2700,4,'',0,800,,'',0,6700,4,'',0,3300,,'',0,6500,4,'',0,9000,,'',0,2500,4,'',0,7300,,'',0,2500,4,'',0,8000,,'',0,2500,4,'',0
'569',2200,85300,4,'',0,9700,4,'',0,26800,4,'',0,22900,4,'',0,29400,4,'',0,20000,4,'',0,10300,4,'',0,10000,4,'',0,10000,4,'',0
'569',2201,80600,,'',0,9600,,'',0,22800,,'',0,22900,,'',0,29500,,'',0,20000,,'',0,10000,,'',0,10000,,'',0,10000,,'',0
'570',2200,93100,4,'',0,9700,4,'',0,10000,4,'',0,19500,4,'',0,9600,4,'',0,13100,4,'',0,9700,4,'',0,9600,4,'',0,17700,4,'',0,13700,4,'',0,17500,4,'',0,9800,4,'',0
'570',2201,82900,,'',0,11000,,'',0,10000,,'',0,18700,,'',0,10200,,'',0,12800,,'',0,10000,,'',0,9700,,'',0,18000,,'',0,17400,,'',0,13500,,'',0,9800,,'',0
'571',2200,63400,4,'',0,6900,4,'',0,5600,4,'',0,14300,4,'',0,12800,4,'',0,10000,4,'',0,17100,4,'',0,10000,4,'',0,13100,4,'',0,17700,4,'',0,9300,4,'',0,5200,4,'',0,17400,4,'',0,17700,4,'',0,12400,4,'',0
'571',2201,60000,0,'Peachland Exp',0,2300,0,'Peachland Exp',0,9000,,'',0,9100,,'',0,13600,,'',0,10000,,'',0,17000,,'',0,10100,,'',0,13100,,'',0,18000,,'',0,9300,,'',0,9300,,'',0,13400,,'',0,17500,,'',0,12900,,'',0
'572',2200,63400,4,'',0,6900,4,'',0,5600,4,'',0,14300,4,'',0,12800,4,'',0,10000,4,'',0,17100,4,'',0,10000,4,'',0,13100,4,'',0,17700,4,'',0,9300,4,'',0,5200,4,'',0,17400,4,'',0,17700,4,'',0,12400,4,'',0
'572',2201,60000,0,'Peachland Exp',0,2300,0,'Peachland Exp',0,9000,,'',0,9100,,'',0,13600,,'',0,10000,,'',0,17000,,'',0,10100,,'',0,13100,,'',0,18000,,'',0,9300,,'',0,9300,,'',0,13400,,'',0,17500,,'',0,12900,,'',0
'573',2200,63400,4,'',0,6900,4,'',0,5600,4,'',0,14300,4,'',0,12800,4,'',0,10000,4,'',0,17100,4,'',0,10000,4,'',0,13100,4,'',0,17700,4,'',0,9300,4,'',0,5200,4,'',0,17400,4,'',0,17700,4,'',0,12400,4,'',0
'573',2201,60000,0,'Peachland Exp',0,2300,0,'Peachland Exp',0,9000,,'',0,9100,,'',0,13600,,'',0,10000,,'',0,17000,,'',0,10100,,'',0,13100,,'',0,18000,,'',0,9300,,'',0,9300,,'',0,13400,,'',0,17500,,'',0,12900,,'',0
'574',2200,63400,4,'',0,6900,4,'',0,5600,4,'',0,14300,4,'',0,12800,4,'',0,10000,4,'',0,17100,4,'',0,10000,4,'',0,13100,4,'',0,17700,4,'',0,9300,4,'',0,5200,4,'',0,17400,4,'',0,17700,4,'',0,12400,4,'',0
'574',2201,60000,0,'Peachland Exp',0,2300,0,'Peachland Exp',0,9000,,'',0,9100,,'',0,13600,,'',0,10000,,'',0,17000,,'',0,10100,,'',0,13100,,'',0,18000,,'',0,9300,,'',0,9300,,'',0,13400,,'',0,17500,,'',0,12900,,'',0
'575',2200,63400,4,'',0,6900,4,'',0,5600,4,'',0,14300,4,'',0,12800,4,'',0,10000,4,'',0,17100,4,'',0,10000,4,'',0,13100,4,'',0,17700,4,'',0,9300,4,'',0,5200,4,'',0,17400,4,'',0,17700,4,'',0,12400,4,'',0
'575',2201,60000,0,'Peachland Exp',0,2300,0,'Peachland Exp',0,9000,,'',0,9100,,'',0,13600,,'',0,10000,,'',0,17000,,'',0,10100,,'',0,13100,,'',0,18000,,'',0,9300,,'',0,9300,,'',0,13400,,'',0,17500,,'',0,12900,,'',0
