'571',501,63300,,'',0,7800,,'',0,4700,,'',0,8500,,'',0,71500,,'',0,8700,,'',0,7600,,'',0,9000,,'',0
'572',501,63300,,'',0,7800,,'',0,4700,,'',0,8500,,'',0,71500,,'',0,8700,,'',0,7600,,'',0,9000,,'',0
'573',501,63300,,'',0,7800,,'',0,4700,,'',0,8500,,'',0,71500,,'',0,8700,,'',0,7600,,'',0,9000,,'',0
'574',501,63300,,'',0,7800,,'',0,4700,,'',0,8500,,'',0,71500,,'',0,8700,,'',0,7600,,'',0,9000,,'',0
'575',501,63300,,'',0,7800,,'',0,4700,,'',0,8500,,'',0,71500,,'',0,8700,,'',0,7600,,'',0,9000,,'',0
'569',800,65800,,'',0,14200,,'',0,5000,,'',0,9000,,'',0,9000,,'',0,9000,,'',0,9000,,'',0,9000,,'',0,3500,,'',0,7000,,'',0,3500,,'',0,7500,,'',0,3500,,'',0,7500,,'',0,8500,,'',0,9000,,'',0,5000,,'',0,9000,,'',0,9000,,'',0,9000,,'',0,13000,,'',0
'569',801,65300,4,'',0,27400,4,'',0,9200,4,'',0,9100,4,'',0,9000,4,'',0,5000,4,'',0,9000,4,'',0,9000,4,'',0,7500,4,'',0,3500,4,'',0,7000,4,'',0,3500,4,'',0,7500,4,'',0,3400,4,'',0,8500,4,'',0,8500,4,'',0,9000,4,'',0,9000,4,'',0,5000,4,'',0,9000,4,'',0
'570',800,65500,,'',0,8500,,'',0,7500,,'',0,3500,,'',0,7000,,'',0,3500,,'',0,7500,,'',0,7000,,'',0,3500,,'',0,7500,,'',0,3000,,'',0,6500,,'',0,2500,,'',0,2500,,'',0,6500,,'',0,2500,,'',0,6500,,'',0,2500,,'',0,6500,,'',0,3000,,'',0,7500,,'',0,3500,,'',0,7200,,'',0,3300,,'',0,7500,,'',0,3000,,'',0,8000,,'',0,8400,,'',0,10900,,'',0,11000,,'',0,11000,,'',0
'570',801,65300,4,'',0,10200,4,'',0,8000,4,'',0,7600,4,'',0,3700,4,'',0,7500,4,'',0,3000,4,'',0,7500,4,'',0,7500,4,'',0,3000,4,'',0,7500,4,'',0,3500,4,'',0,7000,4,'',0,2500,4,'',0,6500,4,'',0,2500,4,'',0,2500,4,'',0,6500,4,'',0,2500,4,'',0,6500,4,'',0,2500,4,'',0,7000,4,'',0,3300,4,'',0,7400,4,'',0,2800,4,'',0,7500,4,'',0,3500,4,'',0,7000,4,'',0,10000,4,'',0,11000,4,'',0,11000,4,'',0
'571',800,55500,,'',0,6500,,'',0,2200,,'',0,6000,,'',0,1400,,'',0,1400,,'',0,1200,,'',0,1200,,'',0,5200,,'',0,1200,,'',0,1200,,'',0,1200,,'',0,1200,,'',0,5200,,'',0,1300,,'',0,1300,,'',0,1300,,'',0,5500,,'',0,1600,,'',0,1600,,'',0,1600,,'',0,5600,,'',0,1600,,'',0,1600,,'',0,1600,,'',0,5600,,'',0,1600,,'',0,1600,,'',0,1600,,'',0,5600,,'',0,1600,,'',0,1600,,'',0,5600,,'',0,1200,,'',0,1200,,'',0,1200,,'',0,1200,,'',0,5200,,'',0,1200,,'',0,1200,,'',0,1200,,'',0,1200,,'',0,5200,,'',0,1200,,'',0,1200,,'',0,1200,,'',0,1200,,'',0,5200,,'',0,1200,,'',0,1200,,'',0,1600,,'',0,6000,,'',0,2000,,'',0,2000,,'',0,6000,,'',0,2000,,'',0,2200,,'',0,6300,,'',0,2500,,'',0,2500,,'',0,6500,,'',0,2500,,'',0,8500,,'',0,8500,,'',0,8500,,'',0,4500,,'',0
'571',801,63300,4,'',0,8600,4,'',0,2800,4,'',0,6300,4,'',0,1200,4,'',0,1200,4,'',0,1300,4,'',0,1200,4,'',0,5200,4,'',0,1200,4,'',0,1300,4,'',0,1200,4,'',0,5200,4,'',0,1200,4,'',0,1200,4,'',0,1300,4,'',0,1600,4,'',0,5600,4,'',0,1600,4,'',0,1600,4,'',0,1600,4,'',0,5800,4,'',0,1600,4,'',0,1600,4,'',0,5600,4,'',0,1600,4,'',0,1600,4,'',0,1600,4,'',0,5600,4,'',0,1600,4,'',0,1600,4,'',0,1600,4,'',0,5600,4,'',0,1200,4,'',0,1300,4,'',0,1500,4,'',0,5300,4,'',0,1200,4,'',0,1200,4,'',0,1200,4,'',0,1200,4,'',0,5000,4,'',0,1100,4,'',0,1000,4,'',0,1200,4,'',0,1100,4,'',0,1200,4,'',0,5000,4,'',0,1000,4,'',0,1200,4,'',0,1100,4,'',0,5900,4,'',0,1800,4,'',0,1800,4,'',0,2000,4,'',0,6500,4,'',0,2400,4,'',0,6300,4,'',0,2500,4,'',0,2500,4,'',0,6400,4,'',0,8500,4,'',0,4300,4,'',0,8500,4,'',0,8400,4,'',0
'572',800,55500,,'',0,6500,,'',0,2200,,'',0,6000,,'',0,1400,,'',0,1400,,'',0,1200,,'',0,1200,,'',0,5200,,'',0,1200,,'',0,1200,,'',0,1200,,'',0,1200,,'',0,5200,,'',0,1300,,'',0,1300,,'',0,1300,,'',0,5500,,'',0,1600,,'',0,1600,,'',0,1600,,'',0,5600,,'',0,1600,,'',0,1600,,'',0,1600,,'',0,5600,,'',0,1600,,'',0,1600,,'',0,1600,,'',0,5600,,'',0,1600,,'',0,1600,,'',0,5600,,'',0,1200,,'',0,1200,,'',0,1200,,'',0,1200,,'',0,5200,,'',0,1200,,'',0,1200,,'',0,1200,,'',0,1200,,'',0,5200,,'',0,1200,,'',0,1200,,'',0,1200,,'',0,1200,,'',0,5200,,'',0,1200,,'',0,1200,,'',0,1600,,'',0,6000,,'',0,2000,,'',0,2000,,'',0,6000,,'',0,2000,,'',0,2200,,'',0,6300,,'',0,2500,,'',0,2500,,'',0,6500,,'',0,2500,,'',0,8500,,'',0,8500,,'',0,8500,,'',0,4500,,'',0
'572',801,63300,4,'',0,8600,4,'',0,2800,4,'',0,6300,4,'',0,1200,4,'',0,1200,4,'',0,1300,4,'',0,1200,4,'',0,5200,4,'',0,1200,4,'',0,1300,4,'',0,1200,4,'',0,5200,4,'',0,1200,4,'',0,1200,4,'',0,1300,4,'',0,1600,4,'',0,5600,4,'',0,1600,4,'',0,1600,4,'',0,1600,4,'',0,5800,4,'',0,1600,4,'',0,1600,4,'',0,5600,4,'',0,1600,4,'',0,1600,4,'',0,1600,4,'',0,5600,4,'',0,1600,4,'',0,1600,4,'',0,1600,4,'',0,5600,4,'',0,1200,4,'',0,1300,4,'',0,1500,4,'',0,5300,4,'',0,1200,4,'',0,1200,4,'',0,1200,4,'',0,1200,4,'',0,5000,4,'',0,1100,4,'',0,1000,4,'',0,1200,4,'',0,1100,4,'',0,1200,4,'',0,5000,4,'',0,1000,4,'',0,1200,4,'',0,1100,4,'',0,5900,4,'',0,1800,4,'',0,1800,4,'',0,2000,4,'',0,6500,4,'',0,2400,4,'',0,6300,4,'',0,2500,4,'',0,2500,4,'',0,6400,4,'',0,8500,4,'',0,4300,4,'',0,8500,4,'',0,8400,4,'',0
'573',800,55500,,'',0,6500,,'',0,2200,,'',0,6000,,'',0,1400,,'',0,1400,,'',0,1200,,'',0,1200,,'',0,5200,,'',0,1200,,'',0,1200,,'',0,1200,,'',0,1200,,'',0,5200,,'',0,1300,,'',0,1300,,'',0,1300,,'',0,5500,,'',0,1600,,'',0,1600,,'',0,1600,,'',0,5600,,'',0,1600,,'',0,1600,,'',0,1600,,'',0,5600,,'',0,1600,,'',0,1600,,'',0,1600,,'',0,5600,,'',0,1600,,'',0,1600,,'',0,5600,,'',0,1200,,'',0,1200,,'',0,1200,,'',0,1200,,'',0,5200,,'',0,1200,,'',0,1200,,'',0,1200,,'',0,1200,,'',0,5200,,'',0,1200,,'',0,1200,,'',0,1200,,'',0,1200,,'',0,5200,,'',0,1200,,'',0,1200,,'',0,1600,,'',0,6000,,'',0,2000,,'',0,2000,,'',0,6000,,'',0,2000,,'',0,2200,,'',0,6300,,'',0,2500,,'',0,2500,,'',0,6500,,'',0,2500,,'',0,8500,,'',0,8500,,'',0,8500,,'',0,4500,,'',0
'573',801,63300,4,'',0,8600,4,'',0,2800,4,'',0,6300,4,'',0,1200,4,'',0,1200,4,'',0,1300,4,'',0,1200,4,'',0,5200,4,'',0,1200,4,'',0,1300,4,'',0,1200,4,'',0,5200,4,'',0,1200,4,'',0,1200,4,'',0,1300,4,'',0,1600,4,'',0,5600,4,'',0,1600,4,'',0,1600,4,'',0,1600,4,'',0,5800,4,'',0,1600,4,'',0,1600,4,'',0,5600,4,'',0,1600,4,'',0,1600,4,'',0,1600,4,'',0,5600,4,'',0,1600,4,'',0,1600,4,'',0,1600,4,'',0,5600,4,'',0,1200,4,'',0,1300,4,'',0,1500,4,'',0,5300,4,'',0,1200,4,'',0,1200,4,'',0,1200,4,'',0,1200,4,'',0,5000,4,'',0,1100,4,'',0,1000,4,'',0,1200,4,'',0,1100,4,'',0,1200,4,'',0,5000,4,'',0,1000,4,'',0,1200,4,'',0,1100,4,'',0,5900,4,'',0,1800,4,'',0,1800,4,'',0,2000,4,'',0,6500,4,'',0,2400,4,'',0,6300,4,'',0,2500,4,'',0,2500,4,'',0,6400,4,'',0,8500,4,'',0,4300,4,'',0,8500,4,'',0,8400,4,'',0
'574',800,55500,,'',0,6500,,'',0,2200,,'',0,6000,,'',0,1400,,'',0,1400,,'',0,1200,,'',0,1200,,'',0,5200,,'',0,1200,,'',0,1200,,'',0,1200,,'',0,1200,,'',0,5200,,'',0,1300,,'',0,1300,,'',0,1300,,'',0,5500,,'',0,1600,,'',0,1600,,'',0,1600,,'',0,5600,,'',0,1600,,'',0,1600,,'',0,1600,,'',0,5600,,'',0,1600,,'',0,1600,,'',0,1600,,'',0,5600,,'',0,1600,,'',0,1600,,'',0,5600,,'',0,1200,,'',0,1200,,'',0,1200,,'',0,1200,,'',0,5200,,'',0,1200,,'',0,1200,,'',0,1200,,'',0,1200,,'',0,5200,,'',0,1200,,'',0,1200,,'',0,1200,,'',0,1200,,'',0,5200,,'',0,1200,,'',0,1200,,'',0,1600,,'',0,6000,,'',0,2000,,'',0,2000,,'',0,6000,,'',0,2000,,'',0,2200,,'',0,6300,,'',0,2500,,'',0,2500,,'',0,6500,,'',0,2500,,'',0,8500,,'',0,8500,,'',0,8500,,'',0,4500,,'',0
'574',801,63300,4,'',0,8600,4,'',0,2800,4,'',0,6300,4,'',0,1200,4,'',0,1200,4,'',0,1300,4,'',0,1200,4,'',0,5200,4,'',0,1200,4,'',0,1300,4,'',0,1200,4,'',0,5200,4,'',0,1200,4,'',0,1200,4,'',0,1300,4,'',0,1600,4,'',0,5600,4,'',0,1600,4,'',0,1600,4,'',0,1600,4,'',0,5800,4,'',0,1600,4,'',0,1600,4,'',0,5600,4,'',0,1600,4,'',0,1600,4,'',0,1600,4,'',0,5600,4,'',0,1600,4,'',0,1600,4,'',0,1600,4,'',0,5600,4,'',0,1200,4,'',0,1300,4,'',0,1500,4,'',0,5300,4,'',0,1200,4,'',0,1200,4,'',0,1200,4,'',0,1200,4,'',0,5000,4,'',0,1100,4,'',0,1000,4,'',0,1200,4,'',0,1100,4,'',0,1200,4,'',0,5000,4,'',0,1000,4,'',0,1200,4,'',0,1100,4,'',0,5900,4,'',0,1800,4,'',0,1800,4,'',0,2000,4,'',0,6500,4,'',0,2400,4,'',0,6300,4,'',0,2500,4,'',0,2500,4,'',0,6400,4,'',0,8500,4,'',0,4300,4,'',0,8500,4,'',0,8400,4,'',0
'575',800,55500,,'',0,6500,,'',0,2200,,'',0,6000,,'',0,1400,,'',0,1400,,'',0,1200,,'',0,1200,,'',0,5200,,'',0,1200,,'',0,1200,,'',0,1200,,'',0,1200,,'',0,5200,,'',0,1300,,'',0,1300,,'',0,1300,,'',0,5500,,'',0,1600,,'',0,1600,,'',0,1600,,'',0,5600,,'',0,1600,,'',0,1600,,'',0,1600,,'',0,5600,,'',0,1600,,'',0,1600,,'',0,1600,,'',0,5600,,'',0,1600,,'',0,1600,,'',0,5600,,'',0,1200,,'',0,1200,,'',0,1200,,'',0,1200,,'',0,5200,,'',0,1200,,'',0,1200,,'',0,1200,,'',0,1200,,'',0,5200,,'',0,1200,,'',0,1200,,'',0,1200,,'',0,1200,,'',0,5200,,'',0,1200,,'',0,1200,,'',0,1600,,'',0,6000,,'',0,2000,,'',0,2000,,'',0,6000,,'',0,2000,,'',0,2200,,'',0,6300,,'',0,2500,,'',0,2500,,'',0,6500,,'',0,2500,,'',0,8500,,'',0,8500,,'',0,8500,,'',0,4500,,'',0
'575',801,63300,4,'',0,8600,4,'',0,2800,4,'',0,6300,4,'',0,1200,4,'',0,1200,4,'',0,1300,4,'',0,1200,4,'',0,5200,4,'',0,1200,4,'',0,1300,4,'',0,1200,4,'',0,5200,4,'',0,1200,4,'',0,1200,4,'',0,1300,4,'',0,1600,4,'',0,5600,4,'',0,1600,4,'',0,1600,4,'',0,1600,4,'',0,5800,4,'',0,1600,4,'',0,1600,4,'',0,5600,4,'',0,1600,4,'',0,1600,4,'',0,1600,4,'',0,5600,4,'',0,1600,4,'',0,1600,4,'',0,1600,4,'',0,5600,4,'',0,1200,4,'',0,1300,4,'',0,1500,4,'',0,5300,4,'',0,1200,4,'',0,1200,4,'',0,1200,4,'',0,1200,4,'',0,5000,4,'',0,1100,4,'',0,1000,4,'',0,1200,4,'',0,1100,4,'',0,1200,4,'',0,5000,4,'',0,1000,4,'',0,1200,4,'',0,1100,4,'',0,5900,4,'',0,1800,4,'',0,1800,4,'',0,2000,4,'',0,6500,4,'',0,2400,4,'',0,6300,4,'',0,2500,4,'',0,2500,4,'',0,6400,4,'',0,8500,4,'',0,4300,4,'',0,8500,4,'',0,8400,4,'',0
'571',1200,72200,,'',0,8100,,'',0,4000,,'',0,67900,,'',0,8400,,'',0,4400,,'',0,8200,,'',0,8500,,'',0,21600,,'',0
'572',1200,72200,,'',0,8100,,'',0,4000,,'',0,67900,,'',0,8400,,'',0,4400,,'',0,8200,,'',0,8500,,'',0,21600,,'',0
'573',1200,72200,,'',0,8100,,'',0,4000,,'',0,67900,,'',0,8400,,'',0,4400,,'',0,8200,,'',0,8500,,'',0,21600,,'',0
'574',1200,72200,,'',0,8100,,'',0,4000,,'',0,67900,,'',0,8400,,'',0,4400,,'',0,8200,,'',0,8500,,'',0,21600,,'',0
'575',1200,72200,,'',0,8100,,'',0,4000,,'',0,67900,,'',0,8400,,'',0,4400,,'',0,8200,,'',0,8500,,'',0,21600,,'',0
'571',2901,152600,0,'',0
'572',2901,152600,0,'',0
'573',2901,152600,0,'',0
'574',2901,152600,0,'',0
'575',2901,152600,0,'',0
