'569',1400,83600,4,'',0,26400,4,'',0,14500,4,'',0,18500,4,'',0,22500,4,'',0,26500,4,'',0
'570',1400,81400,4,'',0,13500,4,'',0,19700,4,'',0,30000,4,'',0,26500,4,'',0,13500,4,'',0,18700,4,'',0
'571',1400,70100,4,'',0,3000,4,'',0,7000,4,'',0,3000,4,'',0,7000,4,'',0,30900,,'',0,32100,4,'',0,7000,4,'',0,3000,4,'',0,7000,4,'',0,3000,4,'',0,21700,,'',0
'571',1401,63500,,'',0,7000,,'',0,3000,,'',0,7000,,'',0,3000,,'',0,67000,,'',0,3000,,'',0,7000,,'',0,3000,,'',0,7000,,'',0
'572',1400,70100,4,'',0,3000,4,'',0,7000,4,'',0,3000,4,'',0,7000,4,'',0,30900,,'',0,32100,4,'',0,7000,4,'',0,3000,4,'',0,7000,4,'',0,3000,4,'',0,21700,,'',0
'572',1401,63500,,'',0,7000,,'',0,3000,,'',0,7000,,'',0,3000,,'',0,67000,,'',0,3000,,'',0,7000,,'',0,3000,,'',0,7000,,'',0
'573',1400,70100,4,'',0,3000,4,'',0,7000,4,'',0,3000,4,'',0,7000,4,'',0,30900,,'',0,32100,4,'',0,7000,4,'',0,3000,4,'',0,7000,4,'',0,3000,4,'',0,21700,,'',0
'573',1401,63500,,'',0,7000,,'',0,3000,,'',0,7000,,'',0,3000,,'',0,67000,,'',0,3000,,'',0,7000,,'',0,3000,,'',0,7000,,'',0
'574',1400,70100,4,'',0,3000,4,'',0,7000,4,'',0,3000,4,'',0,7000,4,'',0,30900,,'',0,32100,4,'',0,7000,4,'',0,3000,4,'',0,7000,4,'',0,3000,4,'',0,21700,,'',0
'574',1401,63500,,'',0,7000,,'',0,3000,,'',0,7000,,'',0,3000,,'',0,67000,,'',0,3000,,'',0,7000,,'',0,3000,,'',0,7000,,'',0
'575',1400,70100,4,'',0,3000,4,'',0,7000,4,'',0,3000,4,'',0,7000,4,'',0,30900,,'',0,32100,4,'',0,7000,4,'',0,3000,4,'',0,7000,4,'',0,3000,4,'',0,21700,,'',0
'575',1401,63500,,'',0,7000,,'',0,3000,,'',0,7000,,'',0,3000,,'',0,67000,,'',0,3000,,'',0,7000,,'',0,3000,,'',0,7000,,'',0
