'569',300,83000,,'',0,1200,4,'',0,8800,,'',0,1200,4,'',0,8800,,'',0,1200,4,'',0,8800,,'',0,1200,4,'',0,8800,,'',0,1200,4,'',0,8800,,'',0,1200,4,'',0,8800,,'',0,1200,4,'',0,8800,,'',0,1200,4,'',0,8800,,'',0,1200,4,'',0,8800,,'',0,1200,4,'',0,10500,,'',0,1000,4,'',0,8800,,'',0,1000,4,'',0,9200,,'',0,1000,4,'',0,16800,,'',0,1000,4,'',0
'570',300,81500,,'',0,1200,4,'',0,8800,,'',0,1200,4,'',0,8800,,'',0,1200,4,'',0,1800,,'',0,1200,4,'',0,5800,,'',0,1200,4,'',0,1800,,'',0,1200,4,'',0,5800,,'',0,1200,4,'',0,1800,,'',0,1200,4,'',0,5800,,'',0,1200,4,'',0,1800,,'',0,1200,4,'',0,5800,,'',0,1200,4,'',0,1800,,'',0,1200,4,'',0,5800,,'',0,1200,4,'',0,1800,,'',0,1200,4,'',0,5800,,'',0,1200,4,'',0,1800,,'',0,1200,4,'',0,5800,,'',0,1200,4,'',0,1800,,'',0,1200,4,'',0,6300,,'',0,1000,4,'',0,7000,,'',0,1000,4,'',0,9000,,'',0,1000,4,'',0,9000,,'',0,1000,4,'',0,9000,,'',0,1000,4,'',0,9700,,'',0,1000,4,'',0,9300,,'',0,1000,4,'',0
'571',300,72800,,'',0,1200,4,'',0,1100,,'',0,5200,4,'',0,1800,,'',0,1300,4,'',0,1600,,'',0,5300,4,'',0,1500,,'',0,1300,4,'',0,49400,,'',0,1300,4,'',0,1400,,'',0,5300,4,'',0,1000,,'',0,1300,4,'',0,2000,,'',0,5300,4,'',0,1600,,'',0,1300,4,'',0,1500,,'',0,1300,4,'',0,5700,,'',0,1300,4,'',0,1200,,'',0,1300,4,'',0,8700,,'',0,1200,4,'',0,8800,,'',0,1200,4,'',0,9300,,'',0,1200,4,'',0,9300,,'',0,5200,4,'',0
'572',300,72800,,'',0,1200,4,'',0,1100,,'',0,5200,4,'',0,1800,,'',0,1300,4,'',0,1600,,'',0,5300,4,'',0,1500,,'',0,1300,4,'',0,49400,,'',0,1300,4,'',0,1400,,'',0,5300,4,'',0,1000,,'',0,1300,4,'',0,2000,,'',0,5300,4,'',0,1600,,'',0,1300,4,'',0,1500,,'',0,1300,4,'',0,5700,,'',0,1300,4,'',0,1200,,'',0,1300,4,'',0,8700,,'',0,1200,4,'',0,8800,,'',0,1200,4,'',0,9300,,'',0,1200,4,'',0,9300,,'',0,5200,4,'',0
'573',300,72800,,'',0,1200,4,'',0,1100,,'',0,5200,4,'',0,1800,,'',0,1300,4,'',0,1600,,'',0,5300,4,'',0,1500,,'',0,1300,4,'',0,49400,,'',0,1300,4,'',0,1400,,'',0,5300,4,'',0,1000,,'',0,1300,4,'',0,2000,,'',0,5300,4,'',0,1600,,'',0,1300,4,'',0,1500,,'',0,1300,4,'',0,5700,,'',0,1300,4,'',0,1200,,'',0,1300,4,'',0,8700,,'',0,1200,4,'',0,8800,,'',0,1200,4,'',0,9300,,'',0,1200,4,'',0,9300,,'',0,5200,4,'',0
'574',300,72800,,'',0,1200,4,'',0,1100,,'',0,5200,4,'',0,1800,,'',0,1300,4,'',0,1600,,'',0,5300,4,'',0,1500,,'',0,1300,4,'',0,49400,,'',0,1300,4,'',0,1400,,'',0,5300,4,'',0,1000,,'',0,1300,4,'',0,2000,,'',0,5300,4,'',0,1600,,'',0,1300,4,'',0,1500,,'',0,1300,4,'',0,5700,,'',0,1300,4,'',0,1200,,'',0,1300,4,'',0,8700,,'',0,1200,4,'',0,8800,,'',0,1200,4,'',0,9300,,'',0,1200,4,'',0,9300,,'',0,5200,4,'',0
'575',300,72800,,'',0,1200,4,'',0,1100,,'',0,5200,4,'',0,1800,,'',0,1300,4,'',0,1600,,'',0,5300,4,'',0,1500,,'',0,1300,4,'',0,49400,,'',0,1300,4,'',0,1400,,'',0,5300,4,'',0,1000,,'',0,1300,4,'',0,2000,,'',0,5300,4,'',0,1600,,'',0,1300,4,'',0,1500,,'',0,1300,4,'',0,5700,,'',0,1300,4,'',0,1200,,'',0,1300,4,'',0,8700,,'',0,1200,4,'',0,8800,,'',0,1200,4,'',0,9300,,'',0,1200,4,'',0,9300,,'',0,5200,4,'',0
'569',900,122400,4,'',0,10000,4,'',0,10000,4,'',0,10000,4,'',0
'569',901,114500,,'',0,10000,,'',0,10000,,'',0,10000,,'',0
'570',900,122400,4,'',0,8500,4,'',0,20500,4,'',0,4500,4,'',0
'570',901,114500,,'',0,8500,,'',0,29000,,'',0,8500,,'',0
'571',900,94100,4,'',0,31200,4,'',0,28800,4,'',0
'571',901,90000,,'',0,22000,,'',0,38000,,'',0
'572',900,94100,4,'',0,31200,4,'',0,28800,4,'',0
'572',901,90000,,'',0,22000,,'',0,38000,,'',0
'573',900,94100,4,'',0,31200,4,'',0,28800,4,'',0
'573',901,90000,,'',0,22000,,'',0,38000,,'',0
'574',900,94100,4,'',0,31200,4,'',0,28800,4,'',0
'574',901,90000,,'',0,22000,,'',0,38000,,'',0
'575',900,94100,4,'',0,31200,4,'',0,28800,4,'',0
'575',901,90000,,'',0,22000,,'',0,38000,,'',0
