'569',1601,90000,,'',0,2700,4,'',0,7300,,'',0,2700,4,'',0,7300,,'',0,2700,4,'',0,7300,,'',0,2700,4,'',0,7300,,'',0,2700,4,'',0,7300,,'',0,2700,4,'',0,7300,,'',0,2700,4,'',0,300,,'',0,2700,4,'',0,4300,,'',0,2700,4,'',0,300,,'',0,2700,4,'',0,4300,,'',0,2700,4,'',0,300,,'',0,2700,4,'',0,4300,,'',0,2700,4,'',0,7300,,'',0,2700,4,'',0
'570',1601,80100,,'',0,2700,4,'',0,7300,,'',0,2700,4,'',0,7300,,'',0,2700,4,'',0,7300,,'',0,2700,4,'',0,7300,,'',0,2700,4,'',0,7300,,'',0,2700,4,'',0,7300,,'',0,2700,4,'',0,7300,,'',0,2700,4,'',0,400,,'',0,2700,4,'',0,4400,,'',0,2700,4,'',0,300,,'',0,6700,4,'',0,300,,'',0,2700,4,'',0,300,,'',0,6700,4,'',0,300,,'',0,2700,4,'',0,7700,,'',0,2700,4,'',0
'571',1601,60000,,'',0,2700,4,'',0,300,,'',0,2700,4,'',0,4300,,'',0,2700,4,'',0,300,,'',0,2700,4,'',0,4300,,'',0,3000,,'',0,700,4,'',0,6300,4,'',0,3000,,'',0,2700,4,'',0,7300,,'',0,2700,4,'',0,7300,,'',0,2700,4,'',0,7300,,'',0,2700,4,'',0,7300,,'',0,2700,4,'',0,7300,,'',0,2700,4,'',0,8000,,'',0,6300,,'',0,700,4,'',0,2000,4,'',0,800,,'',0,6500,,'',0,200,4,'',0,2500,4,'',0,800,,'',0,6700,4,'',0,3300,,'',0,6700,4,'',0,3300,,'',0,6700,4,'',0,3300,,'',0,6700,4,'',0,2800,,'',0,2700,4,'',0,7300,,'',0,2700,4,'',0
'572',1601,60000,,'',0,2700,4,'',0,300,,'',0,2700,4,'',0,4300,,'',0,2700,4,'',0,300,,'',0,2700,4,'',0,4300,,'',0,3000,,'',0,700,4,'',0,6300,4,'',0,3000,,'',0,2700,4,'',0,7300,,'',0,2700,4,'',0,7300,,'',0,2700,4,'',0,7300,,'',0,2700,4,'',0,7300,,'',0,2700,4,'',0,7300,,'',0,2700,4,'',0,8000,,'',0,6300,,'',0,700,4,'',0,2000,4,'',0,800,,'',0,6500,,'',0,200,4,'',0,2500,4,'',0,800,,'',0,6700,4,'',0,3300,,'',0,6700,4,'',0,3300,,'',0,6700,4,'',0,3300,,'',0,6700,4,'',0,2800,,'',0,2700,4,'',0,7300,,'',0,2700,4,'',0
'573',1601,60000,,'',0,2700,4,'',0,300,,'',0,2700,4,'',0,4300,,'',0,2700,4,'',0,300,,'',0,2700,4,'',0,4300,,'',0,3000,,'',0,700,4,'',0,6300,4,'',0,3000,,'',0,2700,4,'',0,7300,,'',0,2700,4,'',0,7300,,'',0,2700,4,'',0,7300,,'',0,2700,4,'',0,7300,,'',0,2700,4,'',0,7300,,'',0,2700,4,'',0,8000,,'',0,6300,,'',0,700,4,'',0,2000,4,'',0,800,,'',0,6500,,'',0,200,4,'',0,2500,4,'',0,800,,'',0,6700,4,'',0,3300,,'',0,6700,4,'',0,3300,,'',0,6700,4,'',0,3300,,'',0,6700,4,'',0,2800,,'',0,2700,4,'',0,7300,,'',0,2700,4,'',0
'574',1601,60000,,'',0,2700,4,'',0,300,,'',0,2700,4,'',0,4300,,'',0,2700,4,'',0,300,,'',0,2700,4,'',0,4300,,'',0,3000,,'',0,700,4,'',0,6300,4,'',0,3000,,'',0,2700,4,'',0,7300,,'',0,2700,4,'',0,7300,,'',0,2700,4,'',0,7300,,'',0,2700,4,'',0,7300,,'',0,2700,4,'',0,7300,,'',0,2700,4,'',0,8000,,'',0,6300,,'',0,700,4,'',0,2000,4,'',0,800,,'',0,6500,,'',0,200,4,'',0,2500,4,'',0,800,,'',0,6700,4,'',0,3300,,'',0,6700,4,'',0,3300,,'',0,6700,4,'',0,3300,,'',0,6700,4,'',0,2800,,'',0,2700,4,'',0,7300,,'',0,2700,4,'',0
'575',1601,60000,,'',0,2700,4,'',0,300,,'',0,2700,4,'',0,4300,,'',0,2700,4,'',0,300,,'',0,2700,4,'',0,4300,,'',0,3000,,'',0,700,4,'',0,6300,4,'',0,3000,,'',0,2700,4,'',0,7300,,'',0,2700,4,'',0,7300,,'',0,2700,4,'',0,7300,,'',0,2700,4,'',0,7300,,'',0,2700,4,'',0,7300,,'',0,2700,4,'',0,8000,,'',0,6300,,'',0,700,4,'',0,2000,4,'',0,800,,'',0,6500,,'',0,200,4,'',0,2500,4,'',0,800,,'',0,6700,4,'',0,3300,,'',0,6700,4,'',0,3300,,'',0,6700,4,'',0,3300,,'',0,6700,4,'',0,2800,,'',0,2700,4,'',0,7300,,'',0,2700,4,'',0
'569',1700,83000,,'',0,1800,4,'',0,8200,,'',0,1800,4,'',0,8200,,'',0,1800,4,'',0,8200,,'',0,1800,4,'',0,8200,,'',0,1800,4,'',0,8200,,'',0,1800,4,'',0,18200,,'',0,1800,4,'',0,8200,,'',0,1800,4,'',0,8200,,'',0,1800,4,'',0,8200,,'',0,1800,4,'',0
'570',1700,83100,,'',0,1800,4,'',0,18200,,'',0,1800,4,'',0,8200,,'',0,1800,4,'',0,8200,,'',0,1800,4,'',0,8200,,'',0,1800,4,'',0,8200,,'',0,1800,4,'',0,8300,,'',0,1800,4,'',0,8300,,'',0,1800,4,'',0,8200,,'',0,1800,4,'',0,8400,,'',0,1800,4,'',0
'571',1700,60500,,'',0,1900,4,'',0,1100,,'',0,1900,4,'',0,5100,,'',0,1900,4,'',0,1100,,'',0,2200,4,'',0,4300,,'',0,2400,4,'',0,600,,'',0,800,,'',0,1700,4,'',0,4900,4,'',0,100,,'',0,2100,4,'',0,7400,,'',0,2100,4,'',0,7900,,'',0,2100,4,'',0,7900,,'',0,2100,4,'',0,7900,,'',0,2100,4,'',0,7900,,'',0,2100,4,'',0,7900,,'',0,1000,,'',0,1500,4,'',0,500,,'',0,500,4,'',0,2000,4,'',0,5500,,'',0,2100,4,'',0,400,,'',0,2000,4,'',0,5000,,'',0,2000,4,'',0,1000,,'',0,2000,4,'',0,5000,,'',0,2000,4,'',0,8000,,'',0,2000,4,'',0,8000,,'',0,2000,4,'',0,8000,,'',0,2000,4,'',0,7500,,'',0,2000,4,'',0,8000,,'',0,2000,4,'',0
'572',1700,60500,,'',0,1900,4,'',0,1100,,'',0,1900,4,'',0,5100,,'',0,1900,4,'',0,1100,,'',0,2200,4,'',0,4300,,'',0,2400,4,'',0,600,,'',0,800,,'',0,1700,4,'',0,4900,4,'',0,100,,'',0,2100,4,'',0,7400,,'',0,2100,4,'',0,7900,,'',0,2100,4,'',0,7900,,'',0,2100,4,'',0,7900,,'',0,2100,4,'',0,7900,,'',0,2100,4,'',0,7900,,'',0,1000,,'',0,1500,4,'',0,500,,'',0,500,4,'',0,2000,4,'',0,5500,,'',0,2100,4,'',0,400,,'',0,2000,4,'',0,5000,,'',0,2000,4,'',0,1000,,'',0,2000,4,'',0,5000,,'',0,2000,4,'',0,8000,,'',0,2000,4,'',0,8000,,'',0,2000,4,'',0,8000,,'',0,2000,4,'',0,7500,,'',0,2000,4,'',0,8000,,'',0,2000,4,'',0
'573',1700,60500,,'',0,1900,4,'',0,1100,,'',0,1900,4,'',0,5100,,'',0,1900,4,'',0,1100,,'',0,2200,4,'',0,4300,,'',0,2400,4,'',0,600,,'',0,800,,'',0,1700,4,'',0,4900,4,'',0,100,,'',0,2100,4,'',0,7400,,'',0,2100,4,'',0,7900,,'',0,2100,4,'',0,7900,,'',0,2100,4,'',0,7900,,'',0,2100,4,'',0,7900,,'',0,2100,4,'',0,7900,,'',0,1000,,'',0,1500,4,'',0,500,,'',0,500,4,'',0,2000,4,'',0,5500,,'',0,2100,4,'',0,400,,'',0,2000,4,'',0,5000,,'',0,2000,4,'',0,1000,,'',0,2000,4,'',0,5000,,'',0,2000,4,'',0,8000,,'',0,2000,4,'',0,8000,,'',0,2000,4,'',0,8000,,'',0,2000,4,'',0,7500,,'',0,2000,4,'',0,8000,,'',0,2000,4,'',0
'574',1700,60500,,'',0,1900,4,'',0,1100,,'',0,1900,4,'',0,5100,,'',0,1900,4,'',0,1100,,'',0,2200,4,'',0,4300,,'',0,2400,4,'',0,600,,'',0,800,,'',0,1700,4,'',0,4900,4,'',0,100,,'',0,2100,4,'',0,7400,,'',0,2100,4,'',0,7900,,'',0,2100,4,'',0,7900,,'',0,2100,4,'',0,7900,,'',0,2100,4,'',0,7900,,'',0,2100,4,'',0,7900,,'',0,1000,,'',0,1500,4,'',0,500,,'',0,500,4,'',0,2000,4,'',0,5500,,'',0,2100,4,'',0,400,,'',0,2000,4,'',0,5000,,'',0,2000,4,'',0,1000,,'',0,2000,4,'',0,5000,,'',0,2000,4,'',0,8000,,'',0,2000,4,'',0,8000,,'',0,2000,4,'',0,8000,,'',0,2000,4,'',0,7500,,'',0,2000,4,'',0,8000,,'',0,2000,4,'',0
'575',1700,60500,,'',0,1900,4,'',0,1100,,'',0,1900,4,'',0,5100,,'',0,1900,4,'',0,1100,,'',0,2200,4,'',0,4300,,'',0,2400,4,'',0,600,,'',0,800,,'',0,1700,4,'',0,4900,4,'',0,100,,'',0,2100,4,'',0,7400,,'',0,2100,4,'',0,7900,,'',0,2100,4,'',0,7900,,'',0,2100,4,'',0,7900,,'',0,2100,4,'',0,7900,,'',0,2100,4,'',0,7900,,'',0,1000,,'',0,1500,4,'',0,500,,'',0,500,4,'',0,2000,4,'',0,5500,,'',0,2100,4,'',0,400,,'',0,2000,4,'',0,5000,,'',0,2000,4,'',0,1000,,'',0,2000,4,'',0,5000,,'',0,2000,4,'',0,8000,,'',0,2000,4,'',0,8000,,'',0,2000,4,'',0,8000,,'',0,2000,4,'',0,7500,,'',0,2000,4,'',0,8000,,'',0,2000,4,'',0
