'571',500,71600,4,'',0,3800,4,'',0,10000,4,'',0,9200,4,'',0,60600,4,'',0,5500,4,'',0,3700,4,'',0,8900,4,'',0,8000,4,'',0
'572',500,71600,4,'',0,3800,4,'',0,10000,4,'',0,9200,4,'',0,60600,4,'',0,5500,4,'',0,3700,4,'',0,8900,4,'',0,8000,4,'',0
'573',500,71600,4,'',0,3800,4,'',0,10000,4,'',0,9200,4,'',0,60600,4,'',0,5500,4,'',0,3700,4,'',0,8900,4,'',0,8000,4,'',0
'574',500,71600,4,'',0,3800,4,'',0,10000,4,'',0,9200,4,'',0,60600,4,'',0,5500,4,'',0,3700,4,'',0,8900,4,'',0,8000,4,'',0
'575',500,71600,4,'',0,3800,4,'',0,10000,4,'',0,9200,4,'',0,60600,4,'',0,5500,4,'',0,3700,4,'',0,8900,4,'',0,8000,4,'',0
'569',701,82900,4,'',0,12000,4,'',0,16000,4,'',0,12000,4,'',0,12000,4,'',0,16000,4,'',0,12000,4,'',0,12000,4,'',0
'570',701,83400,4,'',0,10000,4,'',0,10000,4,'',0,10000,4,'',0,10000,4,'',0,10000,4,'',0,10000,4,'',0,10000,4,'',0,10000,4,'',0,10000,4,'',0
'571',701,64200,4,'',0,7500,4,'',0,3600,4,'',0,5600,4,'',0,2000,4,'',0,7500,4,'',0,3500,4,'',0,7500,4,'',0,11000,4,'',0,11000,4,'',0,11000,4,'',0,7500,4,'',0,3500,4,'',0,7000,4,'',0,500,4,'',0,7600,4,'',0,3500,4,'',0,7500,4,'',0,3400,4,'',0,7500,4,'',0,11000,4,'',0,11000,4,'',0,20900,4,'',0
'572',701,64200,4,'',0,7500,4,'',0,3600,4,'',0,5600,4,'',0,2000,4,'',0,7500,4,'',0,3500,4,'',0,7500,4,'',0,11000,4,'',0,11000,4,'',0,11000,4,'',0,7500,4,'',0,3500,4,'',0,7000,4,'',0,500,4,'',0,7600,4,'',0,3500,4,'',0,7500,4,'',0,3400,4,'',0,7500,4,'',0,11000,4,'',0,11000,4,'',0,20900,4,'',0
'573',701,64200,4,'',0,7500,4,'',0,3600,4,'',0,5600,4,'',0,2000,4,'',0,7500,4,'',0,3500,4,'',0,7500,4,'',0,11000,4,'',0,11000,4,'',0,11000,4,'',0,7500,4,'',0,3500,4,'',0,7000,4,'',0,500,4,'',0,7600,4,'',0,3500,4,'',0,7500,4,'',0,3400,4,'',0,7500,4,'',0,11000,4,'',0,11000,4,'',0,20900,4,'',0
'574',701,64200,4,'',0,7500,4,'',0,3600,4,'',0,5600,4,'',0,2000,4,'',0,7500,4,'',0,3500,4,'',0,7500,4,'',0,11000,4,'',0,11000,4,'',0,11000,4,'',0,7500,4,'',0,3500,4,'',0,7000,4,'',0,500,4,'',0,7600,4,'',0,3500,4,'',0,7500,4,'',0,3400,4,'',0,7500,4,'',0,11000,4,'',0,11000,4,'',0,20900,4,'',0
'575',701,64200,4,'',0,7500,4,'',0,3600,4,'',0,5600,4,'',0,2000,4,'',0,7500,4,'',0,3500,4,'',0,7500,4,'',0,11000,4,'',0,11000,4,'',0,11000,4,'',0,7500,4,'',0,3500,4,'',0,7000,4,'',0,500,4,'',0,7600,4,'',0,3500,4,'',0,7500,4,'',0,3400,4,'',0,7500,4,'',0,11000,4,'',0,11000,4,'',0,20900,4,'',0
