'571',1300,71500,,'',0,2500,,'',0,6500,,'',0,2500,,'',0,2500,,'',0,6500,,'',0,2500,,'',0,47500,,'',0,2500,,'',0,6500,,'',0,2500,,'',0,6500,,'',0,2500,,'',0,2500,,'',0,6500,,'',0,21500,,'',0,2500,,'',0,6500,,'',0,2500,,'',0,6500,,'',0,2500,,'',0
'571',1301,73400,4,'',0,2500,4,'',0,6500,4,'',0,2500,4,'',0,6500,4,'',0,2500,4,'',0,6500,4,'',0,43500,4,'',0,6500,4,'',0,2500,4,'',0,2500,4,'',0,6500,4,'',0,2500,4,'',0,6500,4,'',0,2500,4,'',0,21500,4,'',0,6500,4,'',0,2500,4,'',0,6500,4,'',0,2500,4,'',0,2500,4,'',0
'572',1300,71500,,'',0,2500,,'',0,6500,,'',0,2500,,'',0,2500,,'',0,6500,,'',0,2500,,'',0,47500,,'',0,2500,,'',0,6500,,'',0,2500,,'',0,6500,,'',0,2500,,'',0,2500,,'',0,6500,,'',0,21500,,'',0,2500,,'',0,6500,,'',0,2500,,'',0,6500,,'',0,2500,,'',0
'572',1301,73400,4,'',0,2500,4,'',0,6500,4,'',0,2500,4,'',0,6500,4,'',0,2500,4,'',0,6500,4,'',0,43500,4,'',0,6500,4,'',0,2500,4,'',0,2500,4,'',0,6500,4,'',0,2500,4,'',0,6500,4,'',0,2500,4,'',0,21500,4,'',0,6500,4,'',0,2500,4,'',0,6500,4,'',0,2500,4,'',0,2500,4,'',0
'573',1300,71500,,'',0,2500,,'',0,6500,,'',0,2500,,'',0,2500,,'',0,6500,,'',0,2500,,'',0,47500,,'',0,2500,,'',0,6500,,'',0,2500,,'',0,6500,,'',0,2500,,'',0,2500,,'',0,6500,,'',0,21500,,'',0,2500,,'',0,6500,,'',0,2500,,'',0,6500,,'',0,2500,,'',0
'573',1301,73400,4,'',0,2500,4,'',0,6500,4,'',0,2500,4,'',0,6500,4,'',0,2500,4,'',0,6500,4,'',0,43500,4,'',0,6500,4,'',0,2500,4,'',0,2500,4,'',0,6500,4,'',0,2500,4,'',0,6500,4,'',0,2500,4,'',0,21500,4,'',0,6500,4,'',0,2500,4,'',0,6500,4,'',0,2500,4,'',0,2500,4,'',0
'574',1300,71500,,'',0,2500,,'',0,6500,,'',0,2500,,'',0,2500,,'',0,6500,,'',0,2500,,'',0,47500,,'',0,2500,,'',0,6500,,'',0,2500,,'',0,6500,,'',0,2500,,'',0,2500,,'',0,6500,,'',0,21500,,'',0,2500,,'',0,6500,,'',0,2500,,'',0,6500,,'',0,2500,,'',0
'574',1301,73400,4,'',0,2500,4,'',0,6500,4,'',0,2500,4,'',0,6500,4,'',0,2500,4,'',0,6500,4,'',0,43500,4,'',0,6500,4,'',0,2500,4,'',0,2500,4,'',0,6500,4,'',0,2500,4,'',0,6500,4,'',0,2500,4,'',0,21500,4,'',0,6500,4,'',0,2500,4,'',0,6500,4,'',0,2500,4,'',0,2500,4,'',0
'575',1300,71500,,'',0,2500,,'',0,6500,,'',0,2500,,'',0,2500,,'',0,6500,,'',0,2500,,'',0,47500,,'',0,2500,,'',0,6500,,'',0,2500,,'',0,6500,,'',0,2500,,'',0,2500,,'',0,6500,,'',0,21500,,'',0,2500,,'',0,6500,,'',0,2500,,'',0,6500,,'',0,2500,,'',0
'575',1301,73400,4,'',0,2500,4,'',0,6500,4,'',0,2500,4,'',0,6500,4,'',0,2500,4,'',0,6500,4,'',0,43500,4,'',0,6500,4,'',0,2500,4,'',0,2500,4,'',0,6500,4,'',0,2500,4,'',0,6500,4,'',0,2500,4,'',0,21500,4,'',0,6500,4,'',0,2500,4,'',0,6500,4,'',0,2500,4,'',0,2500,4,'',0
