'2380',8801,161600,4,'',0
'2252',9700,70900,,'',0,3000,,'',0,7000,,'',0,3000,,'',0,6900,,'',0,3000,,'',0,7000,,'',0,3000,,'',0,7000,,'',0,3000,,'',0,7000,,'',0,3000,,'',0,7000,,'',0,3000,,'',0,7000,,'',0,3000,,'',0,7000,,'',0,3000,,'',0,7000,,'',0,3000,,'',0,7000,,'',0,3600,,'',0,7000,,'',0,3000,,'',0,7000,,'',0,3000,0,'Downtown',0,7000,,'',0,10000,,'',0,10000,,'',0,10000,,'',0,10000,,'',0
'2252',9701,72900,4,'',0,9000,4,'',0,3100,4,'',0,7000,4,'',0,3000,4,'',0,7000,4,'',0,3100,4,'',0,7000,4,'',0,3100,4,'',0,7000,4,'',0,3000,4,'',0,7000,4,'',0,3000,4,'',0,7000,4,'',0,3000,4,'',0,7000,4,'',0,3000,4,'',0,7000,4,'',0,3000,4,'',0,6900,4,'',0,3000,4,'',0,7500,4,'',0,3000,4,'',0,7000,4,'',0,3000,4,'',0,9800,4,'',0,10000,4,'',0,10000,4,'',0,10000,4,'',0
'2253',9700,80900,,'',0,9900,,'',0,10000,,'',0,10000,,'',0,10000,,'',0,10000,,'',0,10000,,'',0,3000,,'',0,7000,,'',0,3000,,'',0,7000,,'',0,3000,,'',0,7000,,'',0,3100,,'',0,7000,,'',0,10000,,'',0,10000,,'',0,10000,,'',0,10000,,'',0
'2253',9701,74800,4,'',0,10100,4,'',0,10000,4,'',0,10100,4,'',0,10100,4,'',0,10000,4,'',0,10000,4,'',0,7000,4,'',0,3000,4,'',0,7000,4,'',0,3000,4,'',0,7000,4,'',0,3000,4,'',0,6900,4,'',0,3000,4,'',0,10000,4,'',0,10000,4,'',0,9800,4,'',0,10000,4,'',0
'2298',9700,64000,,'',0,19500,,'',0,19900,,'',0,20400,,'',0,21500,,'',0,25600,,'',0,20600,,'',0,18500,,'',0,14000,,'',0,18000,,'',0
'2298',9701,82300,4,'',0,19700,4,'',0,20200,4,'',0,20800,4,'',0,22200,4,'',0,24900,4,'',0,14800,4,'',0,17800,4,'',0,17700,4,'',0
'2380',9700,61000,,'',0,1500,,'',0,3000,,'',0,5500,,'',0,1500,,'',0,1400,,'',0,1400,,'',0,5400,,'',0,1400,,'',0,2800,,'',0,5500,,'',0,1500,,'',0,1500,,'',0,7000,,'',0,10000,,'',0,3000,,'',0,7200,,'',0,10600,,'',0,3400,,'',0,7500,,'',0,1600,,'',0,7200,,'',0,1700,,'',0,1700,,'',0,5700,,'',0,1800,,'',0,900,0,'Downtown',0,800,,'',0,1700,,'',0,7500,,'',0,2000,,'',0,1000,0,'Downtown',0,5000,,'',0,1400,0,'Downtown',0,1400,,'',0,2000,,'',0,7500,0,'Downtown',0,1500,,'',0,6000,,'',0,1500,0,'Downtown',0,1800,,'',0,8700,,'',0,2500,,'',0,18000,,'',0,17000,0,'Downtown',0
'2380',9701,60400,4,'',0,3300,4,'',0,2200,4,'',0,5100,4,'',0,1100,4,'',0,1500,4,'',0,1600,4,'',0,5500,4,'',0,3100,4,'',0,1500,4,'',0,5400,4,'',0,1800,4,'',0,2400,4,'',0,10200,4,'',0,7100,4,'',0,3000,4,'',0,10000,4,'',0,7100,4,'',0,3300,4,'',0,5700,4,'',0,3500,4,'',0,5500,4,'',0,2000,4,'',0,1900,4,'',0,1600,4,'',0,5800,4,'',0,1800,4,'',0,7500,4,'',0,1800,4,'',0,1300,4,'',0,1500,4,'',0,5600,4,'',0,1600,4,'',0,1600,4,'',0,7500,4,'',0,1700,4,'',0,1700,4,'',0,5800,4,'',0,2000,4,'',0,8300,4,'',0,2500,4,'',0,17900,4,'',0,13700,4,'',0
'2381',9700,64000,,'',0,19500,,'',0,19900,,'',0,20400,,'',0,21500,,'',0,25600,,'',0,20600,,'',0,18500,,'',0,14000,,'',0,18000,,'',0
'2381',9701,82300,4,'',0,19700,4,'',0,20200,4,'',0,20800,4,'',0,22200,4,'',0,24900,4,'',0,14800,4,'',0,17800,4,'',0,17700,4,'',0
