'541',1400,70100,4,'',0,3000,4,'',0,7000,4,'',0,3000,4,'',0,7000,4,'',0,30900,,'',0,32100,4,'',0,7000,4,'',0,3000,4,'',0,7000,4,'',0,3000,4,'',0,21700,,'',0
'541',1401,63500,,'',0,7000,,'',0,3000,,'',0,7000,,'',0,3000,,'',0,67000,,'',0,3000,,'',0,7000,,'',0,3000,,'',0,7000,,'',0
'542',1400,70100,4,'',0,3000,4,'',0,7000,4,'',0,3000,4,'',0,7000,4,'',0,30900,,'',0,32100,4,'',0,7000,4,'',0,3000,4,'',0,7000,4,'',0,3000,4,'',0,21700,,'',0
'542',1401,63500,,'',0,7000,,'',0,3000,,'',0,7000,,'',0,3000,,'',0,67000,,'',0,3000,,'',0,7000,,'',0,3000,,'',0,7000,,'',0
'543',1400,70100,4,'',0,3000,4,'',0,7000,4,'',0,3000,4,'',0,7000,4,'',0,30900,,'',0,32100,4,'',0,7000,4,'',0,3000,4,'',0,7000,4,'',0,3000,4,'',0,21700,,'',0
'543',1401,63500,,'',0,7000,,'',0,3000,,'',0,7000,,'',0,3000,,'',0,67000,,'',0,3000,,'',0,7000,,'',0,3000,,'',0,7000,,'',0
'544',1400,70100,4,'',0,3000,4,'',0,7000,4,'',0,3000,4,'',0,7000,4,'',0,30900,,'',0,32100,4,'',0,7000,4,'',0,3000,4,'',0,7000,4,'',0,3000,4,'',0,21700,,'',0
'544',1401,63500,,'',0,7000,,'',0,3000,,'',0,7000,,'',0,3000,,'',0,67000,,'',0,3000,,'',0,7000,,'',0,3000,,'',0,7000,,'',0
'545',1400,81400,4,'',0,13500,4,'',0,19700,4,'',0,30000,4,'',0,26500,4,'',0,13500,4,'',0,18700,4,'',0
'546',1400,83600,4,'',0,26400,4,'',0,14500,4,'',0,18500,4,'',0,22500,4,'',0,26500,4,'',0
'547',1400,70100,4,'',0,3000,4,'',0,7000,4,'',0,3000,4,'',0,7000,4,'',0,30900,,'',0,32100,4,'',0,7000,4,'',0,3000,4,'',0,7000,4,'',0,3000,4,'',0,21700,,'',0
'547',1401,63500,,'',0,7000,,'',0,3000,,'',0,7000,,'',0,3000,,'',0,67000,,'',0,3000,,'',0,7000,,'',0,3000,,'',0,7000,,'',0
