'541',600,63600,4,'',0,7000,4,'',0,3100,4,'',0,7100,4,'',0,3000,4,'',0,7000,4,'',0,3000,4,'',0,7000,4,'',0,3500,4,'',0,7300,4,'',0,3500,4,'',0,7300,4,'',0,3500,4,'',0,7300,4,'',0,7700,4,'',0,3100,4,'',0,6800,4,'',0,3000,4,'',0,1200,4,'',0,6000,4,'',0,3000,4,'',0,6800,4,'',0,2900,4,'',0,7000,4,'',0,9900,4,'',0,10000,4,'',0,10000,4,'',0,9900,4,'',0,10000,4,'',0
'541',601,61500,,'',0,3000,,'',0,7000,,'',0,3000,,'',0,7000,,'',0,3000,,'',0,7000,,'',0,3600,,'',0,7600,,'',0,7500,,'',0,3300,,'',0,7500,,'',0,3300,,'',0,7700,,'',0,3000,,'',0,6500,,'',0,3000,,'',0,5500,,'',0,1500,,'',0,3000,,'',0,7000,,'',0,3000,,'',0,7000,,'',0,3000,,'',0,7000,,'',0,10000,,'',0,10000,,'',0,10000,,'',0,10000,,'',0
'542',600,63600,4,'',0,7000,4,'',0,3100,4,'',0,7100,4,'',0,3000,4,'',0,7000,4,'',0,3000,4,'',0,7000,4,'',0,3500,4,'',0,7300,4,'',0,3500,4,'',0,7300,4,'',0,3500,4,'',0,7300,4,'',0,7700,4,'',0,3100,4,'',0,6800,4,'',0,3000,4,'',0,1200,4,'',0,6000,4,'',0,3000,4,'',0,6800,4,'',0,2900,4,'',0,7000,4,'',0,9900,4,'',0,10000,4,'',0,10000,4,'',0,9900,4,'',0,10000,4,'',0
'542',601,61500,,'',0,3000,,'',0,7000,,'',0,3000,,'',0,7000,,'',0,3000,,'',0,7000,,'',0,3600,,'',0,7600,,'',0,7500,,'',0,3300,,'',0,7500,,'',0,3300,,'',0,7700,,'',0,3000,,'',0,6500,,'',0,3000,,'',0,5500,,'',0,1500,,'',0,3000,,'',0,7000,,'',0,3000,,'',0,7000,,'',0,3000,,'',0,7000,,'',0,10000,,'',0,10000,,'',0,10000,,'',0,10000,,'',0
'543',600,63600,4,'',0,7000,4,'',0,3100,4,'',0,7100,4,'',0,3000,4,'',0,7000,4,'',0,3000,4,'',0,7000,4,'',0,3500,4,'',0,7300,4,'',0,3500,4,'',0,7300,4,'',0,3500,4,'',0,7300,4,'',0,7700,4,'',0,3100,4,'',0,6800,4,'',0,3000,4,'',0,1200,4,'',0,6000,4,'',0,3000,4,'',0,6800,4,'',0,2900,4,'',0,7000,4,'',0,9900,4,'',0,10000,4,'',0,10000,4,'',0,9900,4,'',0,10000,4,'',0
'543',601,61500,,'',0,3000,,'',0,7000,,'',0,3000,,'',0,7000,,'',0,3000,,'',0,7000,,'',0,3600,,'',0,7600,,'',0,7500,,'',0,3300,,'',0,7500,,'',0,3300,,'',0,7700,,'',0,3000,,'',0,6500,,'',0,3000,,'',0,5500,,'',0,1500,,'',0,3000,,'',0,7000,,'',0,3000,,'',0,7000,,'',0,3000,,'',0,7000,,'',0,10000,,'',0,10000,,'',0,10000,,'',0,10000,,'',0
'544',600,63600,4,'',0,7000,4,'',0,3100,4,'',0,7100,4,'',0,3000,4,'',0,7000,4,'',0,3000,4,'',0,7000,4,'',0,3500,4,'',0,7300,4,'',0,3500,4,'',0,7300,4,'',0,3500,4,'',0,7300,4,'',0,7700,4,'',0,3100,4,'',0,6800,4,'',0,3000,4,'',0,1200,4,'',0,6000,4,'',0,3000,4,'',0,6800,4,'',0,2900,4,'',0,7000,4,'',0,9900,4,'',0,10000,4,'',0,10000,4,'',0,9900,4,'',0,10000,4,'',0
'544',601,61500,,'',0,3000,,'',0,7000,,'',0,3000,,'',0,7000,,'',0,3000,,'',0,7000,,'',0,3600,,'',0,7600,,'',0,7500,,'',0,3300,,'',0,7500,,'',0,3300,,'',0,7700,,'',0,3000,,'',0,6500,,'',0,3000,,'',0,5500,,'',0,1500,,'',0,3000,,'',0,7000,,'',0,3000,,'',0,7000,,'',0,3000,,'',0,7000,,'',0,10000,,'',0,10000,,'',0,10000,,'',0,10000,,'',0
'545',600,81000,4,'',0,3000,4,'',0,7000,4,'',0,3000,4,'',0,7000,4,'',0,3000,4,'',0,7000,4,'',0,3000,4,'',0,7000,4,'',0,3000,4,'',0,7000,4,'',0,3000,4,'',0,7000,4,'',0,3000,4,'',0,7000,4,'',0,3000,4,'',0,7000,4,'',0,3000,4,'',0,7000,4,'',0,3000,4,'',0,11900,4,'',0,9900,4,'',0,9900,4,'',0,10000,4,'',0
'545',601,75000,,'',0,7000,,'',0,3000,,'',0,7000,,'',0,3000,,'',0,7000,,'',0,3000,,'',0,7000,,'',0,3000,,'',0,7000,,'',0,3000,,'',0,7000,,'',0,3000,,'',0,7000,,'',0,3000,,'',0,7000,,'',0,3000,,'',0,7000,,'',0,3000,,'',0,7000,,'',0,9000,,'',0,10000,,'',0,10000,,'',0,10000,,'',0,9800,,'',0
'546',600,92400,4,'',0,3000,4,'',0,17000,4,'',0,3000,4,'',0,17000,4,'',0,3000,4,'',0,10000,4,'',0,10000,4,'',0,10000,4,'',0,10000,4,'',0,10000,4,'',0,9900,4,'',0,9900,4,'',0
'546',601,80500,,'',0,10000,,'',0,10000,,'',0,10000,,'',0,10000,,'',0,10000,,'',0,10000,,'',0,10000,,'',0,10000,,'',0,10000,,'',0,10000,,'',0,10000,,'',0,10000,,'',0
'547',600,63600,4,'',0,7000,4,'',0,3100,4,'',0,7100,4,'',0,3000,4,'',0,7000,4,'',0,3000,4,'',0,7000,4,'',0,3500,4,'',0,7300,4,'',0,3500,4,'',0,7300,4,'',0,3500,4,'',0,7300,4,'',0,7700,4,'',0,3100,4,'',0,6800,4,'',0,3000,4,'',0,1200,4,'',0,6000,4,'',0,3000,4,'',0,6800,4,'',0,2900,4,'',0,7000,4,'',0,9900,4,'',0,10000,4,'',0,10000,4,'',0,9900,4,'',0,10000,4,'',0
'547',601,61500,,'',0,3000,,'',0,7000,,'',0,3000,,'',0,7000,,'',0,3000,,'',0,7000,,'',0,3600,,'',0,7600,,'',0,7500,,'',0,3300,,'',0,7500,,'',0,3300,,'',0,7700,,'',0,3000,,'',0,6500,,'',0,3000,,'',0,5500,,'',0,1500,,'',0,3000,,'',0,7000,,'',0,3000,,'',0,7000,,'',0,3000,,'',0,7000,,'',0,10000,,'',0,10000,,'',0,10000,,'',0,10000,,'',0
