103,24,1,0
103,25,2,0
103,26,3,0
103,27,4,0
103,28,5,0
103,29,6,0
103,30,7,0
103,31,8,0
103,32,9,0
103,33,10,0
103,34,11,0
103,11,12,0
103,12,13,0
103,13,14,0
103,35,15,0
103,36,16,0
103,37,17,0
103,38,18,0
103,39,19,0
103,40,20,0
103,41,21,0
103,42,22,0
103,43,23,0
103,1,24,1
104,1,1,0
104,2,2,0
104,3,3,0
104,4,4,0
104,5,5,0
104,6,6,0
104,7,7,0
104,8,8,0
104,9,9,0
104,10,10,0
104,11,11,0
104,12,12,0
104,13,13,0
104,14,14,0
104,15,15,0
104,16,16,0
104,17,17,0
104,18,18,0
104,19,19,0
104,20,20,0
104,21,21,0
104,22,22,0
104,23,23,0
104,24,24,1
200,53,1,0
200,54,2,0
200,55,3,0
200,56,4,0
200,57,5,0
200,58,6,0
200,59,7,0
200,60,8,0
200,61,9,0
200,44,10,1
201,44,1,0
201,45,2,0
201,46,3,0
201,47,4,0
201,48,5,0
201,49,6,0
201,50,7,0
201,51,8,0
201,52,9,0
201,53,10,1
300,76,1,0
300,77,2,0
300,78,3,0
300,79,4,0
300,80,5,0
300,81,6,0
300,82,7,0
300,83,8,0
300,84,9,0
300,85,10,0
300,86,11,0
300,87,12,0
300,88,13,0
300,89,14,0
300,90,15,0
300,91,16,0
300,92,17,0
300,62,18,1
301,62,1,0
301,63,2,0
301,64,3,0
301,65,4,0
301,66,5,0
301,67,6,0
301,68,7,0
301,69,8,0
301,70,9,0
301,71,10,0
301,72,11,0
301,73,12,0
301,74,13,0
301,75,14,0
301,76,15,1
403,24,1,0
403,93,2,0
403,94,3,0
403,95,4,0
403,96,5,0
403,97,6,0
403,98,7,0
403,99,8,0
403,100,9,0
403,101,10,0
403,102,11,0
403,103,12,0
403,104,13,0
403,105,14,0
403,106,15,0
403,107,16,0
403,108,17,0
403,109,18,1
404,109,1,0
404,110,2,0
404,111,3,0
404,112,4,0
404,113,5,0
404,114,6,0
404,115,7,0
404,116,8,0
404,117,9,0
404,118,10,0
404,119,11,0
404,120,12,0
404,121,13,0
404,122,14,0
404,123,15,0
404,124,16,0
404,125,17,0
404,24,18,1
500,126,1,0
500,127,2,0
500,128,3,0
500,129,4,0
500,130,5,0
500,131,6,0
500,132,7,0
500,133,8,0
500,134,9,0
500,135,10,0
500,136,11,0
500,137,12,0
500,138,13,0
500,139,14,0
500,140,15,0
500,141,16,0
500,142,17,0
500,143,18,0
500,144,19,0
500,145,20,0
500,146,21,0
500,147,22,0
500,60,23,0
500,148,24,0
500,149,25,1
501,149,1,0
501,150,2,0
501,151,3,0
501,152,4,0
501,153,5,0
501,154,6,0
501,155,7,0
501,156,8,0
501,157,9,0
501,158,10,0
501,159,11,0
501,160,12,0
501,76,13,0
501,77,14,0
501,161,15,0
501,162,16,0
501,163,17,0
501,164,18,0
501,165,19,0
501,166,20,0
501,167,21,0
501,168,22,0
501,169,23,0
501,170,24,0
501,171,25,1
603,208,1,0
603,35,2,0
603,36,3,0
603,37,4,0
603,38,5,0
603,39,6,0
603,209,7,0
603,210,8,0
603,211,9,0
603,212,10,0
603,213,11,0
603,214,12,0
603,215,13,0
603,216,14,0
603,217,15,0
603,218,16,0
603,219,17,0
603,220,18,0
603,221,19,0
603,222,20,0
603,223,21,0
603,224,22,0
603,225,23,0
603,226,24,0
603,227,25,0
603,228,26,0
603,229,27,0
603,230,28,0
603,231,29,0
603,232,30,0
603,233,31,0
603,234,32,0
603,235,33,0
603,236,34,0
603,237,35,0
603,238,36,0
603,239,37,0
603,240,38,0
603,241,39,0
603,242,40,0
603,243,41,0
603,172,42,1
604,172,1,0
604,173,2,0
604,174,3,0
604,175,4,0
604,176,5,0
604,177,6,0
604,178,7,0
604,179,8,0
604,180,9,0
604,181,10,0
604,182,11,0
604,183,12,0
604,184,13,0
604,185,14,0
604,186,15,0
604,187,16,0
604,188,17,0
604,189,18,0
604,190,19,0
604,191,20,0
604,192,21,0
604,193,22,0
604,194,23,0
604,195,24,0
604,196,25,0
604,197,26,0
604,198,27,0
604,199,28,0
604,200,29,0
604,201,30,0
604,202,31,0
604,203,32,0
604,204,33,0
604,205,34,0
604,206,35,0
604,207,36,0
604,5,37,0
604,6,38,0
604,7,39,0
604,8,40,0
604,9,41,0
604,10,42,0
604,11,43,0
604,12,44,0
604,208,45,1
701,44,1,0
701,61,2,0
701,244,3,0
701,245,4,0
701,246,5,0
701,247,6,0
701,248,7,0
701,249,8,0
701,250,9,0
701,251,10,0
701,252,11,0
701,253,12,0
701,254,13,0
701,255,14,0
701,256,15,0
701,217,16,0
701,218,17,0
701,198,18,1
702,198,1,0
702,199,2,0
702,257,3,0
702,258,4,0
702,259,5,0
702,260,6,0
702,261,7,0
702,262,8,0
702,263,9,0
702,264,10,0
702,265,11,0
702,266,12,0
702,267,13,0
702,268,14,0
702,269,15,0
702,270,16,0
702,44,17,1
801,271,1,0
801,272,2,0
801,246,3,0
801,273,4,0
801,274,5,0
801,275,6,0
801,276,7,0
801,277,8,0
801,278,9,0
801,279,10,0
801,281,11,0
801,282,12,0
801,283,13,0
801,284,14,0
801,63,15,0
801,285,16,0
801,286,17,0
801,287,18,0
801,288,19,0
801,289,20,0
801,225,21,0
801,226,22,0
801,227,23,0
801,228,24,0
801,229,25,0
801,230,26,0
801,231,27,0
801,290,28,0
801,233,29,0
801,234,30,0
801,235,31,0
801,291,32,0
801,292,33,0
801,293,34,0
801,294,35,0
801,295,36,0
801,296,37,0
801,297,38,0
801,298,39,0
801,299,40,0
801,300,41,1
802,301,1,0
802,302,2,0
802,303,3,0
802,297,4,0
802,298,5,0
802,299,6,0
802,300,7,0
802,304,8,0
802,305,9,0
802,306,10,0
802,177,11,0
802,178,12,0
802,179,13,0
802,180,14,0
802,181,15,0
802,182,16,0
802,183,17,0
802,307,18,0
802,185,19,0
802,186,20,0
802,187,21,0
802,188,22,0
802,189,23,0
802,190,24,0
802,308,25,0
802,309,26,0
802,310,27,0
802,92,28,0
802,311,29,0
802,312,30,0
802,313,31,0
802,314,32,0
802,315,33,0
802,316,34,0
802,317,35,0
802,318,36,0
802,319,37,0
802,320,38,0
802,266,39,0
802,267,40,0
802,321,41,0
802,270,42,0
802,271,43,1
901,342,1,0
901,61,2,0
901,343,3,0
901,344,4,0
901,345,5,0
901,346,6,0
901,348,7,0
901,349,8,0
901,350,9,0
901,351,10,0
901,214,11,0
901,215,12,0
901,216,13,0
901,217,14,0
901,218,15,0
901,352,16,0
901,353,17,0
901,354,18,0
901,355,19,0
901,356,20,0
901,357,21,0
901,358,22,0
901,359,23,0
901,360,24,0
901,361,25,0
901,362,26,0
901,363,27,0
901,364,28,0
901,365,29,0
901,366,30,0
901,367,31,0
901,368,32,0
901,369,33,0
901,370,34,0
901,371,35,0
901,372,36,0
901,373,37,0
901,374,38,0
901,375,39,0
901,376,40,0
901,377,41,0
901,378,42,0
901,379,43,0
901,301,44,0
901,388,45,1
902,301,1,0
902,302,2,0
902,303,3,0
902,179,4,0
902,180,5,0
902,181,6,0
902,182,7,0
902,183,8,0
902,322,9,0
902,323,10,0
902,324,11,0
902,325,12,0
902,326,13,0
902,327,14,0
902,328,15,0
902,329,16,0
902,330,17,0
902,331,18,0
902,332,19,0
902,333,20,0
902,334,21,0
902,335,22,0
902,336,23,0
902,337,24,0
902,338,25,0
902,339,26,0
902,340,27,0
902,197,28,0
902,341,29,0
902,199,30,0
902,200,31,0
902,201,32,0
902,202,33,0
902,380,34,0
902,381,35,0
902,382,36,0
902,383,37,0
902,384,38,0
902,385,39,0
902,386,40,0
902,387,41,0
902,270,42,0
902,342,43,1
1001,34,1,0
1001,11,2,0
1001,12,3,0
1001,405,4,0
1001,406,5,0
1001,407,6,0
1001,408,7,0
1001,409,8,0
1001,421,9,0
1001,410,10,0
1001,411,11,0
1001,412,12,0
1001,413,13,0
1001,414,14,0
1001,415,15,0
1001,416,16,0
1001,417,17,0
1001,418,18,0
1001,419,19,0
1001,420,20,0
1001,389,21,1
1002,389,1,0
1002,390,2,0
1002,391,3,0
1002,392,4,0
1002,393,5,0
1002,394,6,0
1002,395,7,0
1002,396,8,0
1002,397,9,0
1002,398,10,0
1002,399,11,0
1002,400,12,0
1002,401,13,0
1002,402,14,0
1002,208,15,0
1002,403,16,0
1002,404,17,0
1002,34,18,0
1002,421,19,1
1103,436,1,0
1103,437,2,0
1103,438,3,0
1103,439,4,0
1103,440,5,0
1103,441,6,0
1103,442,7,0
1103,443,8,0
1103,444,9,0
1103,445,10,0
1103,422,11,0
1103,423,12,0
1103,424,13,0
1103,425,14,0
1103,182,15,0
1103,183,16,0
1103,322,17,0
1103,323,18,0
1103,324,19,0
1103,325,20,0
1103,326,21,0
1103,327,22,0
1103,328,23,0
1103,329,24,0
1103,330,25,0
1103,331,26,0
1103,332,27,0
1103,333,28,0
1103,334,29,0
1103,335,30,0
1103,336,31,0
1103,337,32,0
1103,338,33,0
1103,339,34,0
1103,340,35,0
1103,197,36,0
1103,446,37,0
1103,421,38,1
1104,421,1,0
1104,447,2,0
1104,353,3,0
1104,354,4,0
1104,355,5,0
1104,356,6,0
1104,357,7,0
1104,358,8,0
1104,359,9,0
1104,360,10,0
1104,361,11,0
1104,362,12,0
1104,363,13,0
1104,364,14,0
1104,365,15,0
1104,366,16,0
1104,367,17,0
1104,368,18,0
1104,369,19,0
1104,370,20,0
1104,422,21,0
1104,423,22,0
1104,424,23,0
1104,425,24,0
1104,182,25,0
1104,183,26,0
1104,388,27,0
1104,426,28,0
1104,427,29,0
1104,428,30,0
1104,429,31,0
1104,430,32,0
1104,431,33,0
1104,432,34,0
1104,433,35,0
1104,434,36,0
1104,435,37,0
1104,436,38,1
1200,448,1,0
1200,449,2,0
1200,450,3,0
1200,451,4,0
1200,452,5,0
1200,453,6,0
1200,454,7,0
1200,455,8,0
1200,456,9,1
1201,456,1,0
1201,457,2,0
1201,458,3,0
1201,459,4,0
1201,460,5,0
1201,461,6,0
1201,462,7,0
1201,463,8,0
1201,464,9,0
1201,465,10,0
1201,466,11,0
1201,467,12,0
1201,468,13,0
1201,469,14,0
1201,448,15,1
1300,470,1,0
1300,25,2,0
1300,471,3,0
1300,472,4,0
1300,473,5,0
1300,474,6,0
1300,475,7,0
1300,476,8,0
1300,477,9,0
1300,478,10,0
1300,479,11,0
1300,480,12,0
1300,481,13,0
1300,482,14,0
1300,483,15,0
1300,484,16,0
1300,485,17,0
1300,486,18,0
1300,487,19,0
1300,488,20,1
1301,487,1,0
1301,488,2,0
1301,489,3,0
1301,490,4,0
1301,491,5,0
1301,492,6,0
1301,493,7,0
1301,494,8,0
1301,495,9,0
1301,496,10,0
1301,497,11,0
1301,498,12,0
1301,499,13,0
1301,500,14,0
1301,23,15,0
1301,470,16,1
1400,470,1,0
1400,449,2,0
1400,450,3,0
1400,451,4,0
1400,501,5,0
1400,502,6,0
1400,503,7,0
1400,504,8,0
1400,505,9,0
1400,506,10,0
1400,507,11,0
1400,508,12,0
1400,509,13,0
1400,510,14,1
1401,510,1,0
1401,511,2,0
1401,512,3,0
1401,513,4,0
1401,514,5,0
1401,515,6,0
1401,516,7,0
1401,517,8,0
1401,518,9,0
1401,467,10,0
1401,468,11,0
1401,469,12,0
1401,470,13,1
1503,149,1,0
1503,150,2,0
1503,151,3,0
1503,152,4,0
1503,153,5,0
1503,154,6,0
1503,155,7,0
1503,156,8,0
1503,157,9,0
1503,158,10,0
1503,159,11,0
1503,160,12,0
1503,76,13,0
1503,77,14,0
1503,161,15,0
1503,162,16,0
1503,163,17,0
1503,164,18,0
1503,519,19,0
1503,520,20,0
1503,521,21,0
1503,522,22,0
1503,131,23,1
1504,131,1,0
1504,132,2,0
1504,133,3,0
1504,134,4,0
1504,135,5,0
1504,136,6,0
1504,137,7,0
1504,138,8,0
1504,139,9,0
1504,140,10,0
1504,141,11,0
1504,142,12,0
1504,143,13,0
1504,144,14,0
1504,145,15,0
1504,146,16,0
1504,147,17,0
1504,60,18,0
1504,148,19,0
1504,523,20,1
1603,62,1,0
1603,312,2,0
1603,313,3,0
1603,314,4,0
1603,528,5,0
1603,529,6,0
1603,530,7,0
1603,76,8,0
1603,77,9,0
1603,161,10,0
1603,162,11,0
1603,531,12,0
1603,532,13,0
1603,533,14,0
1603,534,15,0
1603,131,16,1
1604,131,1,0
1604,132,2,0
1604,133,3,0
1604,134,4,0
1604,135,5,0
1604,136,6,0
1604,137,7,0
1604,524,8,0
1604,525,9,0
1604,526,10,0
1604,527,11,0
1604,279,12,0
1604,281,13,0
1604,282,14,0
1604,283,15,0
1604,62,16,1
1701,535,1,0
1701,536,2,0
1701,537,3,0
1701,538,4,0
1701,539,5,0
1701,540,6,0
1701,541,7,0
1701,542,8,0
1701,543,9,0
1701,544,10,0
1701,545,11,0
1701,546,12,0
1701,547,13,0
1701,548,14,0
1701,549,15,0
1701,550,16,0
1701,551,17,0
1701,552,18,0
1701,553,19,0
1701,554,20,0
1701,555,21,0
1701,556,22,0
1701,557,23,0
1701,558,24,0
1701,559,25,0
1701,560,26,0
1701,561,27,0
1701,562,28,0
1701,563,29,0
1701,564,30,1
1702,564,1,0
1702,565,2,0
1702,566,3,0
1702,567,4,0
1702,568,5,0
1702,569,6,0
1702,570,7,0
1702,571,8,0
1702,572,9,0
1702,573,10,0
1702,574,11,0
1702,575,12,0
1702,576,13,0
1702,577,14,0
1702,578,15,0
1702,579,16,0
1702,580,17,0
1702,581,18,0
1702,582,19,0
1702,583,20,0
1702,584,21,0
1702,585,22,0
1702,586,23,0
1702,587,24,0
1702,588,25,0
1702,589,26,0
1702,590,27,0
1702,591,28,0
1702,592,29,0
1702,593,30,0
1702,594,31,0
1702,595,32,0
1702,596,33,0
1702,597,34,0
1702,535,35,1
1800,598,1,0
1800,599,2,0
1800,600,3,0
1800,601,4,0
1800,602,5,0
1800,603,6,0
1800,604,7,0
1800,605,8,0
1800,606,9,0
1800,607,10,0
1800,608,11,0
1800,609,12,0
1800,610,13,0
1800,611,14,0
1800,612,15,0
1800,613,16,0
1800,614,17,0
1800,615,18,0
1800,616,19,0
1800,617,20,0
1800,618,21,0
1800,619,22,0
1800,620,23,0
1800,621,24,0
1800,622,25,0
1800,623,26,1
1801,623,1,0
1801,624,2,0
1801,625,3,0
1801,626,4,0
1801,627,5,0
1801,628,6,0
1801,629,7,0
1801,630,8,0
1801,631,9,0
1801,632,10,0
1801,633,11,0
1801,598,12,1
1903,645,1,0
1903,658,2,0
1903,659,3,0
1903,660,4,0
1903,661,5,0
1903,662,6,0
1903,663,7,0
1903,664,8,0
1903,665,9,0
1903,666,10,0
1903,667,11,0
1903,668,12,0
1903,669,13,0
1903,670,14,0
1903,671,15,0
1903,672,16,0
1903,673,17,0
1903,674,18,0
1903,675,19,0
1903,650,20,0
1903,676,21,0
1903,677,22,0
1903,678,23,0
1903,598,24,1
1904,598,1,0
1904,646,2,0
1904,647,3,0
1904,648,4,0
1904,649,5,0
1904,650,6,0
1904,651,7,0
1904,652,8,0
1904,653,9,0
1904,654,10,0
1904,655,11,0
1904,656,12,0
1904,657,13,0
1904,634,14,0
1904,635,15,0
1904,636,16,0
1904,637,17,0
1904,638,18,0
1904,639,19,0
1904,640,20,0
1904,641,21,0
1904,642,22,0
1904,643,23,0
1904,644,24,0
1904,645,25,1
2003,691,1,0
2003,727,2,0
2003,728,3,0
2003,729,4,0
2003,730,5,0
2003,731,6,0
2003,732,7,0
2003,733,8,0
2003,173,9,0
2003,174,10,0
2003,692,11,0
2003,693,12,0
2003,694,13,0
2003,695,14,0
2003,696,15,0
2003,697,16,0
2003,698,17,0
2003,699,18,0
2003,700,19,0
2003,701,20,0
2003,702,21,0
2003,703,22,0
2003,704,23,0
2003,705,24,0
2003,706,25,0
2003,707,26,0
2003,708,27,0
2003,709,28,0
2003,710,29,0
2003,711,30,0
2003,712,31,0
2003,713,32,0
2003,714,33,0
2003,715,34,0
2003,716,35,0
2003,717,36,0
2003,718,37,0
2003,719,38,0
2003,720,39,0
2003,721,40,0
2003,722,41,0
2003,723,42,0
2003,724,43,0
2003,725,44,0
2003,726,45,0
2003,679,46,1
2004,679,1,0
2004,680,2,0
2004,681,3,0
2004,682,4,0
2004,738,5,0
2004,739,6,0
2004,740,7,0
2004,741,8,0
2004,683,9,0
2004,684,10,0
2004,685,11,0
2004,686,12,0
2004,687,13,0
2004,688,14,0
2004,689,15,0
2004,690,16,0
2004,241,17,0
2004,242,18,0
2004,243,19,0
2004,691,20,0
2004,734,21,0
2004,735,22,0
2004,736,23,0
2004,737,24,1
2101,535,1,0
2101,742,2,0
2101,743,3,0
2101,744,4,0
2101,745,5,0
2101,746,6,0
2101,747,7,0
2101,748,8,0
2101,749,9,0
2101,750,10,0
2101,751,11,0
2101,752,12,0
2101,753,13,0
2101,754,14,0
2101,755,15,0
2101,756,16,0
2101,757,17,0
2101,758,18,1
2102,758,1,0
2102,759,2,0
2102,760,3,0
2102,761,4,0
2102,762,5,0
2102,763,6,0
2102,764,7,0
2102,765,8,0
2102,766,9,0
2102,767,10,0
2102,768,11,0
2102,769,12,0
2102,770,13,0
2102,771,14,0
2102,772,15,0
2102,773,16,0
2102,774,17,0
2102,775,18,0
2102,776,19,0
2102,777,20,0
2102,778,21,0
2102,779,22,0
2102,780,23,0
2102,597,24,0
2102,535,25,1
2201,535,1,0
2201,742,2,0
2201,743,3,0
2201,781,4,0
2201,782,5,0
2201,783,6,0
2201,784,7,0
2201,785,8,0
2201,786,9,0
2201,787,10,0
2201,788,11,0
2201,789,12,0
2201,790,13,0
2201,791,14,0
2201,792,15,0
2201,793,16,0
2201,794,17,0
2201,795,18,0
2201,758,19,1
2202,758,1,0
2202,759,2,0
2202,760,3,0
2202,761,4,0
2202,796,5,0
2202,797,6,0
2202,798,7,0
2202,799,8,0
2202,800,9,0
2202,801,10,0
2202,802,11,0
2202,803,12,0
2202,804,13,0
2202,805,14,0
2202,806,15,0
2202,807,16,0
2202,808,17,0
2202,809,18,0
2202,810,19,0
2202,778,20,0
2202,779,21,0
2202,780,22,0
2202,597,23,0
2202,535,24,1
2303,535,1,0
2303,742,2,0
2303,743,3,0
2303,744,4,0
2303,745,5,0
2303,746,6,0
2303,811,7,0
2303,812,8,0
2303,813,9,0
2303,814,10,0
2303,815,11,0
2303,816,12,0
2303,794,13,0
2303,795,14,0
2303,817,15,1
2304,758,1,0
2304,759,2,0
2304,760,3,0
2304,761,4,0
2304,796,5,0
2304,797,6,0
2304,818,7,0
2304,819,8,0
2304,820,9,0
2304,821,10,0
2304,822,11,0
2304,775,12,0
2304,776,13,0
2304,777,14,0
2304,778,15,0
2304,779,16,0
2304,780,17,0
2304,597,18,0
2304,535,19,1
2403,823,1,0
2403,824,2,0
2403,825,3,0
2403,826,4,0
2403,827,5,0
2403,828,6,0
2403,829,7,0
2403,830,8,0
2403,831,9,0
2403,832,10,0
2403,833,11,0
2403,834,12,0
2403,835,13,0
2403,836,14,0
2403,837,15,0
2403,838,16,0
2403,839,17,0
2403,840,18,0
2403,841,19,0
2403,842,20,0
2403,843,21,0
2403,844,22,0
2403,845,23,0
2403,846,24,1
2404,846,1,0
2404,759,2,0
2404,760,3,0
2404,761,4,0
2404,847,5,0
2404,848,6,0
2404,849,7,0
2404,850,8,0
2404,851,9,0
2404,852,10,0
2404,853,11,0
2404,854,12,0
2404,855,13,0
2404,856,14,0
2404,857,15,0
2404,858,16,0
2404,859,17,0
2404,860,18,0
2404,861,19,0
2404,862,20,0
2404,863,21,0
2404,864,22,0
2404,865,23,0
2404,866,24,0
2404,867,25,0
2404,823,26,1
2500,817,1,0
2500,868,2,0
2500,869,3,0
2500,870,4,0
2500,871,5,0
2500,872,6,0
2500,873,7,0
2500,874,8,0
2500,875,9,0
2500,876,10,0
2500,877,11,0
2500,878,12,0
2500,879,13,0
2500,880,14,0
2500,881,15,0
2500,882,16,0
2500,883,17,0
2500,884,18,1
2501,884,1,0
2501,885,2,0
2501,886,3,0
2501,887,4,0
2501,888,5,0
2501,889,6,0
2501,559,7,0
2501,560,8,0
2501,561,9,0
2501,562,10,0
2501,563,11,0
2501,759,12,0
2501,760,13,0
2501,761,14,0
2501,817,15,1
2600,895,1,0
2600,896,2,0
2600,897,3,0
2600,898,4,0
2600,899,5,0
2600,900,6,0
2600,901,7,0
2600,902,8,0
2600,903,9,0
2600,904,10,0
2600,905,11,0
2600,906,12,0
2600,907,13,0
2600,908,14,0
2600,909,15,0
2600,910,16,0
2600,911,17,0
2600,912,18,0
2600,705,19,0
2600,706,20,1
2601,706,1,0
2601,707,2,0
2601,890,3,0
2601,891,4,0
2601,892,5,0
2601,717,6,0
2601,718,7,0
2601,719,8,0
2601,893,9,0
2601,894,10,0
2601,895,11,1
2701,918,1,0
2701,919,2,0
2701,920,3,0
2701,921,4,0
2701,922,5,0
2701,923,6,0
2701,924,7,0
2701,925,8,0
2701,926,9,0
2701,927,10,0
2701,928,11,0
2701,929,12,0
2701,930,13,0
2701,913,14,1
2702,913,1,0
2702,914,2,0
2702,915,3,0
2702,916,4,0
2702,917,5,0
2702,931,6,0
2702,932,7,0
2702,933,8,0
2702,934,9,0
2702,935,10,0
2702,936,11,0
2702,937,12,0
2702,938,13,0
2702,918,14,1
