'541',501,63300,,'',0,7800,,'',0,4700,,'',0,8200,,'',0,71800,,'',0,8700,,'',0,7600,,'',0,9000,,'',0
'542',501,63300,,'',0,7800,,'',0,4700,,'',0,8200,,'',0,71800,,'',0,8700,,'',0,7600,,'',0,9000,,'',0
'543',501,63300,,'',0,7800,,'',0,4700,,'',0,8200,,'',0,71800,,'',0,8700,,'',0,7600,,'',0,9000,,'',0
'544',501,63300,,'',0,7800,,'',0,4700,,'',0,8200,,'',0,71800,,'',0,8700,,'',0,7600,,'',0,9000,,'',0
'547',501,63300,,'',0,7800,,'',0,4700,,'',0,8200,,'',0,71800,,'',0,8700,,'',0,7600,,'',0,9000,,'',0
'541',800,60000,,'',0,2200,,'',0,2200,,'',0,5900,,'',0,1500,,'',0,1200,,'',0,1200,,'',0,1200,,'',0,5200,,'',0,1200,,'',0,1200,,'',0,1200,,'',0,1500,,'',0,5800,,'',0,1800,,'',0,1800,,'',0,5800,,'',0,1800,,'',0,1800,,'',0,5800,,'',0,1500,,'',0,1500,,'',0,1500,,'',0,5500,,'',0,1500,,'',0,1500,,'',0,1500,,'',0,5500,,'',0,1500,,'',0,1500,,'',0,1500,,'',0,5200,,'',0,1200,,'',0,1200,,'',0,1200,,'',0,1200,,'',0,5200,,'',0,1200,,'',0,1200,,'',0,1200,,'',0,1200,,'',0,5200,,'',0,1200,,'',0,1200,,'',0,1200,,'',0,1200,,'',0,5200,,'',0,1200,,'',0,1200,,'',0,1200,,'',0,1200,,'',0,5200,,'',0,2000,,'',0,2000,,'',0,6000,,'',0,2000,,'',0,2200,,'',0,6300,,'',0,2500,,'',0,2500,,'',0,6500,,'',0,2500,,'',0,8500,,'',0,8500,,'',0,8500,,'',0,4500,,'',0
'541',801,63800,4,'',0,8300,4,'',0,2100,4,'',0,1200,4,'',0,5300,4,'',0,1500,4,'',0,1200,4,'',0,1200,4,'',0,1200,4,'',0,5100,4,'',0,1200,4,'',0,1100,4,'',0,1600,4,'',0,5800,4,'',0,1800,4,'',0,1800,4,'',0,5800,4,'',0,1900,4,'',0,2000,4,'',0,2000,4,'',0,5800,4,'',0,1800,4,'',0,1600,4,'',0,5500,4,'',0,1500,4,'',0,1500,4,'',0,1500,4,'',0,5500,4,'',0,1500,4,'',0,1500,4,'',0,1500,4,'',0,5600,4,'',0,1500,4,'',0,1600,4,'',0,1200,4,'',0,5200,4,'',0,1200,4,'',0,1200,4,'',0,1200,4,'',0,1200,4,'',0,5100,4,'',0,1100,4,'',0,1000,4,'',0,1200,4,'',0,1000,4,'',0,1200,4,'',0,5000,4,'',0,1200,4,'',0,1200,4,'',0,1200,4,'',0,1700,4,'',0,5700,4,'',0,1800,4,'',0,2000,4,'',0,6500,4,'',0,2500,4,'',0,6500,4,'',0,2500,4,'',0,2500,4,'',0,6500,4,'',0,8500,4,'',0,4100,4,'',0,8500,4,'',0,8500,4,'',0
'542',800,60000,,'',0,2200,,'',0,2200,,'',0,5900,,'',0,1500,,'',0,1200,,'',0,1200,,'',0,1200,,'',0,5200,,'',0,1200,,'',0,1200,,'',0,1200,,'',0,1500,,'',0,5800,,'',0,1800,,'',0,1800,,'',0,5800,,'',0,1800,,'',0,1800,,'',0,5800,,'',0,1500,,'',0,1500,,'',0,1500,,'',0,5500,,'',0,1500,,'',0,1500,,'',0,1500,,'',0,5500,,'',0,1500,,'',0,1500,,'',0,1500,,'',0,5200,,'',0,1200,,'',0,1200,,'',0,1200,,'',0,1200,,'',0,5200,,'',0,1200,,'',0,1200,,'',0,1200,,'',0,1200,,'',0,5200,,'',0,1200,,'',0,1200,,'',0,1200,,'',0,1200,,'',0,5200,,'',0,1200,,'',0,1200,,'',0,1200,,'',0,1200,,'',0,5200,,'',0,2000,,'',0,2000,,'',0,6000,,'',0,2000,,'',0,2200,,'',0,6300,,'',0,2500,,'',0,2500,,'',0,6500,,'',0,2500,,'',0,8500,,'',0,8500,,'',0,8500,,'',0,4500,,'',0
'542',801,63800,4,'',0,8300,4,'',0,2100,4,'',0,1200,4,'',0,5300,4,'',0,1500,4,'',0,1200,4,'',0,1200,4,'',0,1200,4,'',0,5100,4,'',0,1200,4,'',0,1100,4,'',0,1600,4,'',0,5800,4,'',0,1800,4,'',0,1800,4,'',0,5800,4,'',0,1900,4,'',0,2000,4,'',0,2000,4,'',0,5800,4,'',0,1800,4,'',0,1600,4,'',0,5500,4,'',0,1500,4,'',0,1500,4,'',0,1500,4,'',0,5500,4,'',0,1500,4,'',0,1500,4,'',0,1500,4,'',0,5600,4,'',0,1500,4,'',0,1600,4,'',0,1200,4,'',0,5200,4,'',0,1200,4,'',0,1200,4,'',0,1200,4,'',0,1200,4,'',0,5100,4,'',0,1100,4,'',0,1000,4,'',0,1200,4,'',0,1000,4,'',0,1200,4,'',0,5000,4,'',0,1200,4,'',0,1200,4,'',0,1200,4,'',0,1700,4,'',0,5700,4,'',0,1800,4,'',0,2000,4,'',0,6500,4,'',0,2500,4,'',0,6500,4,'',0,2500,4,'',0,2500,4,'',0,6500,4,'',0,8500,4,'',0,4100,4,'',0,8500,4,'',0,8500,4,'',0
'543',800,60000,,'',0,2200,,'',0,2200,,'',0,5900,,'',0,1500,,'',0,1200,,'',0,1200,,'',0,1200,,'',0,5200,,'',0,1200,,'',0,1200,,'',0,1200,,'',0,1500,,'',0,5800,,'',0,1800,,'',0,1800,,'',0,5800,,'',0,1800,,'',0,1800,,'',0,5800,,'',0,1500,,'',0,1500,,'',0,1500,,'',0,5500,,'',0,1500,,'',0,1500,,'',0,1500,,'',0,5500,,'',0,1500,,'',0,1500,,'',0,1500,,'',0,5200,,'',0,1200,,'',0,1200,,'',0,1200,,'',0,1200,,'',0,5200,,'',0,1200,,'',0,1200,,'',0,1200,,'',0,1200,,'',0,5200,,'',0,1200,,'',0,1200,,'',0,1200,,'',0,1200,,'',0,5200,,'',0,1200,,'',0,1200,,'',0,1200,,'',0,1200,,'',0,5200,,'',0,2000,,'',0,2000,,'',0,6000,,'',0,2000,,'',0,2200,,'',0,6300,,'',0,2500,,'',0,2500,,'',0,6500,,'',0,2500,,'',0,8500,,'',0,8500,,'',0,8500,,'',0,4500,,'',0
'543',801,63800,4,'',0,8300,4,'',0,2100,4,'',0,1200,4,'',0,5300,4,'',0,1500,4,'',0,1200,4,'',0,1200,4,'',0,1200,4,'',0,5100,4,'',0,1200,4,'',0,1100,4,'',0,1600,4,'',0,5800,4,'',0,1800,4,'',0,1800,4,'',0,5800,4,'',0,1900,4,'',0,2000,4,'',0,2000,4,'',0,5800,4,'',0,1800,4,'',0,1600,4,'',0,5500,4,'',0,1500,4,'',0,1500,4,'',0,1500,4,'',0,5500,4,'',0,1500,4,'',0,1500,4,'',0,1500,4,'',0,5600,4,'',0,1500,4,'',0,1600,4,'',0,1200,4,'',0,5200,4,'',0,1200,4,'',0,1200,4,'',0,1200,4,'',0,1200,4,'',0,5100,4,'',0,1100,4,'',0,1000,4,'',0,1200,4,'',0,1000,4,'',0,1200,4,'',0,5000,4,'',0,1200,4,'',0,1200,4,'',0,1200,4,'',0,1700,4,'',0,5700,4,'',0,1800,4,'',0,2000,4,'',0,6500,4,'',0,2500,4,'',0,6500,4,'',0,2500,4,'',0,2500,4,'',0,6500,4,'',0,8500,4,'',0,4100,4,'',0,8500,4,'',0,8500,4,'',0
'544',800,60000,,'',0,2200,,'',0,2200,,'',0,5900,,'',0,1500,,'',0,1200,,'',0,1200,,'',0,1200,,'',0,5200,,'',0,1200,,'',0,1200,,'',0,1200,,'',0,1500,,'',0,5800,,'',0,1800,,'',0,1800,,'',0,5800,,'',0,1800,,'',0,1800,,'',0,5800,,'',0,1500,,'',0,1500,,'',0,1500,,'',0,5500,,'',0,1500,,'',0,1500,,'',0,1500,,'',0,5500,,'',0,1500,,'',0,1500,,'',0,1500,,'',0,5200,,'',0,1200,,'',0,1200,,'',0,1200,,'',0,1200,,'',0,5200,,'',0,1200,,'',0,1200,,'',0,1200,,'',0,1200,,'',0,5200,,'',0,1200,,'',0,1200,,'',0,1200,,'',0,1200,,'',0,5200,,'',0,1200,,'',0,1200,,'',0,1200,,'',0,1200,,'',0,5200,,'',0,2000,,'',0,2000,,'',0,6000,,'',0,2000,,'',0,2200,,'',0,6300,,'',0,2500,,'',0,2500,,'',0,6500,,'',0,2500,,'',0,8500,,'',0,8500,,'',0,8500,,'',0,4500,,'',0
'544',801,63800,4,'',0,8300,4,'',0,2100,4,'',0,1200,4,'',0,5300,4,'',0,1500,4,'',0,1200,4,'',0,1200,4,'',0,1200,4,'',0,5100,4,'',0,1200,4,'',0,1100,4,'',0,1600,4,'',0,5800,4,'',0,1800,4,'',0,1800,4,'',0,5800,4,'',0,1900,4,'',0,2000,4,'',0,2000,4,'',0,5800,4,'',0,1800,4,'',0,1600,4,'',0,5500,4,'',0,1500,4,'',0,1500,4,'',0,1500,4,'',0,5500,4,'',0,1500,4,'',0,1500,4,'',0,1500,4,'',0,5600,4,'',0,1500,4,'',0,1600,4,'',0,1200,4,'',0,5200,4,'',0,1200,4,'',0,1200,4,'',0,1200,4,'',0,1200,4,'',0,5100,4,'',0,1100,4,'',0,1000,4,'',0,1200,4,'',0,1000,4,'',0,1200,4,'',0,5000,4,'',0,1200,4,'',0,1200,4,'',0,1200,4,'',0,1700,4,'',0,5700,4,'',0,1800,4,'',0,2000,4,'',0,6500,4,'',0,2500,4,'',0,6500,4,'',0,2500,4,'',0,2500,4,'',0,6500,4,'',0,8500,4,'',0,4100,4,'',0,8500,4,'',0,8500,4,'',0
'545',800,65500,,'',0,8500,,'',0,7500,,'',0,3500,,'',0,7000,,'',0,3500,,'',0,7500,,'',0,7000,,'',0,3500,,'',0,7500,,'',0,3000,,'',0,6500,,'',0,2500,,'',0,2500,,'',0,6500,,'',0,2500,,'',0,6500,,'',0,2500,,'',0,6500,,'',0,3000,,'',0,7500,,'',0,3500,,'',0,7200,,'',0,3300,,'',0,7500,,'',0,3000,,'',0,8000,,'',0,8400,,'',0,10900,,'',0,11000,,'',0,11000,,'',0
'545',801,65300,4,'',0,10200,4,'',0,8000,4,'',0,7600,4,'',0,3700,4,'',0,7500,4,'',0,3000,4,'',0,7500,4,'',0,7500,4,'',0,3000,4,'',0,7500,4,'',0,3500,4,'',0,7000,4,'',0,2500,4,'',0,6500,4,'',0,2500,4,'',0,2500,4,'',0,6500,4,'',0,2500,4,'',0,6500,4,'',0,2500,4,'',0,7000,4,'',0,3300,4,'',0,7400,4,'',0,2800,4,'',0,7500,4,'',0,3500,4,'',0,7000,4,'',0,10000,4,'',0,11000,4,'',0,11000,4,'',0
'546',800,65800,,'',0,14200,,'',0,5000,,'',0,9000,,'',0,9000,,'',0,9000,,'',0,9000,,'',0,9000,,'',0,3500,,'',0,7000,,'',0,3500,,'',0,7500,,'',0,3500,,'',0,7500,,'',0,8500,,'',0,9000,,'',0,5000,,'',0,9000,,'',0,9000,,'',0,9000,,'',0,13000,,'',0
'546',801,65300,4,'',0,27400,4,'',0,9200,4,'',0,9100,4,'',0,9000,4,'',0,5000,4,'',0,9000,4,'',0,9000,4,'',0,7500,4,'',0,3500,4,'',0,7000,4,'',0,3500,4,'',0,7500,4,'',0,3400,4,'',0,8500,4,'',0,8500,4,'',0,9000,4,'',0,9000,4,'',0,5000,4,'',0,9000,4,'',0
'547',800,60000,,'',0,2200,,'',0,2200,,'',0,5900,,'',0,1500,,'',0,1200,,'',0,1200,,'',0,1200,,'',0,5200,,'',0,1200,,'',0,1200,,'',0,1200,,'',0,1500,,'',0,5800,,'',0,1800,,'',0,1800,,'',0,5800,,'',0,1800,,'',0,1800,,'',0,5800,,'',0,1500,,'',0,1500,,'',0,1500,,'',0,5500,,'',0,1500,,'',0,1500,,'',0,1500,,'',0,5500,,'',0,1500,,'',0,1500,,'',0,1500,,'',0,5200,,'',0,1200,,'',0,1200,,'',0,1200,,'',0,1200,,'',0,5200,,'',0,1200,,'',0,1200,,'',0,1200,,'',0,1200,,'',0,5200,,'',0,1200,,'',0,1200,,'',0,1200,,'',0,1200,,'',0,5200,,'',0,1200,,'',0,1200,,'',0,1200,,'',0,1200,,'',0,5200,,'',0,2000,,'',0,2000,,'',0,6000,,'',0,2000,,'',0,2200,,'',0,6300,,'',0,2500,,'',0,2500,,'',0,6500,,'',0,2500,,'',0,8500,,'',0,8500,,'',0,8500,,'',0,4500,,'',0
'547',801,63800,4,'',0,8300,4,'',0,2100,4,'',0,1200,4,'',0,5300,4,'',0,1500,4,'',0,1200,4,'',0,1200,4,'',0,1200,4,'',0,5100,4,'',0,1200,4,'',0,1100,4,'',0,1600,4,'',0,5800,4,'',0,1800,4,'',0,1800,4,'',0,5800,4,'',0,1900,4,'',0,2000,4,'',0,2000,4,'',0,5800,4,'',0,1800,4,'',0,1600,4,'',0,5500,4,'',0,1500,4,'',0,1500,4,'',0,1500,4,'',0,5500,4,'',0,1500,4,'',0,1500,4,'',0,1500,4,'',0,5600,4,'',0,1500,4,'',0,1600,4,'',0,1200,4,'',0,5200,4,'',0,1200,4,'',0,1200,4,'',0,1200,4,'',0,1200,4,'',0,5100,4,'',0,1100,4,'',0,1000,4,'',0,1200,4,'',0,1000,4,'',0,1200,4,'',0,5000,4,'',0,1200,4,'',0,1200,4,'',0,1200,4,'',0,1700,4,'',0,5700,4,'',0,1800,4,'',0,2000,4,'',0,6500,4,'',0,2500,4,'',0,6500,4,'',0,2500,4,'',0,2500,4,'',0,6500,4,'',0,8500,4,'',0,4100,4,'',0,8500,4,'',0,8500,4,'',0
'541',1200,72200,,'',0,8100,,'',0,4000,,'',0,67900,,'',0,8400,,'',0,4400,,'',0,8200,,'',0,8500,,'',0,21600,,'',0
'542',1200,72200,,'',0,8100,,'',0,4000,,'',0,67900,,'',0,8400,,'',0,4400,,'',0,8200,,'',0,8500,,'',0,21600,,'',0
'543',1200,72200,,'',0,8100,,'',0,4000,,'',0,67900,,'',0,8400,,'',0,4400,,'',0,8200,,'',0,8500,,'',0,21600,,'',0
'544',1200,72200,,'',0,8100,,'',0,4000,,'',0,67900,,'',0,8400,,'',0,4400,,'',0,8200,,'',0,8500,,'',0,21600,,'',0
'547',1200,72200,,'',0,8100,,'',0,4000,,'',0,67900,,'',0,8400,,'',0,4400,,'',0,8200,,'',0,8500,,'',0,21600,,'',0
'541',2901,153300,0,'',0
'542',2901,153300,0,'',0
'543',2901,153300,0,'',0
'544',2901,153300,0,'',0
'547',2901,153300,0,'',0
