'2252',9700,75300,4,'',0,7000,4,'',0,3000,4,'',0,7000,4,'',0,3200,4,'',0,7000,4,'',0,3400,4,'',0,7000,4,'',0,3000,4,'',0,7000,4,'',0,3000,4,'',0,7000,4,'',0,3000,4,'',0,7000,4,'',0,3000,4,'',0,7000,4,'',0,2900,4,'',0,7000,4,'',0,3000,4,'',0,6900,4,'',0,3000,4,'',0,7300,4,'',0,7000,4,'',0,3000,4,'',0,7000,4,'',0,3000,4,'',0,7000,4,'',0,2800,4,'',0,3000,4,'',0,6900,4,'',0,3000,4,'',0,7000,4,'',0,3000,4,'',0,7000,4,'',0,3000,4,'',0,7000,4,'',0,3000,4,'',0,7000,4,'',0
'2252',9701,73700,,'',0,6900,,'',0,3000,,'',0,7000,,'',0,3000,,'',0,6900,,'',0,3000,,'',0,6900,,'',0,3000,,'',0,7000,,'',0,3000,,'',0,7000,,'',0,3000,,'',0,7000,,'',0,3000,,'',0,7000,,'',0,3000,,'',0,7000,,'',0,3100,,'',0,7000,,'',0,3500,,'',0,7000,,'',0,3100,,'',0,7000,,'',0,3000,0,'Downtown',0,7000,,'',0,3000,0,'Downtown',0,7000,,'',0,3000,0,'Downtown',0,7000,,'',0,3100,0,'Downtown',0,7100,,'',0,3000,0,'Downtown',0,7000,0,'Downtown',0,3000,0,'Downtown',0,7000,0,'Downtown',0,3000,0,'Downtown',0,5700,0,'Downtown',0
'2253',9700,75300,4,'',0,7000,4,'',0,3000,4,'',0,7000,4,'',0,3000,4,'',0,7200,4,'',0,3100,4,'',0,7000,4,'',0,3000,4,'',0,7000,4,'',0,3000,4,'',0,7000,4,'',0,3000,4,'',0,7000,4,'',0,3000,4,'',0,7000,4,'',0,3000,4,'',0,7000,4,'',0,3000,4,'',0,6800,4,'',0,3000,4,'',0,7000,4,'',0,3000,4,'',0,7000,4,'',0,2900,4,'',0,7000,4,'',0,3000,4,'',0,6900,4,'',0,3000,4,'',0,10000,4,'',0
'2253',9701,73800,0,'Downtown',0,6900,,'',0,3000,0,'Downtown',0,7000,,'',0,3000,0,'Downtown',0,6900,,'',0,3000,0,'Downtown',0,6900,,'',0,3000,0,'Downtown',0,7000,,'',0,3000,0,'Downtown',0,7000,,'',0,3000,,'',0,7000,,'',0,3000,,'',0,7000,,'',0,3000,,'',0,7000,,'',0,3100,,'',0,7000,,'',0,3000,0,'Downtown',0,7000,,'',0,3100,0,'Downtown',0,7000,,'',0,3000,0,'Downtown',0,7000,,'',0,3000,0,'Downtown',0,7000,,'',0,3000,0,'Downtown',0,7000,0,'Downtown',0,9300,0,'Downtown',0
'2298',9700,72300,4,'',0,19900,4,'',0,20200,4,'',0,20400,4,'',0,22000,4,'',0,20900,4,'',0,19900,4,'',0,18400,4,'',0,17600,4,'',0,13800,4,'',0,9000,4,'',0,8000,4,'',0
'2298',9701,73800,,'',0,19600,,'',0,20000,,'',0,20800,,'',0,21700,,'',0,25800,,'',0,19200,,'',0,14000,,'',0,18000,,'',0,18000,0,'Downtown',0,4000,0,'Downtown',0,8000,0,'Downtown',0
'2380',9700,55500,4,'',0,7800,4,'',0,2000,4,'',0,5500,4,'',0,3200,4,'',0,1800,4,'',0,5500,4,'',0,1500,4,'',0,700,4,'',0,700,4,'',0,700,4,'',0,700,4,'',0,5400,4,'',0,2600,4,'',0,1600,4,'',0,5500,4,'',0,1500,4,'',0,1500,4,'',0,1500,4,'',0,5500,4,'',0,3200,4,'',0,1500,4,'',0,5500,4,'',0,1500,4,'',0,1500,4,'',0,1700,4,'',0,5600,4,'',0,3400,4,'',0,5700,4,'',0,1500,4,'',0,1000,4,'',0,1000,4,'',0,900,4,'',0,900,4,'',0,4800,4,'',0,800,4,'',0,900,4,'',0,1100,4,'',0,800,4,'',0,1700,4,'',0,4800,4,'',0,900,4,'',0,800,4,'',0,1700,4,'',0,1500,4,'',0,5800,4,'',0,1400,4,'',0,1600,4,'',0,7200,4,'',0,1800,4,'',0,1900,4,'',0,6600,4,'',0,1900,4,'',0,8900,4,'',0,2000,4,'',0,7300,4,'',0,8600,4,'',0,2400,4,'',0,2500,4,'',0,8900,4,'',0,6300,4,'',0,2500,4,'',0
'2380',9701,55800,,'',0,6000,,'',0,2000,,'',0,1500,,'',0,5500,,'',0,1500,,'',0,3000,,'',0,5500,,'',0,1400,,'',0,1800,,'',0,1200,0,'Downtown',0,5200,,'',0,1500,0,'Downtown',0,3000,0,'Downtown',0,5500,,'',0,1500,0,'Downtown',0,1500,,'',0,1500,0,'Downtown',0,5500,,'',0,1500,0,'Downtown',0,3000,0,'Downtown',0,5500,,'',0,1500,0,'Downtown',0,1600,,'',0,1600,0,'Downtown',0,5700,,'',0,1700,,'',0,3400,,'',0,5500,,'',0,1000,0,'Downtown',0,900,,'',0,800,0,'Downtown',0,900,,'',0,800,0,'Downtown',0,4800,,'',0,800,0,'Downtown',0,900,,'',0,900,0,'Downtown',0,900,,'',0,900,0,'Downtown',0,5800,0,'Downtown',0,900,,'',0,900,0,'Downtown',0,900,,'',0,1500,,'',0,5600,,'',0,1700,,'',0,1800,,'',0,1800,,'',0,7600,,'',0,1800,,'',0,5800,,'',0,1800,,'',0,2000,,'',0,8500,,'',0,2500,,'',0,6500,0,'Downtown',0,9000,0,'Downtown',0,2500,,'',0,6500,0,'Downtown',0,5000,0,'Downtown',0,6500,,'',0,2500,0,'Downtown',0
'2381',9700,72300,4,'',0,19900,4,'',0,20200,4,'',0,20400,4,'',0,22000,4,'',0,20900,4,'',0,19900,4,'',0,18400,4,'',0,17600,4,'',0,13800,4,'',0
'2381',9701,73800,,'',0,19600,,'',0,20000,,'',0,20800,,'',0,21700,,'',0,25800,,'',0,19200,,'',0,14000,,'',0,18000,,'',0,18000,0,'Downtown',0
