'576',400,80000,,'',0,2300,4,'',0,17700,,'',0,2300,4,'',0,19200,,'',0,2300,4,'',0,20700,,'',0,6300,4,'',0,14200,,'',0,6300,4,'',0,29700,,'',0,2300,4,'',0,7700,,'',0,2300,4,'',0
'577',400,65000,,'',0,6300,4,'',0,700,,'',0,2300,4,'',0,700,,'',0,6300,4,'',0,700,,'',0,2300,4,'',0,700,,'',0,6300,4,'',0,60700,,'',0,2300,4,'',0,700,,'',0,6300,4,'',0,700,,'',0,2300,4,'',0,700,,'',0,6300,4,'',0,700,,'',0,2300,4,'',0,10200,,'',0,6300,4,'',0,13200,,'',0,6300,4,'',0,10700,,'',0,2200,4,'',0
'578',400,65000,,'',0,6300,4,'',0,700,,'',0,2300,4,'',0,700,,'',0,6300,4,'',0,700,,'',0,2300,4,'',0,700,,'',0,6300,4,'',0,60700,,'',0,2300,4,'',0,700,,'',0,6300,4,'',0,700,,'',0,2300,4,'',0,700,,'',0,6300,4,'',0,700,,'',0,2300,4,'',0,10200,,'',0,6300,4,'',0,13200,,'',0,6300,4,'',0,10700,,'',0,2200,4,'',0
'579',400,65000,,'',0,6300,4,'',0,700,,'',0,2300,4,'',0,700,,'',0,6300,4,'',0,700,,'',0,2300,4,'',0,700,,'',0,6300,4,'',0,60700,,'',0,2300,4,'',0,700,,'',0,6300,4,'',0,700,,'',0,2300,4,'',0,700,,'',0,6300,4,'',0,700,,'',0,2300,4,'',0,10200,,'',0,6300,4,'',0,13200,,'',0,6300,4,'',0,10700,,'',0,2200,4,'',0
'580',400,65000,,'',0,6300,4,'',0,700,,'',0,2300,4,'',0,700,,'',0,6300,4,'',0,700,,'',0,2300,4,'',0,700,,'',0,6300,4,'',0,60700,,'',0,2300,4,'',0,700,,'',0,6300,4,'',0,700,,'',0,2300,4,'',0,700,,'',0,6300,4,'',0,700,,'',0,2300,4,'',0,10200,,'',0,6300,4,'',0,13200,,'',0,6300,4,'',0,10700,,'',0,2200,4,'',0
'581',400,83800,,'',0,6300,4,'',0,13800,,'',0,6300,4,'',0,23800,,'',0,6300,4,'',0,33700,,'',0,6300,4,'',0,12700,,'',0,2300,4,'',0,18700,,'',0,6300,4,'',0
'582',400,65000,,'',0,6300,4,'',0,700,,'',0,2300,4,'',0,700,,'',0,6300,4,'',0,700,,'',0,2300,4,'',0,700,,'',0,6300,4,'',0,60700,,'',0,2300,4,'',0,700,,'',0,6300,4,'',0,700,,'',0,2300,4,'',0,700,,'',0,6300,4,'',0,700,,'',0,2300,4,'',0,10200,,'',0,6300,4,'',0,13200,,'',0,6300,4,'',0,10700,,'',0,2200,4,'',0
'576',1900,80000,,'',0,11500,,'',0,11500,,'',0,11500,,'',0,15500,,'',0,11500,,'',0,11500,,'',0,11500,,'',0,15500,,'',0,11500,,'',0,11500,,'',0,11500,,'',0
'576',1901,75800,4,'',0,14300,4,'',0,11600,4,'',0,11500,4,'',0,11500,4,'',0,15500,4,'',0,11500,4,'',0,11500,4,'',0,11500,4,'',0,11100,4,'',0,15500,4,'',0,11500,4,'',0,11500,4,'',0
'577',1900,64500,,'',0,6000,,'',0,2000,,'',0,2000,,'',0,6000,,'',0,2000,,'',0,2000,,'',0,6000,,'',0,3500,,'',0,7500,,'',0,3500,,'',0,7500,,'',0,7500,,'',0,3500,,'',0,7500,,'',0,3500,,'',0,7500,,'',0,2000,,'',0,6000,,'',0,2000,,'',0,2000,,'',0,6000,,'',0,2000,,'',0,2000,,'',0,6000,,'',0,2000,,'',0,2000,,'',0,7500,,'',0,3500,,'',0,7500,,'',0,7500,,'',0,3500,,'',0,10000,,'',0,11000,,'',0
'577',1901,71300,4,'',0,2000,4,'',0,2000,4,'',0,6100,4,'',0,2000,4,'',0,1900,4,'',0,6000,4,'',0,2100,4,'',0,7500,4,'',0,3500,4,'',0,7500,4,'',0,3500,4,'',0,7500,4,'',0,7500,4,'',0,3500,4,'',0,7500,4,'',0,3700,4,'',0,6000,4,'',0,2000,4,'',0,2000,4,'',0,6000,4,'',0,2000,4,'',0,2000,4,'',0,5900,4,'',0,2000,4,'',0,1900,4,'',0,5900,4,'',0,3500,4,'',0,7500,4,'',0,3400,4,'',0,7500,4,'',0,7500,4,'',0,2300,4,'',0,11500,4,'',0
'578',1900,64500,,'',0,6000,,'',0,2000,,'',0,2000,,'',0,6000,,'',0,2000,,'',0,2000,,'',0,6000,,'',0,3500,,'',0,7500,,'',0,3500,,'',0,7500,,'',0,7500,,'',0,3500,,'',0,7500,,'',0,3500,,'',0,7500,,'',0,2000,,'',0,6000,,'',0,2000,,'',0,2000,,'',0,6000,,'',0,2000,,'',0,2000,,'',0,6000,,'',0,2000,,'',0,2000,,'',0,7500,,'',0,3500,,'',0,7500,,'',0,7500,,'',0,3500,,'',0,10000,,'',0,11000,,'',0
'578',1901,71300,4,'',0,2000,4,'',0,2000,4,'',0,6100,4,'',0,2000,4,'',0,1900,4,'',0,6000,4,'',0,2100,4,'',0,7500,4,'',0,3500,4,'',0,7500,4,'',0,3500,4,'',0,7500,4,'',0,7500,4,'',0,3500,4,'',0,7500,4,'',0,3700,4,'',0,6000,4,'',0,2000,4,'',0,2000,4,'',0,6000,4,'',0,2000,4,'',0,2000,4,'',0,5900,4,'',0,2000,4,'',0,1900,4,'',0,5900,4,'',0,3500,4,'',0,7500,4,'',0,3400,4,'',0,7500,4,'',0,7500,4,'',0,2300,4,'',0,11500,4,'',0
'579',1900,64500,,'',0,6000,,'',0,2000,,'',0,2000,,'',0,6000,,'',0,2000,,'',0,2000,,'',0,6000,,'',0,3500,,'',0,7500,,'',0,3500,,'',0,7500,,'',0,7500,,'',0,3500,,'',0,7500,,'',0,3500,,'',0,7500,,'',0,2000,,'',0,6000,,'',0,2000,,'',0,2000,,'',0,6000,,'',0,2000,,'',0,2000,,'',0,6000,,'',0,2000,,'',0,2000,,'',0,7500,,'',0,3500,,'',0,7500,,'',0,7500,,'',0,3500,,'',0,10000,,'',0,11000,,'',0
'579',1901,71300,4,'',0,2000,4,'',0,2000,4,'',0,6100,4,'',0,2000,4,'',0,1900,4,'',0,6000,4,'',0,2100,4,'',0,7500,4,'',0,3500,4,'',0,7500,4,'',0,3500,4,'',0,7500,4,'',0,7500,4,'',0,3500,4,'',0,7500,4,'',0,3700,4,'',0,6000,4,'',0,2000,4,'',0,2000,4,'',0,6000,4,'',0,2000,4,'',0,2000,4,'',0,5900,4,'',0,2000,4,'',0,1900,4,'',0,5900,4,'',0,3500,4,'',0,7500,4,'',0,3400,4,'',0,7500,4,'',0,7500,4,'',0,2300,4,'',0,11500,4,'',0
'580',1900,64500,,'',0,6000,,'',0,2000,,'',0,2000,,'',0,6000,,'',0,2000,,'',0,2000,,'',0,6000,,'',0,3500,,'',0,7500,,'',0,3500,,'',0,7500,,'',0,7500,,'',0,3500,,'',0,7500,,'',0,3500,,'',0,7500,,'',0,2000,,'',0,6000,,'',0,2000,,'',0,2000,,'',0,6000,,'',0,2000,,'',0,2000,,'',0,6000,,'',0,2000,,'',0,2000,,'',0,7500,,'',0,3500,,'',0,7500,,'',0,7500,,'',0,3500,,'',0,10000,,'',0,11000,,'',0
'580',1901,71300,4,'',0,2000,4,'',0,2000,4,'',0,6100,4,'',0,2000,4,'',0,1900,4,'',0,6000,4,'',0,2100,4,'',0,7500,4,'',0,3500,4,'',0,7500,4,'',0,3500,4,'',0,7500,4,'',0,7500,4,'',0,3500,4,'',0,7500,4,'',0,3700,4,'',0,6000,4,'',0,2000,4,'',0,2000,4,'',0,6000,4,'',0,2000,4,'',0,2000,4,'',0,5900,4,'',0,2000,4,'',0,1900,4,'',0,5900,4,'',0,3500,4,'',0,7500,4,'',0,3400,4,'',0,7500,4,'',0,7500,4,'',0,2300,4,'',0,11500,4,'',0
'581',1900,73000,,'',0,7500,,'',0,3500,,'',0,7500,,'',0,3500,,'',0,7500,,'',0,7500,,'',0,3500,,'',0,7500,,'',0,3500,,'',0,7500,,'',0,3500,,'',0,7500,,'',0,7500,,'',0,3500,,'',0,7500,,'',0,3500,,'',0,7500,,'',0,7500,,'',0,10000,,'',0,11500,,'',0,11500,,'',0,11500,,'',0,15500,,'',0
'581',1901,75700,4,'',0,7500,4,'',0,7500,4,'',0,3600,4,'',0,7500,4,'',0,3500,4,'',0,7500,4,'',0,7500,4,'',0,3500,4,'',0,7500,4,'',0,3500,4,'',0,7500,4,'',0,3500,4,'',0,7500,4,'',0,7500,4,'',0,3500,4,'',0,7500,4,'',0,3500,4,'',0,7400,4,'',0,1600,4,'',0,11500,4,'',0,15500,4,'',0,11500,4,'',0,11500,4,'',0,11500,4,'',0
'582',1900,64500,,'',0,6000,,'',0,2000,,'',0,2000,,'',0,6000,,'',0,2000,,'',0,2000,,'',0,6000,,'',0,3500,,'',0,7500,,'',0,3500,,'',0,7500,,'',0,7500,,'',0,3500,,'',0,7500,,'',0,3500,,'',0,7500,,'',0,2000,,'',0,6000,,'',0,2000,,'',0,2000,,'',0,6000,,'',0,2000,,'',0,2000,,'',0,6000,,'',0,2000,,'',0,2000,,'',0,7500,,'',0,3500,,'',0,7500,,'',0,7500,,'',0,3500,,'',0,10000,,'',0,11000,,'',0
'582',1901,71300,4,'',0,2000,4,'',0,2000,4,'',0,6100,4,'',0,2000,4,'',0,1900,4,'',0,6000,4,'',0,2100,4,'',0,7500,4,'',0,3500,4,'',0,7500,4,'',0,3500,4,'',0,7500,4,'',0,7500,4,'',0,3500,4,'',0,7500,4,'',0,3700,4,'',0,6000,4,'',0,2000,4,'',0,2000,4,'',0,6000,4,'',0,2000,4,'',0,2000,4,'',0,5900,4,'',0,2000,4,'',0,1900,4,'',0,5900,4,'',0,3500,4,'',0,7500,4,'',0,3400,4,'',0,7500,4,'',0,7500,4,'',0,2300,4,'',0,11500,4,'',0
