'2086',600,65700,,'',0,15000,,'',0,11000,,'',0,11000,,'',0,11000,,'',0,11000,,'',0,11000,,'',0,7500,,'',0,7500,,'',0,3500,,'',0,7500,,'',0,3500,,'',0,7500,,'',0,7500,,'',0,3500,,'',0,11000,,'',0,11000,,'',0
'2091',600,84700,,'',0,16000,,'',0,12000,,'',0,12000,,'',0,16000,,'',0,12000,,'',0,12000,,'',0,16000,,'',0
'2792',600,81000,,'',0,10000,,'',0,10000,,'',0,10000,,'',0,10000,,'',0,10000,,'',0,10000,,'',0,10000,,'',0,10000,,'',0,10000,,'',0,10000,,'',0
'2086',1800,62500,4,'',0,10600,4,'',0,2700,4,'',0,6600,4,'',0,2900,4,'',0,6800,4,'',0,2700,4,'',0,8000,4,'',0,8000,4,'',0,4000,4,'',0,8000,4,'',0,8000,4,'',0,4000,4,'',0,8000,4,'',0,2800,4,'',0,6700,4,'',0,2900,4,'',0,6800,4,'',0,3000,4,'',0,6600,4,'',0,3000,4,'',0,7000,4,'',0,9500,4,'',0,3700,4,'',0,8000,4,'',0,8300,4,'',0,11500,4,'',0
'2086',1801,62500,,'',0,10700,,'',0,2600,,'',0,6600,,'',0,2900,,'',0,6800,,'',0,2700,,'',0,8000,,'',0,8000,,'',0,4000,,'',0,8000,,'',0,8000,,'',0,4000,,'',0,8000,,'',0,2800,,'',0,6800,,'',0,2800,,'',0,6800,,'',0,3000,,'',0,6700,,'',0,3000,,'',0,6900,,'',0,9500,,'',0,3700,,'',0,8000,,'',0,12000,,'',0,10900,,'',0
'2091',1800,74400,4,'',0,10300,4,'',0,15500,4,'',0,11500,4,'',0,11500,4,'',0,11500,4,'',0,15500,4,'',0,11500,4,'',0,11500,4,'',0,11200,4,'',0,11500,4,'',0,15500,4,'',0,11500,4,'',0
'2091',1801,81300,,'',0,11500,,'',0,11500,,'',0,11500,,'',0,15500,,'',0,11500,,'',0,11500,,'',0,11500,,'',0,15500,,'',0,11500,,'',0,11500,,'',0,11500,,'',0
'2792',1800,74400,4,'',0,10200,4,'',0,10000,4,'',0,10000,4,'',0,10000,4,'',0,10000,4,'',0,10000,4,'',0,10000,4,'',0,10000,4,'',0,10000,4,'',0,10000,4,'',0,8300,4,'',0,11500,4,'',0,11500,4,'',0,15500,4,'',0,11500,4,'',0,11500,4,'',0
'2792',1801,74400,,'',0,10200,,'',0,10000,,'',0,10000,,'',0,10000,,'',0,10000,,'',0,10000,,'',0,10000,,'',0,10000,,'',0,10000,,'',0,10000,,'',0,16700,,'',0,11500,,'',0,11500,,'',0,11500,,'',0,15500,,'',0
'2086',1900,71900,4,'',0,2000,4,'',0,2000,4,'',0,6000,4,'',0,1900,4,'',0,2000,4,'',0,6100,4,'',0,3500,4,'',0,7500,4,'',0,7500,4,'',0,3500,4,'',0,7500,4,'',0,3500,4,'',0,7500,4,'',0,3500,4,'',0,7600,4,'',0,2000,4,'',0,6000,4,'',0,2000,4,'',0,2000,4,'',0,6000,4,'',0,2000,4,'',0,2000,4,'',0,6000,4,'',0,1900,4,'',0,2000,4,'',0,7500,4,'',0,7500,4,'',0,3400,4,'',0,7500,4,'',0,3500,4,'',0,10000,4,'',0,10900,4,'',0
'2086',1901,71900,,'',0,2000,,'',0,2000,,'',0,6000,,'',0,1900,,'',0,2000,,'',0,6100,,'',0,3500,,'',0,7500,,'',0,7500,,'',0,3500,,'',0,7500,,'',0,3500,,'',0,7500,,'',0,3500,,'',0,7600,,'',0,2000,,'',0,6000,,'',0,2000,,'',0,2000,,'',0,6000,,'',0,2000,,'',0,2000,,'',0,6000,,'',0,1900,,'',0,2000,,'',0,7500,,'',0,7500,,'',0,3400,,'',0,7500,,'',0,3500,,'',0,6300,,'',0,11500,,'',0
'2091',1900,81300,4,'',0,11500,4,'',0,11500,4,'',0,11500,4,'',0,15500,4,'',0,11500,4,'',0,11500,4,'',0,11500,4,'',0,15500,4,'',0,11500,4,'',0,11500,4,'',0,11500,4,'',0
'2091',1901,74400,,'',0,10300,,'',0,15500,,'',0,11500,,'',0,11500,,'',0,11500,,'',0,15500,,'',0,11500,,'',0,11500,,'',0,11200,,'',0,11500,,'',0,15500,,'',0,11500,,'',0
'2792',1900,74300,4,'',0,7500,4,'',0,3500,4,'',0,7500,4,'',0,7500,4,'',0,3500,4,'',0,7500,4,'',0,3500,4,'',0,7500,4,'',0,3500,4,'',0,7500,4,'',0,7500,4,'',0,3500,4,'',0,7500,4,'',0,3500,4,'',0,7500,4,'',0,7500,4,'',0,3500,4,'',0,7500,4,'',0,10000,4,'',0,11500,4,'',0,11500,4,'',0,11500,4,'',0,15500,4,'',0
'2792',1901,74300,,'',0,7500,,'',0,3500,,'',0,7500,,'',0,7500,,'',0,3500,,'',0,7500,,'',0,3500,,'',0,7500,,'',0,3500,,'',0,7500,,'',0,7500,,'',0,3500,,'',0,7500,,'',0,3500,,'',0,7500,,'',0,7500,,'',0,3500,,'',0,7500,,'',0,1600,,'',0,11500,,'',0,11500,,'',0,15500,,'',0,11500,,'',0,11500,,'',0
