'583',1300,71500,,'',0,2500,,'',0,6500,,'',0,2500,,'',0,2500,,'',0,6500,,'',0,2500,,'',0,47500,,'',0,2500,,'',0,6500,,'',0,2500,,'',0,6500,,'',0,2500,,'',0,2500,,'',0,6500,,'',0,21500,,'',0,2500,,'',0,6500,,'',0,2500,,'',0,6500,,'',0,2500,,'',0
'583',1301,73400,4,'',0,2500,4,'',0,6500,4,'',0,2500,4,'',0,6500,4,'',0,2500,4,'',0,6500,4,'',0,43500,4,'',0,6500,4,'',0,2500,4,'',0,2500,4,'',0,6500,4,'',0,2500,4,'',0,6500,4,'',0,2500,4,'',0,21500,4,'',0,6500,4,'',0,2500,4,'',0,6500,4,'',0,2500,4,'',0,2500,4,'',0
'584',1300,71500,,'',0,2500,,'',0,6500,,'',0,2500,,'',0,2500,,'',0,6500,,'',0,2500,,'',0,47500,,'',0,2500,,'',0,6500,,'',0,2500,,'',0,6500,,'',0,2500,,'',0,2500,,'',0,6500,,'',0,21500,,'',0,2500,,'',0,6500,,'',0,2500,,'',0,6500,,'',0,2500,,'',0
'584',1301,73400,4,'',0,2500,4,'',0,6500,4,'',0,2500,4,'',0,6500,4,'',0,2500,4,'',0,6500,4,'',0,43500,4,'',0,6500,4,'',0,2500,4,'',0,2500,4,'',0,6500,4,'',0,2500,4,'',0,6500,4,'',0,2500,4,'',0,21500,4,'',0,6500,4,'',0,2500,4,'',0,6500,4,'',0,2500,4,'',0,2500,4,'',0
'587',1300,71500,,'',0,2500,,'',0,6500,,'',0,2500,,'',0,2500,,'',0,6500,,'',0,2500,,'',0,47500,,'',0,2500,,'',0,6500,,'',0,2500,,'',0,6500,,'',0,2500,,'',0,2500,,'',0,6500,,'',0,21500,,'',0,2500,,'',0,6500,,'',0,2500,,'',0,6500,,'',0,2500,,'',0
'587',1301,73400,4,'',0,2500,4,'',0,6500,4,'',0,2500,4,'',0,6500,4,'',0,2500,4,'',0,6500,4,'',0,43500,4,'',0,6500,4,'',0,2500,4,'',0,2500,4,'',0,6500,4,'',0,2500,4,'',0,6500,4,'',0,2500,4,'',0,21500,4,'',0,6500,4,'',0,2500,4,'',0,6500,4,'',0,2500,4,'',0,2500,4,'',0
'588',1300,71500,,'',0,2500,,'',0,6500,,'',0,2500,,'',0,2500,,'',0,6500,,'',0,2500,,'',0,47500,,'',0,2500,,'',0,6500,,'',0,2500,,'',0,6500,,'',0,2500,,'',0,2500,,'',0,6500,,'',0,21500,,'',0,2500,,'',0,6500,,'',0,2500,,'',0,6500,,'',0,2500,,'',0
'588',1301,73400,4,'',0,2500,4,'',0,6500,4,'',0,2500,4,'',0,6500,4,'',0,2500,4,'',0,6500,4,'',0,43500,4,'',0,6500,4,'',0,2500,4,'',0,2500,4,'',0,6500,4,'',0,2500,4,'',0,6500,4,'',0,2500,4,'',0,21500,4,'',0,6500,4,'',0,2500,4,'',0,6500,4,'',0,2500,4,'',0,2500,4,'',0
'589',1300,71500,,'',0,2500,,'',0,6500,,'',0,2500,,'',0,2500,,'',0,6500,,'',0,2500,,'',0,47500,,'',0,2500,,'',0,6500,,'',0,2500,,'',0,6500,,'',0,2500,,'',0,2500,,'',0,6500,,'',0,21500,,'',0,2500,,'',0,6500,,'',0,2500,,'',0,6500,,'',0,2500,,'',0
'589',1301,73400,4,'',0,2500,4,'',0,6500,4,'',0,2500,4,'',0,6500,4,'',0,2500,4,'',0,6500,4,'',0,43500,4,'',0,6500,4,'',0,2500,4,'',0,2500,4,'',0,6500,4,'',0,2500,4,'',0,6500,4,'',0,2500,4,'',0,21500,4,'',0,6500,4,'',0,2500,4,'',0,6500,4,'',0,2500,4,'',0,2500,4,'',0
