'583',700,65700,,'',0,7500,,'',0,7500,,'',0,3500,,'',0,7500,,'',0,11000,,'',0,11000,,'',0,11000,,'',0,11000,,'',0,7500,,'',0,7500,,'',0,3500,,'',0,7500,,'',0,3500,,'',0,7500,,'',0,7500,,'',0,3500,,'',0,11000,,'',0,11000,,'',0
'584',700,65700,,'',0,7500,,'',0,7500,,'',0,3500,,'',0,7500,,'',0,11000,,'',0,11000,,'',0,11000,,'',0,11000,,'',0,7500,,'',0,7500,,'',0,3500,,'',0,7500,,'',0,3500,,'',0,7500,,'',0,7500,,'',0,3500,,'',0,11000,,'',0,11000,,'',0
'585',700,81000,,'',0,10000,,'',0,10000,,'',0,10000,,'',0,10000,,'',0,10000,,'',0,10000,,'',0,10000,,'',0,10000,,'',0,10000,,'',0,10000,,'',0
'586',700,84700,,'',0,16000,,'',0,12000,,'',0,12000,,'',0,16000,,'',0,12000,,'',0,12000,,'',0,16000,,'',0
'587',700,65700,,'',0,7500,,'',0,7500,,'',0,3500,,'',0,7500,,'',0,11000,,'',0,11000,,'',0,11000,,'',0,11000,,'',0,7500,,'',0,7500,,'',0,3500,,'',0,7500,,'',0,3500,,'',0,7500,,'',0,7500,,'',0,3500,,'',0,11000,,'',0,11000,,'',0
'588',700,65700,,'',0,7500,,'',0,7500,,'',0,3500,,'',0,7500,,'',0,11000,,'',0,11000,,'',0,11000,,'',0,11000,,'',0,7500,,'',0,7500,,'',0,3500,,'',0,7500,,'',0,3500,,'',0,7500,,'',0,7500,,'',0,3500,,'',0,11000,,'',0,11000,,'',0
'589',700,65700,,'',0,7500,,'',0,7500,,'',0,3500,,'',0,7500,,'',0,11000,,'',0,11000,,'',0,11000,,'',0,11000,,'',0,7500,,'',0,7500,,'',0,3500,,'',0,7500,,'',0,3500,,'',0,7500,,'',0,7500,,'',0,3500,,'',0,11000,,'',0,11000,,'',0
'583',1800,63000,4,'',0,7500,4,'',0,2600,4,'',0,2700,4,'',0,6600,4,'',0,2900,4,'',0,6800,4,'',0,2700,4,'',0,8000,4,'',0,8000,4,'',0,4000,4,'',0,8000,4,'',0,8000,4,'',0,4000,4,'',0,8000,4,'',0,2800,4,'',0,6700,4,'',0,2900,4,'',0,6800,4,'',0,3000,4,'',0,6600,4,'',0,3000,4,'',0,7000,4,'',0,9500,4,'',0,3700,4,'',0,8000,4,'',0,8300,4,'',0,11500,4,'',0
'583',1801,63000,,'',0,7500,,'',0,2700,,'',0,2600,,'',0,6600,,'',0,2900,,'',0,6800,,'',0,2700,,'',0,8000,,'',0,8000,,'',0,4000,,'',0,8000,,'',0,8000,,'',0,4000,,'',0,8000,,'',0,2800,,'',0,6800,,'',0,2800,,'',0,6800,,'',0,3000,,'',0,6700,,'',0,3000,,'',0,6900,,'',0,9500,,'',0,3700,,'',0,8000,,'',0,12000,,'',0,10900,,'',0
'584',1800,63000,4,'',0,7500,4,'',0,2600,4,'',0,2700,4,'',0,6600,4,'',0,2900,4,'',0,6800,4,'',0,2700,4,'',0,8000,4,'',0,8000,4,'',0,4000,4,'',0,8000,4,'',0,8000,4,'',0,4000,4,'',0,8000,4,'',0,2800,4,'',0,6700,4,'',0,2900,4,'',0,6800,4,'',0,3000,4,'',0,6600,4,'',0,3000,4,'',0,7000,4,'',0,9500,4,'',0,3700,4,'',0,8000,4,'',0,8300,4,'',0,11500,4,'',0
'584',1801,63000,,'',0,7500,,'',0,2700,,'',0,2600,,'',0,6600,,'',0,2900,,'',0,6800,,'',0,2700,,'',0,8000,,'',0,8000,,'',0,4000,,'',0,8000,,'',0,8000,,'',0,4000,,'',0,8000,,'',0,2800,,'',0,6800,,'',0,2800,,'',0,6800,,'',0,3000,,'',0,6700,,'',0,3000,,'',0,6900,,'',0,9500,,'',0,3700,,'',0,8000,,'',0,12000,,'',0,10900,,'',0
'585',1800,74400,4,'',0,10200,4,'',0,10000,4,'',0,10000,4,'',0,10000,4,'',0,10000,4,'',0,10000,4,'',0,10000,4,'',0,10000,4,'',0,10000,4,'',0,10000,4,'',0,8300,4,'',0,11500,4,'',0,11500,4,'',0,15500,4,'',0,11500,4,'',0,11500,4,'',0
'585',1801,74400,,'',0,10200,,'',0,10000,,'',0,10000,,'',0,10000,,'',0,10000,,'',0,10000,,'',0,10000,,'',0,10000,,'',0,10000,,'',0,10000,,'',0,16700,,'',0,11500,,'',0,11500,,'',0,11500,,'',0,15500,,'',0
'586',1800,74400,4,'',0,10300,4,'',0,15500,4,'',0,11500,4,'',0,11500,4,'',0,11500,4,'',0,15500,4,'',0,11500,4,'',0,11500,4,'',0,11200,4,'',0,11500,4,'',0,15500,4,'',0,11500,4,'',0
'586',1801,81300,,'',0,11500,,'',0,11500,,'',0,11500,,'',0,15500,,'',0,11500,,'',0,11500,,'',0,11500,,'',0,15500,,'',0,11500,,'',0,11500,,'',0,11500,,'',0
'587',1800,63000,4,'',0,7500,4,'',0,2600,4,'',0,2700,4,'',0,6600,4,'',0,2900,4,'',0,6800,4,'',0,2700,4,'',0,8000,4,'',0,8000,4,'',0,4000,4,'',0,8000,4,'',0,8000,4,'',0,4000,4,'',0,8000,4,'',0,2800,4,'',0,6700,4,'',0,2900,4,'',0,6800,4,'',0,3000,4,'',0,6600,4,'',0,3000,4,'',0,7000,4,'',0,9500,4,'',0,3700,4,'',0,8000,4,'',0,8300,4,'',0,11500,4,'',0
'587',1801,63000,,'',0,7500,,'',0,2700,,'',0,2600,,'',0,6600,,'',0,2900,,'',0,6800,,'',0,2700,,'',0,8000,,'',0,8000,,'',0,4000,,'',0,8000,,'',0,8000,,'',0,4000,,'',0,8000,,'',0,2800,,'',0,6800,,'',0,2800,,'',0,6800,,'',0,3000,,'',0,6700,,'',0,3000,,'',0,6900,,'',0,9500,,'',0,3700,,'',0,8000,,'',0,12000,,'',0,10900,,'',0
'588',1800,63000,4,'',0,7500,4,'',0,2600,4,'',0,2700,4,'',0,6600,4,'',0,2900,4,'',0,6800,4,'',0,2700,4,'',0,8000,4,'',0,8000,4,'',0,4000,4,'',0,8000,4,'',0,8000,4,'',0,4000,4,'',0,8000,4,'',0,2800,4,'',0,6700,4,'',0,2900,4,'',0,6800,4,'',0,3000,4,'',0,6600,4,'',0,3000,4,'',0,7000,4,'',0,9500,4,'',0,3700,4,'',0,8000,4,'',0,8300,4,'',0,11500,4,'',0
'588',1801,63000,,'',0,7500,,'',0,2700,,'',0,2600,,'',0,6600,,'',0,2900,,'',0,6800,,'',0,2700,,'',0,8000,,'',0,8000,,'',0,4000,,'',0,8000,,'',0,8000,,'',0,4000,,'',0,8000,,'',0,2800,,'',0,6800,,'',0,2800,,'',0,6800,,'',0,3000,,'',0,6700,,'',0,3000,,'',0,6900,,'',0,9500,,'',0,3700,,'',0,8000,,'',0,12000,,'',0,10900,,'',0
'589',1800,63000,4,'',0,7500,4,'',0,2600,4,'',0,2700,4,'',0,6600,4,'',0,2900,4,'',0,6800,4,'',0,2700,4,'',0,8000,4,'',0,8000,4,'',0,4000,4,'',0,8000,4,'',0,8000,4,'',0,4000,4,'',0,8000,4,'',0,2800,4,'',0,6700,4,'',0,2900,4,'',0,6800,4,'',0,3000,4,'',0,6600,4,'',0,3000,4,'',0,7000,4,'',0,9500,4,'',0,3700,4,'',0,8000,4,'',0,8300,4,'',0,11500,4,'',0
'589',1801,63000,,'',0,7500,,'',0,2700,,'',0,2600,,'',0,6600,,'',0,2900,,'',0,6800,,'',0,2700,,'',0,8000,,'',0,8000,,'',0,4000,,'',0,8000,,'',0,8000,,'',0,4000,,'',0,8000,,'',0,2800,,'',0,6800,,'',0,2800,,'',0,6800,,'',0,3000,,'',0,6700,,'',0,3000,,'',0,6900,,'',0,9500,,'',0,3700,,'',0,8000,,'',0,12000,,'',0,10900,,'',0
'583',1900,65900,4,'',0,6000,4,'',0,2000,4,'',0,2000,4,'',0,6000,4,'',0,1900,4,'',0,2000,4,'',0,6100,4,'',0,3500,4,'',0,7500,4,'',0,7500,4,'',0,3500,4,'',0,7500,4,'',0,3500,4,'',0,7500,4,'',0,3500,4,'',0,7600,4,'',0,2000,4,'',0,6000,4,'',0,2000,4,'',0,2000,4,'',0,6000,4,'',0,2000,4,'',0,2000,4,'',0,6000,4,'',0,1900,4,'',0,2000,4,'',0,7500,4,'',0,7500,4,'',0,3400,4,'',0,7500,4,'',0,3500,4,'',0,10000,4,'',0,10900,4,'',0
'583',1901,65900,,'',0,6000,,'',0,2000,,'',0,2000,,'',0,6000,,'',0,1900,,'',0,2000,,'',0,6100,,'',0,3500,,'',0,7500,,'',0,7500,,'',0,3500,,'',0,7500,,'',0,3500,,'',0,7500,,'',0,3500,,'',0,7600,,'',0,2000,,'',0,6000,,'',0,2000,,'',0,2000,,'',0,6000,,'',0,2000,,'',0,2000,,'',0,6000,,'',0,1900,,'',0,2000,,'',0,7500,,'',0,7500,,'',0,3400,,'',0,7500,,'',0,3500,,'',0,6300,,'',0,11500,,'',0
'584',1900,65900,4,'',0,6000,4,'',0,2000,4,'',0,2000,4,'',0,6000,4,'',0,1900,4,'',0,2000,4,'',0,6100,4,'',0,3500,4,'',0,7500,4,'',0,7500,4,'',0,3500,4,'',0,7500,4,'',0,3500,4,'',0,7500,4,'',0,3500,4,'',0,7600,4,'',0,2000,4,'',0,6000,4,'',0,2000,4,'',0,2000,4,'',0,6000,4,'',0,2000,4,'',0,2000,4,'',0,6000,4,'',0,1900,4,'',0,2000,4,'',0,7500,4,'',0,7500,4,'',0,3400,4,'',0,7500,4,'',0,3500,4,'',0,10000,4,'',0,10900,4,'',0
'584',1901,65900,,'',0,6000,,'',0,2000,,'',0,2000,,'',0,6000,,'',0,1900,,'',0,2000,,'',0,6100,,'',0,3500,,'',0,7500,,'',0,7500,,'',0,3500,,'',0,7500,,'',0,3500,,'',0,7500,,'',0,3500,,'',0,7600,,'',0,2000,,'',0,6000,,'',0,2000,,'',0,2000,,'',0,6000,,'',0,2000,,'',0,2000,,'',0,6000,,'',0,1900,,'',0,2000,,'',0,7500,,'',0,7500,,'',0,3400,,'',0,7500,,'',0,3500,,'',0,6300,,'',0,11500,,'',0
'585',1900,74300,4,'',0,7500,4,'',0,3500,4,'',0,7500,4,'',0,7500,4,'',0,3500,4,'',0,7500,4,'',0,3500,4,'',0,7500,4,'',0,3500,4,'',0,7500,4,'',0,7500,4,'',0,3500,4,'',0,7500,4,'',0,3500,4,'',0,7500,4,'',0,7500,4,'',0,3500,4,'',0,7500,4,'',0,10000,4,'',0,11500,4,'',0,11500,4,'',0,11500,4,'',0,15500,4,'',0
'585',1901,74300,,'',0,7500,,'',0,3500,,'',0,7500,,'',0,7500,,'',0,3500,,'',0,7500,,'',0,3500,,'',0,7500,,'',0,3500,,'',0,7500,,'',0,7500,,'',0,3500,,'',0,7500,,'',0,3500,,'',0,7500,,'',0,7500,,'',0,3500,,'',0,7500,,'',0,1600,,'',0,11500,,'',0,11500,,'',0,15500,,'',0,11500,,'',0,11500,,'',0
'586',1900,81300,4,'',0,11500,4,'',0,11500,4,'',0,11500,4,'',0,15500,4,'',0,11500,4,'',0,11500,4,'',0,11500,4,'',0,15500,4,'',0,11500,4,'',0,11500,4,'',0,11500,4,'',0
'586',1901,74400,,'',0,10300,,'',0,15500,,'',0,11500,,'',0,11500,,'',0,11500,,'',0,15500,,'',0,11500,,'',0,11500,,'',0,11200,,'',0,11500,,'',0,15500,,'',0,11500,,'',0
'587',1900,65900,4,'',0,6000,4,'',0,2000,4,'',0,2000,4,'',0,6000,4,'',0,1900,4,'',0,2000,4,'',0,6100,4,'',0,3500,4,'',0,7500,4,'',0,7500,4,'',0,3500,4,'',0,7500,4,'',0,3500,4,'',0,7500,4,'',0,3500,4,'',0,7600,4,'',0,2000,4,'',0,6000,4,'',0,2000,4,'',0,2000,4,'',0,6000,4,'',0,2000,4,'',0,2000,4,'',0,6000,4,'',0,1900,4,'',0,2000,4,'',0,7500,4,'',0,7500,4,'',0,3400,4,'',0,7500,4,'',0,3500,4,'',0,10000,4,'',0,10900,4,'',0
'587',1901,65900,,'',0,6000,,'',0,2000,,'',0,2000,,'',0,6000,,'',0,1900,,'',0,2000,,'',0,6100,,'',0,3500,,'',0,7500,,'',0,7500,,'',0,3500,,'',0,7500,,'',0,3500,,'',0,7500,,'',0,3500,,'',0,7600,,'',0,2000,,'',0,6000,,'',0,2000,,'',0,2000,,'',0,6000,,'',0,2000,,'',0,2000,,'',0,6000,,'',0,1900,,'',0,2000,,'',0,7500,,'',0,7500,,'',0,3400,,'',0,7500,,'',0,3500,,'',0,6300,,'',0,11500,,'',0
'588',1900,65900,4,'',0,6000,4,'',0,2000,4,'',0,2000,4,'',0,6000,4,'',0,1900,4,'',0,2000,4,'',0,6100,4,'',0,3500,4,'',0,7500,4,'',0,7500,4,'',0,3500,4,'',0,7500,4,'',0,3500,4,'',0,7500,4,'',0,3500,4,'',0,7600,4,'',0,2000,4,'',0,6000,4,'',0,2000,4,'',0,2000,4,'',0,6000,4,'',0,2000,4,'',0,2000,4,'',0,6000,4,'',0,1900,4,'',0,2000,4,'',0,7500,4,'',0,7500,4,'',0,3400,4,'',0,7500,4,'',0,3500,4,'',0,10000,4,'',0,10900,4,'',0
'588',1901,65900,,'',0,6000,,'',0,2000,,'',0,2000,,'',0,6000,,'',0,1900,,'',0,2000,,'',0,6100,,'',0,3500,,'',0,7500,,'',0,7500,,'',0,3500,,'',0,7500,,'',0,3500,,'',0,7500,,'',0,3500,,'',0,7600,,'',0,2000,,'',0,6000,,'',0,2000,,'',0,2000,,'',0,6000,,'',0,2000,,'',0,2000,,'',0,6000,,'',0,1900,,'',0,2000,,'',0,7500,,'',0,7500,,'',0,3400,,'',0,7500,,'',0,3500,,'',0,6300,,'',0,11500,,'',0
'589',1900,65900,4,'',0,6000,4,'',0,2000,4,'',0,2000,4,'',0,6000,4,'',0,1900,4,'',0,2000,4,'',0,6100,4,'',0,3500,4,'',0,7500,4,'',0,7500,4,'',0,3500,4,'',0,7500,4,'',0,3500,4,'',0,7500,4,'',0,3500,4,'',0,7600,4,'',0,2000,4,'',0,6000,4,'',0,2000,4,'',0,2000,4,'',0,6000,4,'',0,2000,4,'',0,2000,4,'',0,6000,4,'',0,1900,4,'',0,2000,4,'',0,7500,4,'',0,7500,4,'',0,3400,4,'',0,7500,4,'',0,3500,4,'',0,10000,4,'',0,10900,4,'',0
'589',1901,65900,,'',0,6000,,'',0,2000,,'',0,2000,,'',0,6000,,'',0,1900,,'',0,2000,,'',0,6100,,'',0,3500,,'',0,7500,,'',0,7500,,'',0,3500,,'',0,7500,,'',0,3500,,'',0,7500,,'',0,3500,,'',0,7600,,'',0,2000,,'',0,6000,,'',0,2000,,'',0,2000,,'',0,6000,,'',0,2000,,'',0,2000,,'',0,6000,,'',0,1900,,'',0,2000,,'',0,7500,,'',0,7500,,'',0,3400,,'',0,7500,,'',0,3500,,'',0,6300,,'',0,11500,,'',0
