'541',300,72800,,'',0,1200,4,'',0,1100,,'',0,5200,4,'',0,1800,,'',0,1300,4,'',0,1600,,'',0,5300,4,'',0,1500,,'',0,1300,4,'',0,7800,,'',0,1300,4,'',0,2500,,'',0,5300,4,'',0,2000,,'',0,1300,4,'',0,2200,,'',0,5300,4,'',0,2000,,'',0,1300,4,'',0,6200,,'',0,1300,4,'',0,2000,,'',0,1300,4,'',0,7600,,'',0,1300,4,'',0,1400,,'',0,5300,4,'',0,1000,,'',0,1300,4,'',0,2000,,'',0,5300,4,'',0,1600,,'',0,1300,4,'',0,1500,,'',0,1300,4,'',0,5700,,'',0,1300,4,'',0,1200,,'',0,1300,4,'',0,8700,,'',0,1200,4,'',0,8800,,'',0,1200,4,'',0,8800,,'',0,1200,4,'',0,9800,,'',0,5200,4,'',0
'542',300,72800,,'',0,1200,4,'',0,1100,,'',0,5200,4,'',0,1800,,'',0,1300,4,'',0,1600,,'',0,5300,4,'',0,1500,,'',0,1300,4,'',0,7800,,'',0,1300,4,'',0,2500,,'',0,5300,4,'',0,2000,,'',0,1300,4,'',0,2200,,'',0,5300,4,'',0,2000,,'',0,1300,4,'',0,6200,,'',0,1300,4,'',0,2000,,'',0,1300,4,'',0,7600,,'',0,1300,4,'',0,1400,,'',0,5300,4,'',0,1000,,'',0,1300,4,'',0,2000,,'',0,5300,4,'',0,1600,,'',0,1300,4,'',0,1500,,'',0,1300,4,'',0,5700,,'',0,1300,4,'',0,1200,,'',0,1300,4,'',0,8700,,'',0,1200,4,'',0,8800,,'',0,1200,4,'',0,8800,,'',0,1200,4,'',0,9800,,'',0,5200,4,'',0
'543',300,72800,,'',0,1200,4,'',0,1100,,'',0,5200,4,'',0,1800,,'',0,1300,4,'',0,1600,,'',0,5300,4,'',0,1500,,'',0,1300,4,'',0,7800,,'',0,1300,4,'',0,2500,,'',0,5300,4,'',0,2000,,'',0,1300,4,'',0,2200,,'',0,5300,4,'',0,2000,,'',0,1300,4,'',0,6200,,'',0,1300,4,'',0,2000,,'',0,1300,4,'',0,7600,,'',0,1300,4,'',0,1400,,'',0,5300,4,'',0,1000,,'',0,1300,4,'',0,2000,,'',0,5300,4,'',0,1600,,'',0,1300,4,'',0,1500,,'',0,1300,4,'',0,5700,,'',0,1300,4,'',0,1200,,'',0,1300,4,'',0,8700,,'',0,1200,4,'',0,8800,,'',0,1200,4,'',0,8800,,'',0,1200,4,'',0,9800,,'',0,5200,4,'',0
'544',300,72800,,'',0,1200,4,'',0,1100,,'',0,5200,4,'',0,1800,,'',0,1300,4,'',0,1600,,'',0,5300,4,'',0,1500,,'',0,1300,4,'',0,7800,,'',0,1300,4,'',0,2500,,'',0,5300,4,'',0,2000,,'',0,1300,4,'',0,2200,,'',0,5300,4,'',0,2000,,'',0,1300,4,'',0,6200,,'',0,1300,4,'',0,2000,,'',0,1300,4,'',0,7600,,'',0,1300,4,'',0,1400,,'',0,5300,4,'',0,1000,,'',0,1300,4,'',0,2000,,'',0,5300,4,'',0,1600,,'',0,1300,4,'',0,1500,,'',0,1300,4,'',0,5700,,'',0,1300,4,'',0,1200,,'',0,1300,4,'',0,8700,,'',0,1200,4,'',0,8800,,'',0,1200,4,'',0,8800,,'',0,1200,4,'',0,9800,,'',0,5200,4,'',0
'545',300,81500,,'',0,1200,4,'',0,8800,,'',0,1200,4,'',0,8800,,'',0,1200,4,'',0,1800,,'',0,1200,4,'',0,5800,,'',0,1200,4,'',0,1800,,'',0,1200,4,'',0,5800,,'',0,1200,4,'',0,1800,,'',0,1200,4,'',0,5800,,'',0,1200,4,'',0,1800,,'',0,1200,4,'',0,5800,,'',0,1200,4,'',0,1800,,'',0,1200,4,'',0,5800,,'',0,1200,4,'',0,1800,,'',0,1200,4,'',0,5800,,'',0,1200,4,'',0,1800,,'',0,1200,4,'',0,5800,,'',0,1200,4,'',0,1800,,'',0,1200,4,'',0,6300,,'',0,1000,4,'',0,7000,,'',0,1000,4,'',0,9000,,'',0,1000,4,'',0,9000,,'',0,1000,4,'',0,9000,,'',0,1000,4,'',0,9700,,'',0,1000,4,'',0,9300,,'',0,1000,4,'',0
'546',300,83000,,'',0,1200,4,'',0,8800,,'',0,1200,4,'',0,8800,,'',0,1200,4,'',0,8800,,'',0,1200,4,'',0,8800,,'',0,1200,4,'',0,8800,,'',0,1200,4,'',0,8800,,'',0,1200,4,'',0,8800,,'',0,1200,4,'',0,8800,,'',0,1200,4,'',0,8800,,'',0,1200,4,'',0,10500,,'',0,1000,4,'',0,8800,,'',0,1000,4,'',0,9200,,'',0,1000,4,'',0,16800,,'',0,1000,4,'',0
'547',300,72800,,'',0,1200,4,'',0,1100,,'',0,5200,4,'',0,1800,,'',0,1300,4,'',0,1600,,'',0,5300,4,'',0,1500,,'',0,1300,4,'',0,7800,,'',0,1300,4,'',0,2500,,'',0,5300,4,'',0,2000,,'',0,1300,4,'',0,2200,,'',0,5300,4,'',0,2000,,'',0,1300,4,'',0,6200,,'',0,1300,4,'',0,2000,,'',0,1300,4,'',0,7600,,'',0,1300,4,'',0,1400,,'',0,5300,4,'',0,1000,,'',0,1300,4,'',0,2000,,'',0,5300,4,'',0,1600,,'',0,1300,4,'',0,1500,,'',0,1300,4,'',0,5700,,'',0,1300,4,'',0,1200,,'',0,1300,4,'',0,8700,,'',0,1200,4,'',0,8800,,'',0,1200,4,'',0,8800,,'',0,1200,4,'',0,9800,,'',0,5200,4,'',0
'541',900,94100,4,'',0,31200,4,'',0,28800,4,'',0
'541',901,90000,,'',0,22000,,'',0,38000,,'',0
'542',900,94100,4,'',0,31200,4,'',0,28800,4,'',0
'542',901,90000,,'',0,22000,,'',0,38000,,'',0
'543',900,94100,4,'',0,31200,4,'',0,28800,4,'',0
'543',901,90000,,'',0,22000,,'',0,38000,,'',0
'544',900,94100,4,'',0,31200,4,'',0,28800,4,'',0
'544',901,90000,,'',0,22000,,'',0,38000,,'',0
'545',900,122400,4,'',0,8500,4,'',0,20500,4,'',0,4500,4,'',0
'545',901,114500,,'',0,8500,,'',0,29000,,'',0,8500,,'',0
'546',900,122400,4,'',0,10000,4,'',0,10000,4,'',0,10000,4,'',0
'546',901,114500,,'',0,10000,,'',0,10000,,'',0,10000,,'',0
'547',900,94100,4,'',0,31200,4,'',0,28800,4,'',0
'547',901,90000,,'',0,22000,,'',0,38000,,'',0
