'585',1000,250800,0,'North Rutland',0
'586',1000,231800,0,'North Rutland',0
'583',1100,63500,,'',0,8600,,'',0,3200,,'',0,5500,,'',0,1500,,'',0,3100,,'',0,7000,,'',0,3000,,'',0,7000,,'',0,3000,,'',0,7000,,'',0,3000,,'',0,7100,,'',0,3100,,'',0,7000,,'',0,3000,,'',0,7000,,'',0,3000,,'',0,7000,,'',0,3000,,'',0,7000,,'',0,1500,,'',0,1500,,'',0,7000,,'',0,2900,,'',0,6800,,'',0,3000,,'',0,7000,,'',0,3000,,'',0,8000,,'',0,7000,,'',0,10000,,'',0,12000,,'',0
'583',1101,72100,4,'',0,3200,4,'',0,5500,4,'',0,1500,4,'',0,3100,4,'',0,7000,4,'',0,3000,4,'',0,7000,4,'',0,3000,4,'',0,7000,4,'',0,3000,4,'',0,7100,4,'',0,3100,4,'',0,7000,4,'',0,3000,4,'',0,7000,4,'',0,3000,4,'',0,7000,4,'',0,3000,4,'',0,7000,4,'',0,1500,4,'',0,1500,4,'',0,7000,4,'',0,2900,4,'',0,6800,4,'',0,3000,4,'',0,7000,4,'',0,3000,4,'',0,8000,4,'',0,7000,4,'',0,10000,4,'',0,12000,4,'',0
'584',1100,63500,,'',0,8600,,'',0,3200,,'',0,5500,,'',0,1500,,'',0,3100,,'',0,7000,,'',0,3000,,'',0,7000,,'',0,3000,,'',0,7000,,'',0,3000,,'',0,7100,,'',0,3100,,'',0,7000,,'',0,3000,,'',0,7000,,'',0,3000,,'',0,7000,,'',0,3000,,'',0,7000,,'',0,1500,,'',0,1500,,'',0,7000,,'',0,2900,,'',0,6800,,'',0,3000,,'',0,7000,,'',0,3000,,'',0,8000,,'',0,7000,,'',0,10000,,'',0,12000,,'',0
'584',1101,72100,4,'',0,3200,4,'',0,5500,4,'',0,1500,4,'',0,3100,4,'',0,7000,4,'',0,3000,4,'',0,7000,4,'',0,3000,4,'',0,7000,4,'',0,3000,4,'',0,7100,4,'',0,3100,4,'',0,7000,4,'',0,3000,4,'',0,7000,4,'',0,3000,4,'',0,7000,4,'',0,3000,4,'',0,7000,4,'',0,1500,4,'',0,1500,4,'',0,7000,4,'',0,2900,4,'',0,6800,4,'',0,3000,4,'',0,7000,4,'',0,3000,4,'',0,8000,4,'',0,7000,4,'',0,10000,4,'',0,12000,4,'',0
'585',1100,73800,,'',0,7900,,'',0,2100,,'',0,7000,,'',0,3000,,'',0,7000,,'',0,3000,,'',0,7000,,'',0,3000,,'',0,7000,,'',0,3000,,'',0,7000,,'',0,3000,,'',0,7000,,'',0,3000,,'',0,7000,,'',0,3000,,'',0,7000,,'',0,3000,,'',0,7000,,'',0,3000,,'',0,7000,,'',0,3000,,'',0,11500,,'',0,10500,,'',0,10000,,'',0,10000,,'',0,15000,0,'Orchard Pk',0
'585',1101,83800,4,'',0,7000,4,'',0,3000,4,'',0,7000,4,'',0,3000,4,'',0,7000,4,'',0,3000,4,'',0,7000,4,'',0,3000,4,'',0,7000,4,'',0,3000,4,'',0,7000,4,'',0,3000,4,'',0,7000,4,'',0,3000,4,'',0,7000,4,'',0,3000,4,'',0,7000,4,'',0,3000,4,'',0,7000,4,'',0,3000,4,'',0,11500,4,'',0,10500,4,'',0,10000,4,'',0,10000,4,'',0,15000,4,'',0,10000,4,'',0
'586',1100,75100,,'',0,19200,,'',0,10000,,'',0,10000,,'',0,10000,,'',0,10000,,'',0,10000,,'',0,10000,,'',0,10000,,'',0,10000,,'',0,10000,,'',0,10000,,'',0,10000,,'',0,16000,0,'Orchard Pk',0
'586',1101,94300,4,'',0,10000,4,'',0,10000,4,'',0,10000,4,'',0,10000,4,'',0,10000,4,'',0,10000,4,'',0,10000,4,'',0,10000,4,'',0,10000,4,'',0,10000,4,'',0,10000,4,'',0,16000,4,'',0,11500,4,'',0
'587',1100,63500,,'',0,8600,,'',0,3200,,'',0,5500,,'',0,1500,,'',0,3100,,'',0,7000,,'',0,3000,,'',0,7000,,'',0,3000,,'',0,7000,,'',0,3000,,'',0,7100,,'',0,3100,,'',0,7000,,'',0,3000,,'',0,7000,,'',0,3000,,'',0,7000,,'',0,3000,,'',0,7000,,'',0,1500,,'',0,1500,,'',0,7000,,'',0,2900,,'',0,6800,,'',0,3000,,'',0,7000,,'',0,3000,,'',0,8000,,'',0,7000,,'',0,10000,,'',0,12000,,'',0
'587',1101,72100,4,'',0,3200,4,'',0,5500,4,'',0,1500,4,'',0,3100,4,'',0,7000,4,'',0,3000,4,'',0,7000,4,'',0,3000,4,'',0,7000,4,'',0,3000,4,'',0,7100,4,'',0,3100,4,'',0,7000,4,'',0,3000,4,'',0,7000,4,'',0,3000,4,'',0,7000,4,'',0,3000,4,'',0,7000,4,'',0,1500,4,'',0,1500,4,'',0,7000,4,'',0,2900,4,'',0,6800,4,'',0,3000,4,'',0,7000,4,'',0,3000,4,'',0,8000,4,'',0,7000,4,'',0,10000,4,'',0,12000,4,'',0
'588',1100,63500,,'',0,8600,,'',0,3200,,'',0,5500,,'',0,1500,,'',0,3100,,'',0,7000,,'',0,3000,,'',0,7000,,'',0,3000,,'',0,7000,,'',0,3000,,'',0,7100,,'',0,3100,,'',0,7000,,'',0,3000,,'',0,7000,,'',0,3000,,'',0,7000,,'',0,3000,,'',0,7000,,'',0,1500,,'',0,1500,,'',0,7000,,'',0,2900,,'',0,6800,,'',0,3000,,'',0,7000,,'',0,3000,,'',0,8000,,'',0,7000,,'',0,10000,,'',0,12000,,'',0
'588',1101,72100,4,'',0,3200,4,'',0,5500,4,'',0,1500,4,'',0,3100,4,'',0,7000,4,'',0,3000,4,'',0,7000,4,'',0,3000,4,'',0,7000,4,'',0,3000,4,'',0,7100,4,'',0,3100,4,'',0,7000,4,'',0,3000,4,'',0,7000,4,'',0,3000,4,'',0,7000,4,'',0,3000,4,'',0,7000,4,'',0,1500,4,'',0,1500,4,'',0,7000,4,'',0,2900,4,'',0,6800,4,'',0,3000,4,'',0,7000,4,'',0,3000,4,'',0,8000,4,'',0,7000,4,'',0,10000,4,'',0,12000,4,'',0
'589',1100,63500,,'',0,8600,,'',0,3200,,'',0,5500,,'',0,1500,,'',0,3100,,'',0,7000,,'',0,3000,,'',0,7000,,'',0,3000,,'',0,7000,,'',0,3000,,'',0,7100,,'',0,3100,,'',0,7000,,'',0,3000,,'',0,7000,,'',0,3000,,'',0,7000,,'',0,3000,,'',0,7000,,'',0,1500,,'',0,1500,,'',0,7000,,'',0,2900,,'',0,6800,,'',0,3000,,'',0,7000,,'',0,3000,,'',0,8000,,'',0,7000,,'',0,10000,,'',0,12000,,'',0
'589',1101,72100,4,'',0,3200,4,'',0,5500,4,'',0,1500,4,'',0,3100,4,'',0,7000,4,'',0,3000,4,'',0,7000,4,'',0,3000,4,'',0,7000,4,'',0,3000,4,'',0,7100,4,'',0,3100,4,'',0,7000,4,'',0,3000,4,'',0,7000,4,'',0,3000,4,'',0,7000,4,'',0,3000,4,'',0,7000,4,'',0,1500,4,'',0,1500,4,'',0,7000,4,'',0,2900,4,'',0,6800,4,'',0,3000,4,'',0,7000,4,'',0,3000,4,'',0,8000,4,'',0,7000,4,'',0,10000,4,'',0,12000,4,'',0
