'541',500,71600,4,'',0,3800,4,'',0,6100,4,'',0,3900,4,'',0,69800,4,'',0,5500,4,'',0,3700,4,'',0,8900,4,'',0,8000,4,'',0
'542',500,71600,4,'',0,3800,4,'',0,6100,4,'',0,3900,4,'',0,69800,4,'',0,5500,4,'',0,3700,4,'',0,8900,4,'',0,8000,4,'',0
'543',500,71600,4,'',0,3800,4,'',0,6100,4,'',0,3900,4,'',0,69800,4,'',0,5500,4,'',0,3700,4,'',0,8900,4,'',0,8000,4,'',0
'544',500,71600,4,'',0,3800,4,'',0,6100,4,'',0,3900,4,'',0,69800,4,'',0,5500,4,'',0,3700,4,'',0,8900,4,'',0,8000,4,'',0
'547',500,71600,4,'',0,3800,4,'',0,6100,4,'',0,3900,4,'',0,69800,4,'',0,5500,4,'',0,3700,4,'',0,8900,4,'',0,8000,4,'',0
'541',701,64200,4,'',0,7500,4,'',0,3600,4,'',0,5600,4,'',0,2000,4,'',0,7500,4,'',0,3500,4,'',0,7500,4,'',0,11000,4,'',0,11000,4,'',0,11000,4,'',0,7500,4,'',0,3500,4,'',0,7000,4,'',0,500,4,'',0,7600,4,'',0,3500,4,'',0,7500,4,'',0,3400,4,'',0,7500,4,'',0,11000,4,'',0,11000,4,'',0
'542',701,64200,4,'',0,7500,4,'',0,3600,4,'',0,5600,4,'',0,2000,4,'',0,7500,4,'',0,3500,4,'',0,7500,4,'',0,11000,4,'',0,11000,4,'',0,11000,4,'',0,7500,4,'',0,3500,4,'',0,7000,4,'',0,500,4,'',0,7600,4,'',0,3500,4,'',0,7500,4,'',0,3400,4,'',0,7500,4,'',0,11000,4,'',0,11000,4,'',0
'543',701,64200,4,'',0,7500,4,'',0,3600,4,'',0,5600,4,'',0,2000,4,'',0,7500,4,'',0,3500,4,'',0,7500,4,'',0,11000,4,'',0,11000,4,'',0,11000,4,'',0,7500,4,'',0,3500,4,'',0,7000,4,'',0,500,4,'',0,7600,4,'',0,3500,4,'',0,7500,4,'',0,3400,4,'',0,7500,4,'',0,11000,4,'',0,11000,4,'',0
'544',701,64200,4,'',0,7500,4,'',0,3600,4,'',0,5600,4,'',0,2000,4,'',0,7500,4,'',0,3500,4,'',0,7500,4,'',0,11000,4,'',0,11000,4,'',0,11000,4,'',0,7500,4,'',0,3500,4,'',0,7000,4,'',0,500,4,'',0,7600,4,'',0,3500,4,'',0,7500,4,'',0,3400,4,'',0,7500,4,'',0,11000,4,'',0,11000,4,'',0
'545',701,83400,4,'',0,10000,4,'',0,10000,4,'',0,10000,4,'',0,10000,4,'',0,10000,4,'',0,10000,4,'',0,10000,4,'',0,10000,4,'',0,10000,4,'',0
'546',701,82900,4,'',0,12000,4,'',0,16000,4,'',0,12000,4,'',0,12000,4,'',0,16000,4,'',0,12000,4,'',0,12000,4,'',0
'547',701,64200,4,'',0,7500,4,'',0,3600,4,'',0,5600,4,'',0,2000,4,'',0,7500,4,'',0,3500,4,'',0,7500,4,'',0,11000,4,'',0,11000,4,'',0,11000,4,'',0,7500,4,'',0,3500,4,'',0,7000,4,'',0,500,4,'',0,7600,4,'',0,3500,4,'',0,7500,4,'',0,3400,4,'',0,7500,4,'',0,11000,4,'',0,11000,4,'',0
