'583',1000,55000,,'',0,7200,,'',0,1800,,'',0,6400,,'',0,1900,,'',0,2000,,'',0,6000,,'',0,2000,,'',0,1900,,'',0,5900,,'',0,2100,,'',0,1900,,'',0,6800,,'',0,2900,,'',0,7300,,'',0,3000,,'',0,7000,,'',0,3000,,'',0,7000,,'',0,3000,,'',0,7000,,'',0,3000,,'',0,7200,,'',0,2100,,'',0,1900,,'',0,6200,,'',0,1900,,'',0,1900,,'',0,5900,,'',0,1700,,'',0,1700,,'',0,6300,,'',0,4200,,'',0,8400,,'',0,8400,,'',0,8400,,'',0,4300,,'',0,8400,,'',0,8500,,'',0,8500,,'',0,4500,0,'Orchard Pk',0
'583',1001,55000,4,'',0,7200,4,'',0,1800,4,'',0,6400,4,'',0,1900,4,'',0,2000,4,'',0,6000,4,'',0,2000,4,'',0,1900,4,'',0,5900,4,'',0,2100,4,'',0,1900,4,'',0,6800,4,'',0,2900,4,'',0,7300,4,'',0,3000,4,'',0,7000,4,'',0,3000,4,'',0,7000,4,'',0,3000,4,'',0,7000,4,'',0,3000,4,'',0,7200,4,'',0,2100,4,'',0,1900,4,'',0,6200,4,'',0,1900,4,'',0,1900,4,'',0,5900,4,'',0,1700,4,'',0,1700,4,'',0,6100,4,'',0,4400,4,'',0,8400,4,'',0,8400,4,'',0,8400,4,'',0,4300,4,'',0,8400,4,'',0,8500,4,'',0,8500,4,'',0,4500,4,'',0
'584',1000,55000,,'',0,7200,,'',0,1800,,'',0,6400,,'',0,1900,,'',0,2000,,'',0,6000,,'',0,2000,,'',0,1900,,'',0,5900,,'',0,2100,,'',0,1900,,'',0,6800,,'',0,2900,,'',0,7300,,'',0,3000,,'',0,7000,,'',0,3000,,'',0,7000,,'',0,3000,,'',0,7000,,'',0,3000,,'',0,7200,,'',0,2100,,'',0,1900,,'',0,6200,,'',0,1900,,'',0,1900,,'',0,5900,,'',0,1700,,'',0,1700,,'',0,6300,,'',0,4200,,'',0,8400,,'',0,8400,,'',0,8400,,'',0,4300,,'',0,8400,,'',0,8500,,'',0,8500,,'',0,4500,0,'Orchard Pk',0
'584',1001,55000,4,'',0,7200,4,'',0,1800,4,'',0,6400,4,'',0,1900,4,'',0,2000,4,'',0,6000,4,'',0,2000,4,'',0,1900,4,'',0,5900,4,'',0,2100,4,'',0,1900,4,'',0,6800,4,'',0,2900,4,'',0,7300,4,'',0,3000,4,'',0,7000,4,'',0,3000,4,'',0,7000,4,'',0,3000,4,'',0,7000,4,'',0,3000,4,'',0,7200,4,'',0,2100,4,'',0,1900,4,'',0,6200,4,'',0,1900,4,'',0,1900,4,'',0,5900,4,'',0,1700,4,'',0,1700,4,'',0,6100,4,'',0,4400,4,'',0,8400,4,'',0,8400,4,'',0,8400,4,'',0,4300,4,'',0,8400,4,'',0,8500,4,'',0,8500,4,'',0,4500,4,'',0
'585',1000,74900,,'',0,7000,,'',0,3000,,'',0,7000,,'',0,3000,,'',0,7000,,'',0,3000,,'',0,7000,,'',0,3000,,'',0,7000,,'',0,3000,,'',0,7000,,'',0,3000,,'',0,7000,,'',0,3000,,'',0,7000,,'',0,3000,,'',0,7000,,'',0,3000,,'',0,7000,,'',0,3000,,'',0,7000,,'',0,3700,,'',0,6900,,'',0,9900,,'',0,9900,,'',0,10000,,'',0,10000,,'',0,19000,0,'North Rutland',0
'585',1001,84900,4,'',0,7000,4,'',0,3000,4,'',0,7000,4,'',0,3000,4,'',0,7000,4,'',0,3000,4,'',0,7000,4,'',0,3000,4,'',0,7000,4,'',0,3000,4,'',0,7000,4,'',0,3000,4,'',0,7000,4,'',0,3000,4,'',0,7000,4,'',0,3000,4,'',0,7000,4,'',0,3000,4,'',0,7000,4,'',0,3700,4,'',0,6900,4,'',0,9900,4,'',0,9900,4,'',0,10000,4,'',0,10000,4,'',0,10000,4,'',0
'586',1000,75200,,'',0,16000,,'',0,10000,,'',0,10000,,'',0,10000,,'',0,10000,,'',0,10000,,'',0,10000,,'',0,10000,,'',0,10000,,'',0,10000,,'',0,10000,,'',0,10000,,'',0,13000,,'',0,18100,0,'North Rutland',0
'586',1001,91200,4,'',0,10000,4,'',0,10000,4,'',0,10000,4,'',0,10000,4,'',0,10000,4,'',0,10000,4,'',0,10000,4,'',0,10000,4,'',0,10000,4,'',0,10000,4,'',0,10000,4,'',0,13000,4,'',0,10000,4,'',0
'587',1000,55000,,'',0,7200,,'',0,1800,,'',0,6400,,'',0,1900,,'',0,2000,,'',0,6000,,'',0,2000,,'',0,1900,,'',0,5900,,'',0,2100,,'',0,1900,,'',0,6800,,'',0,2900,,'',0,7300,,'',0,3000,,'',0,7000,,'',0,3000,,'',0,7000,,'',0,3000,,'',0,7000,,'',0,3000,,'',0,7200,,'',0,2100,,'',0,1900,,'',0,6200,,'',0,1900,,'',0,1900,,'',0,5900,,'',0,1700,,'',0,1700,,'',0,6300,,'',0,4200,,'',0,8400,,'',0,8400,,'',0,8400,,'',0,4300,,'',0,8400,,'',0,8500,,'',0,8500,,'',0,4500,0,'Orchard Pk',0
'587',1001,55000,4,'',0,7200,4,'',0,1800,4,'',0,6400,4,'',0,1900,4,'',0,2000,4,'',0,6000,4,'',0,2000,4,'',0,1900,4,'',0,5900,4,'',0,2100,4,'',0,1900,4,'',0,6800,4,'',0,2900,4,'',0,7300,4,'',0,3000,4,'',0,7000,4,'',0,3000,4,'',0,7000,4,'',0,3000,4,'',0,7000,4,'',0,3000,4,'',0,7200,4,'',0,2100,4,'',0,1900,4,'',0,6200,4,'',0,1900,4,'',0,1900,4,'',0,5900,4,'',0,1700,4,'',0,1700,4,'',0,6100,4,'',0,4400,4,'',0,8400,4,'',0,8400,4,'',0,8400,4,'',0,4300,4,'',0,8400,4,'',0,8500,4,'',0,8500,4,'',0,4500,4,'',0
'588',1000,55000,,'',0,7200,,'',0,1800,,'',0,6400,,'',0,1900,,'',0,2000,,'',0,6000,,'',0,2000,,'',0,1900,,'',0,5900,,'',0,2100,,'',0,1900,,'',0,6800,,'',0,2900,,'',0,7300,,'',0,3000,,'',0,7000,,'',0,3000,,'',0,7000,,'',0,3000,,'',0,7000,,'',0,3000,,'',0,7200,,'',0,2100,,'',0,1900,,'',0,6200,,'',0,1900,,'',0,1900,,'',0,5900,,'',0,1700,,'',0,1700,,'',0,6300,,'',0,4200,,'',0,8400,,'',0,8400,,'',0,8400,,'',0,4300,,'',0,8400,,'',0,8500,,'',0,8500,,'',0,4500,0,'Orchard Pk',0
'588',1001,55000,4,'',0,7200,4,'',0,1800,4,'',0,6400,4,'',0,1900,4,'',0,2000,4,'',0,6000,4,'',0,2000,4,'',0,1900,4,'',0,5900,4,'',0,2100,4,'',0,1900,4,'',0,6800,4,'',0,2900,4,'',0,7300,4,'',0,3000,4,'',0,7000,4,'',0,3000,4,'',0,7000,4,'',0,3000,4,'',0,7000,4,'',0,3000,4,'',0,7200,4,'',0,2100,4,'',0,1900,4,'',0,6200,4,'',0,1900,4,'',0,1900,4,'',0,5900,4,'',0,1700,4,'',0,1700,4,'',0,6100,4,'',0,4400,4,'',0,8400,4,'',0,8400,4,'',0,8400,4,'',0,4300,4,'',0,8400,4,'',0,8500,4,'',0,8500,4,'',0,4500,4,'',0
'589',1000,55000,,'',0,7200,,'',0,1800,,'',0,6400,,'',0,1900,,'',0,2000,,'',0,6000,,'',0,2000,,'',0,1900,,'',0,5900,,'',0,2100,,'',0,1900,,'',0,6800,,'',0,2900,,'',0,7300,,'',0,3000,,'',0,7000,,'',0,3000,,'',0,7000,,'',0,3000,,'',0,7000,,'',0,3000,,'',0,7200,,'',0,2100,,'',0,1900,,'',0,6200,,'',0,1900,,'',0,1900,,'',0,5900,,'',0,1700,,'',0,1700,,'',0,6300,,'',0,4200,,'',0,8400,,'',0,8400,,'',0,8400,,'',0,4300,,'',0,8400,,'',0,8500,,'',0,8500,,'',0,4500,0,'Orchard Pk',0
'589',1001,55000,4,'',0,7200,4,'',0,1800,4,'',0,6400,4,'',0,1900,4,'',0,2000,4,'',0,6000,4,'',0,2000,4,'',0,1900,4,'',0,5900,4,'',0,2100,4,'',0,1900,4,'',0,6800,4,'',0,2900,4,'',0,7300,4,'',0,3000,4,'',0,7000,4,'',0,3000,4,'',0,7000,4,'',0,3000,4,'',0,7000,4,'',0,3000,4,'',0,7200,4,'',0,2100,4,'',0,1900,4,'',0,6200,4,'',0,1900,4,'',0,1900,4,'',0,5900,4,'',0,1700,4,'',0,1700,4,'',0,6100,4,'',0,4400,4,'',0,8400,4,'',0,8400,4,'',0,8400,4,'',0,4300,4,'',0,8400,4,'',0,8500,4,'',0,8500,4,'',0,4500,4,'',0
