'583',800,63000,4,'',0,2600,4,'',0,6400,4,'',0,2300,4,'',0,1500,4,'',0,5400,4,'',0,1300,4,'',0,1200,4,'',0,1200,4,'',0,5200,4,'',0,1100,4,'',0,1300,4,'',0,1200,4,'',0,1200,4,'',0,5300,4,'',0,1300,4,'',0,1300,4,'',0,1500,4,'',0,1600,4,'',0,5600,4,'',0,1600,4,'',0,1700,4,'',0,5600,4,'',0,1600,4,'',0,1600,4,'',0,1600,4,'',0,5600,4,'',0,1700,4,'',0,1600,4,'',0,1600,4,'',0,5600,4,'',0,1700,4,'',0,1700,4,'',0,1200,4,'',0,5300,4,'',0,1400,4,'',0,1200,4,'',0,1200,4,'',0,5200,4,'',0,1200,4,'',0,1200,4,'',0,1100,4,'',0,1100,4,'',0,5200,4,'',0,1100,4,'',0,1200,4,'',0,1100,4,'',0,1000,4,'',0,1200,4,'',0,5200,4,'',0,1500,4,'',0,1800,4,'',0,5900,4,'',0,2000,4,'',0,2000,4,'',0,1900,4,'',0,6200,4,'',0,2300,4,'',0,6500,4,'',0,2300,4,'',0,2400,4,'',0,6500,4,'',0,8300,4,'',0,4300,4,'',0,8300,4,'',0,8500,4,'',0
'583',801,55500,,'',0,8500,,'',0,6400,,'',0,2200,,'',0,1200,,'',0,1200,,'',0,5200,,'',0,1200,,'',0,1200,,'',0,1200,,'',0,1200,,'',0,5200,,'',0,1200,,'',0,1200,,'',0,1200,,'',0,1300,,'',0,5600,,'',0,1600,,'',0,1600,,'',0,1600,,'',0,5600,,'',0,1600,,'',0,1600,,'',0,1600,,'',0,5600,,'',0,1600,,'',0,1600,,'',0,5600,,'',0,1600,,'',0,1600,,'',0,1600,,'',0,5600,,'',0,1600,,'',0,1200,,'',0,1200,,'',0,1200,,'',0,5200,,'',0,1200,,'',0,1200,,'',0,1200,,'',0,1200,,'',0,5200,,'',0,1200,,'',0,1200,,'',0,1200,,'',0,1200,,'',0,5200,,'',0,1200,,'',0,1200,,'',0,1200,,'',0,1200,,'',0,5900,,'',0,1900,,'',0,2000,,'',0,6000,,'',0,2500,,'',0,6500,,'',0,2500,,'',0,2500,,'',0,6500,,'',0,2500,,'',0,8500,,'',0,8500,,'',0,8500,,'',0,4500,,'',0
'584',800,63000,4,'',0,2600,4,'',0,6400,4,'',0,2300,4,'',0,1500,4,'',0,5400,4,'',0,1300,4,'',0,1200,4,'',0,1200,4,'',0,5200,4,'',0,1100,4,'',0,1300,4,'',0,1200,4,'',0,1200,4,'',0,5300,4,'',0,1300,4,'',0,1300,4,'',0,1500,4,'',0,1600,4,'',0,5600,4,'',0,1600,4,'',0,1700,4,'',0,5600,4,'',0,1600,4,'',0,1600,4,'',0,1600,4,'',0,5600,4,'',0,1700,4,'',0,1600,4,'',0,1600,4,'',0,5600,4,'',0,1700,4,'',0,1700,4,'',0,1200,4,'',0,5300,4,'',0,1400,4,'',0,1200,4,'',0,1200,4,'',0,5200,4,'',0,1200,4,'',0,1200,4,'',0,1100,4,'',0,1100,4,'',0,5200,4,'',0,1100,4,'',0,1200,4,'',0,1100,4,'',0,1000,4,'',0,1200,4,'',0,5200,4,'',0,1500,4,'',0,1800,4,'',0,5900,4,'',0,2000,4,'',0,2000,4,'',0,1900,4,'',0,6200,4,'',0,2300,4,'',0,6500,4,'',0,2300,4,'',0,2400,4,'',0,6500,4,'',0,8300,4,'',0,4300,4,'',0,8300,4,'',0,8500,4,'',0
'584',801,55500,,'',0,8500,,'',0,6400,,'',0,2200,,'',0,1200,,'',0,1200,,'',0,5200,,'',0,1200,,'',0,1200,,'',0,1200,,'',0,1200,,'',0,5200,,'',0,1200,,'',0,1200,,'',0,1200,,'',0,1300,,'',0,5600,,'',0,1600,,'',0,1600,,'',0,1600,,'',0,5600,,'',0,1600,,'',0,1600,,'',0,1600,,'',0,5600,,'',0,1600,,'',0,1600,,'',0,5600,,'',0,1600,,'',0,1600,,'',0,1600,,'',0,5600,,'',0,1600,,'',0,1200,,'',0,1200,,'',0,1200,,'',0,5200,,'',0,1200,,'',0,1200,,'',0,1200,,'',0,1200,,'',0,5200,,'',0,1200,,'',0,1200,,'',0,1200,,'',0,1200,,'',0,5200,,'',0,1200,,'',0,1200,,'',0,1200,,'',0,1200,,'',0,5900,,'',0,1900,,'',0,2000,,'',0,6000,,'',0,2500,,'',0,6500,,'',0,2500,,'',0,2500,,'',0,6500,,'',0,2500,,'',0,8500,,'',0,8500,,'',0,8500,,'',0,4500,,'',0
'585',800,65500,4,'',0,7600,4,'',0,8600,4,'',0,3700,4,'',0,7500,4,'',0,7300,4,'',0,3700,4,'',0,7500,4,'',0,3000,4,'',0,7500,4,'',0,3500,4,'',0,7000,4,'',0,2500,4,'',0,6500,4,'',0,2500,4,'',0,6500,4,'',0,2500,4,'',0,2500,4,'',0,6500,4,'',0,2500,4,'',0,7000,4,'',0,3500,4,'',0,7400,4,'',0,2900,4,'',0,7000,4,'',0,3500,4,'',0,7000,4,'',0,8000,4,'',0,4400,4,'',0,14900,4,'',0,11000,4,'',0,11000,4,'',0
'585',801,71600,,'',0,4000,,'',0,7500,,'',0,7500,,'',0,3500,,'',0,7000,,'',0,3500,,'',0,7500,,'',0,3000,,'',0,7500,,'',0,7500,,'',0,3000,,'',0,2500,,'',0,6500,,'',0,2500,,'',0,6500,,'',0,2500,,'',0,6500,,'',0,2500,,'',0,2500,,'',0,7000,,'',0,3500,,'',0,7500,,'',0,7000,,'',0,3500,,'',0,7500,,'',0,3000,,'',0,10000,,'',0,11000,,'',0,15000,,'',0
'586',800,73200,4,'',0,10600,4,'',0,9000,4,'',0,9400,4,'',0,9000,4,'',0,9000,4,'',0,5000,4,'',0,9000,4,'',0,7500,4,'',0,3000,4,'',0,7500,4,'',0,3500,4,'',0,7500,4,'',0,7500,4,'',0,4500,4,'',0,8600,4,'',0,8800,4,'',0,9000,4,'',0,9000,4,'',0,5000,4,'',0,17000,4,'',0
'586',801,84900,,'',0,9000,,'',0,9000,,'',0,9000,,'',0,9000,,'',0,5000,,'',0,9000,,'',0,7500,,'',0,3500,,'',0,7000,,'',0,7500,,'',0,3500,,'',0,7500,,'',0,4500,,'',0,8800,,'',0,9000,,'',0,9000,,'',0,9000,,'',0,9000,,'',0
'587',800,63000,4,'',0,2600,4,'',0,6400,4,'',0,2300,4,'',0,1500,4,'',0,5400,4,'',0,1300,4,'',0,1200,4,'',0,1200,4,'',0,5200,4,'',0,1100,4,'',0,1300,4,'',0,1200,4,'',0,1200,4,'',0,5300,4,'',0,1300,4,'',0,1300,4,'',0,1500,4,'',0,1600,4,'',0,5600,4,'',0,1600,4,'',0,1700,4,'',0,5600,4,'',0,1600,4,'',0,1600,4,'',0,1600,4,'',0,5600,4,'',0,1700,4,'',0,1600,4,'',0,1600,4,'',0,5600,4,'',0,1700,4,'',0,1700,4,'',0,1200,4,'',0,5300,4,'',0,1400,4,'',0,1200,4,'',0,1200,4,'',0,5200,4,'',0,1200,4,'',0,1200,4,'',0,1100,4,'',0,1100,4,'',0,5200,4,'',0,1100,4,'',0,1200,4,'',0,1100,4,'',0,1000,4,'',0,1200,4,'',0,5200,4,'',0,1500,4,'',0,1800,4,'',0,5900,4,'',0,2000,4,'',0,2000,4,'',0,1900,4,'',0,6200,4,'',0,2300,4,'',0,6500,4,'',0,2300,4,'',0,2400,4,'',0,6500,4,'',0,8300,4,'',0,4300,4,'',0,8300,4,'',0,8500,4,'',0
'587',801,55500,,'',0,8500,,'',0,6400,,'',0,2200,,'',0,1200,,'',0,1200,,'',0,5200,,'',0,1200,,'',0,1200,,'',0,1200,,'',0,1200,,'',0,5200,,'',0,1200,,'',0,1200,,'',0,1200,,'',0,1300,,'',0,5600,,'',0,1600,,'',0,1600,,'',0,1600,,'',0,5600,,'',0,1600,,'',0,1600,,'',0,1600,,'',0,5600,,'',0,1600,,'',0,1600,,'',0,5600,,'',0,1600,,'',0,1600,,'',0,1600,,'',0,5600,,'',0,1600,,'',0,1200,,'',0,1200,,'',0,1200,,'',0,5200,,'',0,1200,,'',0,1200,,'',0,1200,,'',0,1200,,'',0,5200,,'',0,1200,,'',0,1200,,'',0,1200,,'',0,1200,,'',0,5200,,'',0,1200,,'',0,1200,,'',0,1200,,'',0,1200,,'',0,5900,,'',0,1900,,'',0,2000,,'',0,6000,,'',0,2500,,'',0,6500,,'',0,2500,,'',0,2500,,'',0,6500,,'',0,2500,,'',0,8500,,'',0,8500,,'',0,8500,,'',0,4500,,'',0
'588',800,63000,4,'',0,2600,4,'',0,6400,4,'',0,2300,4,'',0,1500,4,'',0,5400,4,'',0,1300,4,'',0,1200,4,'',0,1200,4,'',0,5200,4,'',0,1100,4,'',0,1300,4,'',0,1200,4,'',0,1200,4,'',0,5300,4,'',0,1300,4,'',0,1300,4,'',0,1500,4,'',0,1600,4,'',0,5600,4,'',0,1600,4,'',0,1700,4,'',0,5600,4,'',0,1600,4,'',0,1600,4,'',0,1600,4,'',0,5600,4,'',0,1700,4,'',0,1600,4,'',0,1600,4,'',0,5600,4,'',0,1700,4,'',0,1700,4,'',0,1200,4,'',0,5300,4,'',0,1400,4,'',0,1200,4,'',0,1200,4,'',0,5200,4,'',0,1200,4,'',0,1200,4,'',0,1100,4,'',0,1100,4,'',0,5200,4,'',0,1100,4,'',0,1200,4,'',0,1100,4,'',0,1000,4,'',0,1200,4,'',0,5200,4,'',0,1500,4,'',0,1800,4,'',0,5900,4,'',0,2000,4,'',0,2000,4,'',0,1900,4,'',0,6200,4,'',0,2300,4,'',0,6500,4,'',0,2300,4,'',0,2400,4,'',0,6500,4,'',0,8300,4,'',0,4300,4,'',0,8300,4,'',0,8500,4,'',0
'588',801,55500,,'',0,8500,,'',0,6400,,'',0,2200,,'',0,1200,,'',0,1200,,'',0,5200,,'',0,1200,,'',0,1200,,'',0,1200,,'',0,1200,,'',0,5200,,'',0,1200,,'',0,1200,,'',0,1200,,'',0,1300,,'',0,5600,,'',0,1600,,'',0,1600,,'',0,1600,,'',0,5600,,'',0,1600,,'',0,1600,,'',0,1600,,'',0,5600,,'',0,1600,,'',0,1600,,'',0,5600,,'',0,1600,,'',0,1600,,'',0,1600,,'',0,5600,,'',0,1600,,'',0,1200,,'',0,1200,,'',0,1200,,'',0,5200,,'',0,1200,,'',0,1200,,'',0,1200,,'',0,1200,,'',0,5200,,'',0,1200,,'',0,1200,,'',0,1200,,'',0,1200,,'',0,5200,,'',0,1200,,'',0,1200,,'',0,1200,,'',0,1200,,'',0,5900,,'',0,1900,,'',0,2000,,'',0,6000,,'',0,2500,,'',0,6500,,'',0,2500,,'',0,2500,,'',0,6500,,'',0,2500,,'',0,8500,,'',0,8500,,'',0,8500,,'',0,4500,,'',0
'589',800,63000,4,'',0,2600,4,'',0,6400,4,'',0,2300,4,'',0,1500,4,'',0,5400,4,'',0,1300,4,'',0,1200,4,'',0,1200,4,'',0,5200,4,'',0,1100,4,'',0,1300,4,'',0,1200,4,'',0,1200,4,'',0,5300,4,'',0,1300,4,'',0,1300,4,'',0,1500,4,'',0,1600,4,'',0,5600,4,'',0,1600,4,'',0,1700,4,'',0,5600,4,'',0,1600,4,'',0,1600,4,'',0,1600,4,'',0,5600,4,'',0,1700,4,'',0,1600,4,'',0,1600,4,'',0,5600,4,'',0,1700,4,'',0,1700,4,'',0,1200,4,'',0,5300,4,'',0,1400,4,'',0,1200,4,'',0,1200,4,'',0,5200,4,'',0,1200,4,'',0,1200,4,'',0,1100,4,'',0,1100,4,'',0,5200,4,'',0,1100,4,'',0,1200,4,'',0,1100,4,'',0,1000,4,'',0,1200,4,'',0,5200,4,'',0,1500,4,'',0,1800,4,'',0,5900,4,'',0,2000,4,'',0,2000,4,'',0,1900,4,'',0,6200,4,'',0,2300,4,'',0,6500,4,'',0,2300,4,'',0,2400,4,'',0,6500,4,'',0,8300,4,'',0,4300,4,'',0,8300,4,'',0,8500,4,'',0
'589',801,55500,,'',0,8500,,'',0,6400,,'',0,2200,,'',0,1200,,'',0,1200,,'',0,5200,,'',0,1200,,'',0,1200,,'',0,1200,,'',0,1200,,'',0,5200,,'',0,1200,,'',0,1200,,'',0,1200,,'',0,1300,,'',0,5600,,'',0,1600,,'',0,1600,,'',0,1600,,'',0,5600,,'',0,1600,,'',0,1600,,'',0,1600,,'',0,5600,,'',0,1600,,'',0,1600,,'',0,5600,,'',0,1600,,'',0,1600,,'',0,1600,,'',0,5600,,'',0,1600,,'',0,1200,,'',0,1200,,'',0,1200,,'',0,5200,,'',0,1200,,'',0,1200,,'',0,1200,,'',0,1200,,'',0,5200,,'',0,1200,,'',0,1200,,'',0,1200,,'',0,1200,,'',0,5200,,'',0,1200,,'',0,1200,,'',0,1200,,'',0,1200,,'',0,5900,,'',0,1900,,'',0,2000,,'',0,6000,,'',0,2500,,'',0,6500,,'',0,2500,,'',0,2500,,'',0,6500,,'',0,2500,,'',0,8500,,'',0,8500,,'',0,8500,,'',0,4500,,'',0
