'576',2200,82700,,'',0,9700,,'',0,22800,,'',0,26900,,'',0,29400,,'',0,20000,,'',0,10300,,'',0,10000,,'',0,10000,,'',0
'576',2201,82700,4,'',0,9700,4,'',0,22800,4,'',0,26900,4,'',0,29400,4,'',0,20000,4,'',0,10300,4,'',0,10000,4,'',0,10000,4,'',0
'577',2200,61600,,'',0,2300,,'',0,9500,,'',0,9100,,'',0,17700,,'',0,10000,,'',0,13000,,'',0,10000,,'',0,17100,,'',0,14000,,'',0,9300,,'',0,9300,,'',0,17500,,'',0,13700,,'',0,16900,,'',0
'577',2201,61600,4,'',0,2300,4,'',0,9500,4,'',0,9100,4,'',0,17700,4,'',0,10000,4,'',0,13000,4,'',0,10000,4,'',0,17100,4,'',0,14000,4,'',0,9300,4,'',0,9300,4,'',0,17500,4,'',0,13700,4,'',0,16900,4,'',0
'578',2200,61600,,'',0,2300,,'',0,9500,,'',0,9100,,'',0,17700,,'',0,10000,,'',0,13000,,'',0,10000,,'',0,17100,,'',0,14000,,'',0,9300,,'',0,9300,,'',0,17500,,'',0,13700,,'',0,16900,,'',0
'578',2201,61600,4,'',0,2300,4,'',0,9500,4,'',0,9100,4,'',0,17700,4,'',0,10000,4,'',0,13000,4,'',0,10000,4,'',0,17100,4,'',0,14000,4,'',0,9300,4,'',0,9300,4,'',0,17500,4,'',0,13700,4,'',0,16900,4,'',0
'579',2200,61600,,'',0,2300,,'',0,9500,,'',0,9100,,'',0,17700,,'',0,10000,,'',0,13000,,'',0,10000,,'',0,17100,,'',0,14000,,'',0,9300,,'',0,9300,,'',0,17500,,'',0,13700,,'',0,16900,,'',0
'579',2201,61600,4,'',0,2300,4,'',0,9500,4,'',0,9100,4,'',0,17700,4,'',0,10000,4,'',0,13000,4,'',0,10000,4,'',0,17100,4,'',0,14000,4,'',0,9300,4,'',0,9300,4,'',0,17500,4,'',0,13700,4,'',0,16900,4,'',0
'580',2200,61600,,'',0,2300,,'',0,9500,,'',0,9100,,'',0,17700,,'',0,10000,,'',0,13000,,'',0,10000,,'',0,17100,,'',0,14000,,'',0,9300,,'',0,9300,,'',0,17500,,'',0,13700,,'',0,16900,,'',0
'580',2201,61600,4,'',0,2300,4,'',0,9500,4,'',0,9100,4,'',0,17700,4,'',0,10000,4,'',0,13000,4,'',0,10000,4,'',0,17100,4,'',0,14000,4,'',0,9300,4,'',0,9300,4,'',0,17500,4,'',0,13700,4,'',0,16900,4,'',0
'581',2200,85000,,'',0,15100,,'',0,10000,,'',0,14700,,'',0,10200,,'',0,16800,,'',0,10000,,'',0,9600,,'',0,14000,,'',0,17700,,'',0,17500,,'',0,9800,,'',0
'581',2201,85000,4,'',0,15100,4,'',0,10000,4,'',0,14700,4,'',0,10200,4,'',0,16800,4,'',0,10000,4,'',0,9600,4,'',0,14000,4,'',0,17700,4,'',0,17500,4,'',0,9800,4,'',0
'582',2200,61600,,'',0,2300,,'',0,9500,,'',0,9100,,'',0,17700,,'',0,10000,,'',0,13000,,'',0,10000,,'',0,17100,,'',0,14000,,'',0,9300,,'',0,9300,,'',0,17500,,'',0,13700,,'',0,16900,,'',0
'582',2201,61600,4,'',0,2300,4,'',0,9500,4,'',0,9100,4,'',0,17700,4,'',0,10000,4,'',0,13000,4,'',0,10000,4,'',0,17100,4,'',0,14000,4,'',0,9300,4,'',0,9300,4,'',0,17500,4,'',0,13700,4,'',0,16900,4,'',0
