'2252',2400,73000,4,'',0,10000,4,'',0,18300,4,'',0,11000,4,'',0,10400,4,'',0,10600,4,'',0,16900,4,'',0,5100,4,'',0,16100,4,'',0,2500,4,'',0,10800,4,'',0,10500,4,'',0,10500,4,'',0
'2252',2401,81700,,'',0,10000,,'',0,9800,,'',0,11100,,'',0,10400,,'',0,10700,,'',0,8900,,'',0,12300,,'',0,9400,,'',0,10200,,'',0,10500,,'',0,10500,,'',0,14500,,'',0
'2253',2400,82200,4,'',0,10700,4,'',0,10400,4,'',0,10700,4,'',0,10200,4,'',0,10800,4,'',0,10300,4,'',0,9200,4,'',0,10800,4,'',0,10100,4,'',0,10200,4,'',0
'2253',2401,72200,,'',0,10300,,'',0,10700,,'',0,10400,,'',0,10800,,'',0,10100,,'',0,10900,,'',0,10200,,'',0,9300,,'',0,10700,,'',0,10100,,'',0,9900,,'',0
'2380',2400,60100,4,'',0,10400,4,'',0,3200,4,'',0,10400,4,'',0,7000,4,'',0,3000,4,'',0,10800,4,'',0,10400,4,'',0,10400,4,'',0,14600,4,'',0,11100,4,'',0,3200,4,'',0,7200,4,'',0,3200,4,'',0,7200,4,'',0,3200,4,'',0,8000,4,'',0,9700,4,'',0,11600,4,'',0,10100,4,'',0,10400,4,'',0
'2380',2401,60400,,'',0,10400,,'',0,3200,,'',0,10300,,'',0,7400,,'',0,3200,,'',0,10300,,'',0,10400,,'',0,10300,,'',0,14800,,'',0,11400,,'',0,3100,,'',0,6900,,'',0,3200,,'',0,7200,,'',0,3200,,'',0,8300,,'',0,9400,,'',0,11600,,'',0,10100,,'',0
'2252',2500,93700,4,'',0,17200,4,'',0,13300,4,'',0,17100,4,'',0,40300,4,'',0
'2252',2501,94200,,'',0,17200,,'',0,13300,,'',0,18100,,'',0,39100,,'',0
'2253',2500,102200,4,'',0,22800,4,'',0,29500,4,'',0,26900,4,'',0
'2253',2501,102600,,'',0,22800,,'',0,29100,,'',0,26900,,'',0
'2380',2500,80400,4,'',0,5100,4,'',0,9000,4,'',0,17500,4,'',0,13300,4,'',0,17400,4,'',0,11500,4,'',0,10200,4,'',0,9300,4,'',0,8900,4,'',0
'2380',2501,71400,,'',0,9400,,'',0,5100,,'',0,17400,,'',0,17100,,'',0,13700,,'',0,11200,,'',0,10000,,'',0,9500,,'',0,9100,,'',0
