'541',3000,60300,4,'',0,3500,4,'',0,2000,4,'',0,5100,4,'',0,1000,4,'',0,1700,4,'',0,1500,4,'',0,5500,4,'',0,1600,4,'',0,1500,4,'',0,1500,4,'',0,5600,4,'',0,1500,4,'',0,2900,4,'',0,7100,4,'',0,2900,4,'',0,7200,4,'',0,3000,4,'',0,7000,4,'',0,3000,4,'',0,7100,4,'',0,3300,4,'',0,5700,4,'',0,1700,4,'',0,1700,4,'',0,5800,4,'',0,1900,4,'',0,1800,4,'',0,5700,4,'',0,1800,4,'',0,1700,4,'',0,1700,4,'',0,5700,4,'',0,1600,4,'',0,1300,4,'',0,1500,4,'',0,5500,4,'',0,1700,4,'',0,1700,4,'',0,5700,4,'',0,1600,4,'',0,1700,4,'',0,1700,4,'',0,5800,4,'',0,2000,4,'',0,2000,4,'',0,6400,4,'',0,2400,4,'',0,9000,4,'',0,9000,4,'',0,9000,4,'',0,4800,4,'',0
'541',3001,61000,,'',0,1500,,'',0,1500,,'',0,1500,,'',0,5600,,'',0,1100,,'',0,1400,,'',0,1500,,'',0,5500,,'',0,1500,,'',0,1500,,'',0,1300,0,'Downtown',0,5500,,'',0,1500,,'',0,1500,,'',0,6900,,'',0,3000,,'',0,7000,,'',0,3000,,'',0,7100,,'',0,3400,,'',0,7400,,'',0,3400,,'',0,7400,,'',0,1600,,'',0,1700,,'',0,5600,,'',0,1700,,'',0,1700,,'',0,5700,,'',0,1800,,'',0,1700,,'',0,1700,,'',0,5700,,'',0,1800,,'',0,2000,,'',0,1000,0,'Downtown',0,5000,,'',0,1300,0,'Downtown',0,1500,,'',0,2000,,'',0,6000,,'',0,1200,0,'Downtown',0,1300,,'',0,6500,,'',0,1500,0,'Downtown',0,1500,,'',0,6500,,'',0,2500,,'',0,2500,,'',0,9000,,'',0,9000,,'',0,9000,,'',0,8000,0,'Downtown',0
'542',3000,60300,4,'',0,3500,4,'',0,2000,4,'',0,5100,4,'',0,1000,4,'',0,1700,4,'',0,1500,4,'',0,5500,4,'',0,1600,4,'',0,1500,4,'',0,1500,4,'',0,5600,4,'',0,1500,4,'',0,2900,4,'',0,7100,4,'',0,2900,4,'',0,7200,4,'',0,3000,4,'',0,7000,4,'',0,3000,4,'',0,7100,4,'',0,3300,4,'',0,5700,4,'',0,1700,4,'',0,1700,4,'',0,5800,4,'',0,1900,4,'',0,1800,4,'',0,5700,4,'',0,1800,4,'',0,1700,4,'',0,1700,4,'',0,5700,4,'',0,1600,4,'',0,1300,4,'',0,1500,4,'',0,5500,4,'',0,1700,4,'',0,1700,4,'',0,5700,4,'',0,1600,4,'',0,1700,4,'',0,1700,4,'',0,5800,4,'',0,2000,4,'',0,2000,4,'',0,6400,4,'',0,2400,4,'',0,9000,4,'',0,9000,4,'',0,9000,4,'',0,4800,4,'',0
'542',3001,61000,,'',0,1500,,'',0,1500,,'',0,1500,,'',0,5600,,'',0,1100,,'',0,1400,,'',0,1500,,'',0,5500,,'',0,1500,,'',0,1500,,'',0,1300,0,'Downtown',0,5500,,'',0,1500,,'',0,1500,,'',0,6900,,'',0,3000,,'',0,7000,,'',0,3000,,'',0,7100,,'',0,3400,,'',0,7400,,'',0,3400,,'',0,7400,,'',0,1600,,'',0,1700,,'',0,5600,,'',0,1700,,'',0,1700,,'',0,5700,,'',0,1800,,'',0,1700,,'',0,1700,,'',0,5700,,'',0,1800,,'',0,2000,,'',0,1000,0,'Downtown',0,5000,,'',0,1300,0,'Downtown',0,1500,,'',0,2000,,'',0,6000,,'',0,1200,0,'Downtown',0,1300,,'',0,6500,,'',0,1500,0,'Downtown',0,1500,,'',0,6500,,'',0,2500,,'',0,2500,,'',0,9000,,'',0,9000,,'',0,9000,,'',0,8000,0,'Downtown',0
'543',3000,60300,4,'',0,3500,4,'',0,2000,4,'',0,5100,4,'',0,1000,4,'',0,1700,4,'',0,1500,4,'',0,5500,4,'',0,1600,4,'',0,1500,4,'',0,1500,4,'',0,5600,4,'',0,1500,4,'',0,2900,4,'',0,7100,4,'',0,2900,4,'',0,7200,4,'',0,3000,4,'',0,7000,4,'',0,3000,4,'',0,7100,4,'',0,3300,4,'',0,5700,4,'',0,1700,4,'',0,1700,4,'',0,5800,4,'',0,1900,4,'',0,1800,4,'',0,5700,4,'',0,1800,4,'',0,1700,4,'',0,1700,4,'',0,5700,4,'',0,1600,4,'',0,1300,4,'',0,1500,4,'',0,5500,4,'',0,1700,4,'',0,1700,4,'',0,5700,4,'',0,1600,4,'',0,1700,4,'',0,1700,4,'',0,5800,4,'',0,2000,4,'',0,2000,4,'',0,6400,4,'',0,2400,4,'',0,9000,4,'',0,9000,4,'',0,9000,4,'',0,4800,4,'',0
'543',3001,61000,,'',0,1500,,'',0,1500,,'',0,1500,,'',0,5600,,'',0,1100,,'',0,1400,,'',0,1500,,'',0,5500,,'',0,1500,,'',0,1500,,'',0,1300,0,'Downtown',0,5500,,'',0,1500,,'',0,1500,,'',0,6900,,'',0,3000,,'',0,7000,,'',0,3000,,'',0,7100,,'',0,3400,,'',0,7400,,'',0,3400,,'',0,7400,,'',0,1600,,'',0,1700,,'',0,5600,,'',0,1700,,'',0,1700,,'',0,5700,,'',0,1800,,'',0,1700,,'',0,1700,,'',0,5700,,'',0,1800,,'',0,2000,,'',0,1000,0,'Downtown',0,5000,,'',0,1300,0,'Downtown',0,1500,,'',0,2000,,'',0,6000,,'',0,1200,0,'Downtown',0,1300,,'',0,6500,,'',0,1500,0,'Downtown',0,1500,,'',0,6500,,'',0,2500,,'',0,2500,,'',0,9000,,'',0,9000,,'',0,9000,,'',0,8000,0,'Downtown',0
'544',3000,60300,4,'',0,3500,4,'',0,2000,4,'',0,5100,4,'',0,1000,4,'',0,1700,4,'',0,1500,4,'',0,5500,4,'',0,1600,4,'',0,1500,4,'',0,1500,4,'',0,5600,4,'',0,1500,4,'',0,2900,4,'',0,7100,4,'',0,2900,4,'',0,7200,4,'',0,3000,4,'',0,7000,4,'',0,3000,4,'',0,7100,4,'',0,3300,4,'',0,5700,4,'',0,1700,4,'',0,1700,4,'',0,5800,4,'',0,1900,4,'',0,1800,4,'',0,5700,4,'',0,1800,4,'',0,1700,4,'',0,1700,4,'',0,5700,4,'',0,1600,4,'',0,1300,4,'',0,1500,4,'',0,5500,4,'',0,1700,4,'',0,1700,4,'',0,5700,4,'',0,1600,4,'',0,1700,4,'',0,1700,4,'',0,5800,4,'',0,2000,4,'',0,2000,4,'',0,6400,4,'',0,2400,4,'',0,9000,4,'',0,9000,4,'',0,9000,4,'',0,4800,4,'',0
'544',3001,61000,,'',0,1500,,'',0,1500,,'',0,1500,,'',0,5600,,'',0,1100,,'',0,1400,,'',0,1500,,'',0,5500,,'',0,1500,,'',0,1500,,'',0,1300,0,'Downtown',0,5500,,'',0,1500,,'',0,1500,,'',0,6900,,'',0,3000,,'',0,7000,,'',0,3000,,'',0,7100,,'',0,3400,,'',0,7400,,'',0,3400,,'',0,7400,,'',0,1600,,'',0,1700,,'',0,5600,,'',0,1700,,'',0,1700,,'',0,5700,,'',0,1800,,'',0,1700,,'',0,1700,,'',0,5700,,'',0,1800,,'',0,2000,,'',0,1000,0,'Downtown',0,5000,,'',0,1300,0,'Downtown',0,1500,,'',0,2000,,'',0,6000,,'',0,1200,0,'Downtown',0,1300,,'',0,6500,,'',0,1500,0,'Downtown',0,1500,,'',0,6500,,'',0,2500,,'',0,2500,,'',0,9000,,'',0,9000,,'',0,9000,,'',0,8000,0,'Downtown',0
'545',3000,72900,4,'',0,9000,4,'',0,3100,4,'',0,7000,4,'',0,3000,4,'',0,7000,4,'',0,3100,4,'',0,7000,4,'',0,3100,4,'',0,7000,4,'',0,3000,4,'',0,7000,4,'',0,3000,4,'',0,7000,4,'',0,3000,4,'',0,7000,4,'',0,3000,4,'',0,7000,4,'',0,3000,4,'',0,6900,4,'',0,3000,4,'',0,7500,4,'',0,3000,4,'',0,7000,4,'',0,3000,4,'',0,9800,4,'',0,10000,4,'',0,10000,4,'',0,10000,4,'',0
'545',3001,70900,,'',0,3000,,'',0,7000,,'',0,3000,,'',0,6900,,'',0,3000,,'',0,7000,,'',0,3000,,'',0,7000,,'',0,3000,,'',0,7000,,'',0,3000,,'',0,7000,,'',0,3000,,'',0,7000,,'',0,3000,,'',0,7000,,'',0,3000,,'',0,7000,,'',0,3000,,'',0,7000,,'',0,3600,,'',0,7000,,'',0,3000,,'',0,7000,,'',0,3000,0,'Downtown',0,7000,,'',0,10000,,'',0,10000,,'',0,10000,,'',0,10000,,'',0
'546',3000,74800,4,'',0,10100,4,'',0,10000,4,'',0,10100,4,'',0,10100,4,'',0,10000,4,'',0,10000,4,'',0,7000,4,'',0,3000,4,'',0,7000,4,'',0,3000,4,'',0,7000,4,'',0,3000,4,'',0,6900,4,'',0,3000,4,'',0,10000,4,'',0,10000,4,'',0,9800,4,'',0,10000,4,'',0
'546',3001,80900,,'',0,9900,,'',0,10000,,'',0,10000,,'',0,10000,,'',0,10000,,'',0,10000,,'',0,3000,,'',0,7000,,'',0,3000,,'',0,7000,,'',0,3000,,'',0,7000,,'',0,3100,,'',0,7000,,'',0,10000,,'',0,10000,,'',0,10000,,'',0,10000,,'',0
'547',3000,60300,4,'',0,3500,4,'',0,2000,4,'',0,5100,4,'',0,1000,4,'',0,1700,4,'',0,1500,4,'',0,5500,4,'',0,1600,4,'',0,1500,4,'',0,1500,4,'',0,5600,4,'',0,1500,4,'',0,2900,4,'',0,7100,4,'',0,2900,4,'',0,7200,4,'',0,3000,4,'',0,7000,4,'',0,3000,4,'',0,7100,4,'',0,3300,4,'',0,5700,4,'',0,1700,4,'',0,1700,4,'',0,5800,4,'',0,1900,4,'',0,1800,4,'',0,5700,4,'',0,1800,4,'',0,1700,4,'',0,1700,4,'',0,5700,4,'',0,1600,4,'',0,1300,4,'',0,1500,4,'',0,5500,4,'',0,1700,4,'',0,1700,4,'',0,5700,4,'',0,1600,4,'',0,1700,4,'',0,1700,4,'',0,5800,4,'',0,2000,4,'',0,2000,4,'',0,6400,4,'',0,2400,4,'',0,9000,4,'',0,9000,4,'',0,9000,4,'',0,4800,4,'',0
'547',3001,61000,,'',0,1500,,'',0,1500,,'',0,1500,,'',0,5600,,'',0,1100,,'',0,1400,,'',0,1500,,'',0,5500,,'',0,1500,,'',0,1500,,'',0,1300,0,'Downtown',0,5500,,'',0,1500,,'',0,1500,,'',0,6900,,'',0,3000,,'',0,7000,,'',0,3000,,'',0,7100,,'',0,3400,,'',0,7400,,'',0,3400,,'',0,7400,,'',0,1600,,'',0,1700,,'',0,5600,,'',0,1700,,'',0,1700,,'',0,5700,,'',0,1800,,'',0,1700,,'',0,1700,,'',0,5700,,'',0,1800,,'',0,2000,,'',0,1000,0,'Downtown',0,5000,,'',0,1300,0,'Downtown',0,1500,,'',0,2000,,'',0,6000,,'',0,1200,0,'Downtown',0,1300,,'',0,6500,,'',0,1500,0,'Downtown',0,1500,,'',0,6500,,'',0,2500,,'',0,2500,,'',0,9000,,'',0,9000,,'',0,9000,,'',0,8000,0,'Downtown',0
