'541',2600,64500,,'',0,9500,,'',0,8600,,'',0,70200,,'',0,9800,,'',0,9400,,'',0
'541',2601,73200,4,'',0,9300,4,'',0,9200,4,'',0,60600,4,'',0,9000,4,'',0,10400,4,'',0,10000,4,'',0
'542',2600,64500,,'',0,9500,,'',0,8600,,'',0,70200,,'',0,9800,,'',0,9400,,'',0
'542',2601,73200,4,'',0,9300,4,'',0,9200,4,'',0,60600,4,'',0,9000,4,'',0,10400,4,'',0,10000,4,'',0
'543',2600,64500,,'',0,9500,,'',0,8600,,'',0,70200,,'',0,9800,,'',0,9400,,'',0
'543',2601,73200,4,'',0,9300,4,'',0,9200,4,'',0,60600,4,'',0,9000,4,'',0,10400,4,'',0,10000,4,'',0
'544',2600,64500,,'',0,9500,,'',0,8600,,'',0,70200,,'',0,9800,,'',0,9400,,'',0
'544',2601,73200,4,'',0,9300,4,'',0,9200,4,'',0,60600,4,'',0,9000,4,'',0,10400,4,'',0,10000,4,'',0
'547',2600,64500,,'',0,9500,,'',0,8600,,'',0,70200,,'',0,9800,,'',0,9400,,'',0
'547',2601,73200,4,'',0,9300,4,'',0,9200,4,'',0,60600,4,'',0,9000,4,'',0,10400,4,'',0,10000,4,'',0
