'577',2700,63700,,'',0,7200,4,'',0,900,,'',0,3200,4,'',0,300,,'',0,7200,4,'',0,1100,,'',0,7200,4,'',0,62900,,'',0,7200,4,'',0,400,,'',0,3200,4,'',0,300,,'',0,7200,4,'',0,500,,'',0,3200,4,'',0,8500,,'',0,7200,4,'',0
'578',2700,63700,,'',0,7200,4,'',0,900,,'',0,3200,4,'',0,300,,'',0,7200,4,'',0,1100,,'',0,7200,4,'',0,62900,,'',0,7200,4,'',0,400,,'',0,3200,4,'',0,300,,'',0,7200,4,'',0,500,,'',0,3200,4,'',0,8500,,'',0,7200,4,'',0
'579',2700,63700,,'',0,7200,4,'',0,900,,'',0,3200,4,'',0,300,,'',0,7200,4,'',0,1100,,'',0,7200,4,'',0,62900,,'',0,7200,4,'',0,400,,'',0,3200,4,'',0,300,,'',0,7200,4,'',0,500,,'',0,3200,4,'',0,8500,,'',0,7200,4,'',0
'580',2700,63700,,'',0,7200,4,'',0,900,,'',0,3200,4,'',0,300,,'',0,7200,4,'',0,1100,,'',0,7200,4,'',0,62900,,'',0,7200,4,'',0,400,,'',0,3200,4,'',0,300,,'',0,7200,4,'',0,500,,'',0,3200,4,'',0,8500,,'',0,7200,4,'',0
'582',2700,63700,,'',0,7200,4,'',0,900,,'',0,3200,4,'',0,300,,'',0,7200,4,'',0,1100,,'',0,7200,4,'',0,62900,,'',0,7200,4,'',0,400,,'',0,3200,4,'',0,300,,'',0,7200,4,'',0,500,,'',0,3200,4,'',0,8500,,'',0,7200,4,'',0
'576',139000,110900,4,'',0,22800,4,'',0,29100,4,'',0,30300,4,'',0
'576',139001,71400,,'',0,3400,,'',0,36400,,'',0,23100,,'',0,28800,,'',0,30300,,'',0
'577',139000,60500,4,'',0,3500,4,'',0,7900,4,'',0,3700,4,'',0,7700,4,'',0,7700,4,'',0,11900,4,'',0,12400,4,'',0,17600,4,'',0,17400,4,'',0,4000,4,'',0,7700,4,'',0,3500,4,'',0,7600,4,'',0,10700,4,'',0,21300,4,'',0,17500,4,'',0
'577',139001,60800,,'',0,3700,,'',0,7500,,'',0,3900,,'',0,7700,,'',0,11900,,'',0,16600,,'',0,13400,,'',0,17700,,'',0,7600,,'',0,3500,,'',0,7900,,'',0,3500,,'',0,8200,,'',0,6800,,'',0,11200,,'',0,13500,,'',0
'578',139000,60500,4,'',0,3500,4,'',0,7900,4,'',0,3700,4,'',0,7700,4,'',0,7700,4,'',0,11900,4,'',0,12400,4,'',0,17600,4,'',0,17400,4,'',0,4000,4,'',0,7700,4,'',0,3500,4,'',0,7600,4,'',0,10700,4,'',0,21300,4,'',0,17500,4,'',0
'578',139001,60800,,'',0,3700,,'',0,7500,,'',0,3900,,'',0,7700,,'',0,11900,,'',0,16600,,'',0,13400,,'',0,17700,,'',0,7600,,'',0,3500,,'',0,7900,,'',0,3500,,'',0,8200,,'',0,6800,,'',0,11200,,'',0,13500,,'',0
'579',139000,60500,4,'',0,3500,4,'',0,7900,4,'',0,3700,4,'',0,7700,4,'',0,7700,4,'',0,11900,4,'',0,12400,4,'',0,17600,4,'',0,17400,4,'',0,4000,4,'',0,7700,4,'',0,3500,4,'',0,7600,4,'',0,10700,4,'',0,21300,4,'',0,17500,4,'',0
'579',139001,60800,,'',0,3700,,'',0,7500,,'',0,3900,,'',0,7700,,'',0,11900,,'',0,16600,,'',0,13400,,'',0,17700,,'',0,7600,,'',0,3500,,'',0,7900,,'',0,3500,,'',0,8200,,'',0,6800,,'',0,11200,,'',0,13500,,'',0
'580',139000,60500,4,'',0,3500,4,'',0,7900,4,'',0,3700,4,'',0,7700,4,'',0,7700,4,'',0,11900,4,'',0,12400,4,'',0,17600,4,'',0,17400,4,'',0,4000,4,'',0,7700,4,'',0,3500,4,'',0,7600,4,'',0,10700,4,'',0,21300,4,'',0,17500,4,'',0
'580',139001,60800,,'',0,3700,,'',0,7500,,'',0,3900,,'',0,7700,,'',0,11900,,'',0,16600,,'',0,13400,,'',0,17700,,'',0,7600,,'',0,3500,,'',0,7900,,'',0,3500,,'',0,8200,,'',0,6800,,'',0,11200,,'',0,13500,,'',0
'581',139000,74300,4,'',0,11400,4,'',0,16800,4,'',0,13300,4,'',0,17200,4,'',0,17600,4,'',0,12300,4,'',0,9000,4,'',0,19700,4,'',0,2800,4,'',0,17700,4,'',0
'581',139001,73300,,'',0,10000,,'',0,19500,,'',0,17300,,'',0,13200,,'',0,17200,,'',0,5100,,'',0,16400,,'',0,19900,,'',0,3000,,'',0,17500,,'',0
'582',139000,60500,4,'',0,3500,4,'',0,7900,4,'',0,3700,4,'',0,7700,4,'',0,7700,4,'',0,11900,4,'',0,12400,4,'',0,17600,4,'',0,17400,4,'',0,4000,4,'',0,7700,4,'',0,3500,4,'',0,7600,4,'',0,10700,4,'',0,21300,4,'',0,17500,4,'',0
'582',139001,60800,,'',0,3700,,'',0,7500,,'',0,3900,,'',0,7700,,'',0,11900,,'',0,16600,,'',0,13400,,'',0,17700,,'',0,7600,,'',0,3500,,'',0,7900,,'',0,3500,,'',0,8200,,'',0,6800,,'',0,11200,,'',0,13500,,'',0
