'583',2000,64400,4,'',0,7200,4,'',0,10400,4,'',0,3200,4,'',0,7200,4,'',0,3200,4,'',0,14400,4,'',0,10200,4,'',0,10600,4,'',0,10400,4,'',0,11100,4,'',0,7700,4,'',0,2900,4,'',0,7200,4,'',0,3200,4,'',0,7200,4,'',0,3200,4,'',0,11900,4,'',0,8900,4,'',0,15600,4,'',0,11600,4,'',0
'583',2001,62600,,'',0,10400,,'',0,7200,,'',0,10100,,'',0,10700,,'',0,10400,,'',0,10400,,'',0,10100,,'',0,11000,,'',0,7800,,'',0,3300,,'',0,7100,,'',0,3200,,'',0,7200,,'',0,3200,,'',0,15500,,'',0,5400,,'',0,15600,,'',0,10100,,'',0
'584',2000,64400,4,'',0,7200,4,'',0,10400,4,'',0,3200,4,'',0,7200,4,'',0,3200,4,'',0,14400,4,'',0,10200,4,'',0,10600,4,'',0,10400,4,'',0,11100,4,'',0,7700,4,'',0,2900,4,'',0,7200,4,'',0,3200,4,'',0,7200,4,'',0,3200,4,'',0,11900,4,'',0,8900,4,'',0,15600,4,'',0,11600,4,'',0
'584',2001,62600,,'',0,10400,,'',0,7200,,'',0,10100,,'',0,10700,,'',0,10400,,'',0,10400,,'',0,10100,,'',0,11000,,'',0,7800,,'',0,3300,,'',0,7100,,'',0,3200,,'',0,7200,,'',0,3200,,'',0,15500,,'',0,5400,,'',0,15600,,'',0,10100,,'',0
'585',2000,70600,4,'',0,10300,4,'',0,11400,4,'',0,10600,4,'',0,10300,4,'',0,10600,4,'',0,10300,4,'',0,10000,4,'',0,9500,4,'',0,11900,4,'',0,9000,4,'',0,10700,4,'',0,15000,4,'',0,10800,4,'',0,10000,4,'',0
'585',2001,75100,,'',0,10000,,'',0,8800,,'',0,10300,,'',0,10600,,'',0,10400,,'',0,10700,,'',0,16400,,'',0,9100,,'',0,19300,,'',0,10500,,'',0,10500,,'',0,10500,,'',0
'586',2000,83500,4,'',0,10100,4,'',0,10900,4,'',0,10300,4,'',0,10800,4,'',0,10200,4,'',0,14800,4,'',0,9900,4,'',0,10000,4,'',0,10300,4,'',0,10100,4,'',0
'586',2001,74500,,'',0,10300,,'',0,10400,,'',0,10700,,'',0,14800,,'',0,10100,,'',0,10900,,'',0,9300,,'',0,10200,,'',0,11100,,'',0,10000,,'',0,9700,,'',0
'587',2000,64400,4,'',0,7200,4,'',0,10400,4,'',0,3200,4,'',0,7200,4,'',0,3200,4,'',0,14400,4,'',0,10200,4,'',0,10600,4,'',0,10400,4,'',0,11100,4,'',0,7700,4,'',0,2900,4,'',0,7200,4,'',0,3200,4,'',0,7200,4,'',0,3200,4,'',0,11900,4,'',0,8900,4,'',0,15600,4,'',0,11600,4,'',0
'587',2001,62600,,'',0,10400,,'',0,7200,,'',0,10100,,'',0,10700,,'',0,10400,,'',0,10400,,'',0,10100,,'',0,11000,,'',0,7800,,'',0,3300,,'',0,7100,,'',0,3200,,'',0,7200,,'',0,3200,,'',0,15500,,'',0,5400,,'',0,15600,,'',0,10100,,'',0
'588',2000,64400,4,'',0,7200,4,'',0,10400,4,'',0,3200,4,'',0,7200,4,'',0,3200,4,'',0,14400,4,'',0,10200,4,'',0,10600,4,'',0,10400,4,'',0,11100,4,'',0,7700,4,'',0,2900,4,'',0,7200,4,'',0,3200,4,'',0,7200,4,'',0,3200,4,'',0,11900,4,'',0,8900,4,'',0,15600,4,'',0,11600,4,'',0
'588',2001,62600,,'',0,10400,,'',0,7200,,'',0,10100,,'',0,10700,,'',0,10400,,'',0,10400,,'',0,10100,,'',0,11000,,'',0,7800,,'',0,3300,,'',0,7100,,'',0,3200,,'',0,7200,,'',0,3200,,'',0,15500,,'',0,5400,,'',0,15600,,'',0,10100,,'',0
'589',2000,64400,4,'',0,7200,4,'',0,10400,4,'',0,3200,4,'',0,7200,4,'',0,3200,4,'',0,14400,4,'',0,10200,4,'',0,10600,4,'',0,10400,4,'',0,11100,4,'',0,7700,4,'',0,2900,4,'',0,7200,4,'',0,3200,4,'',0,7200,4,'',0,3200,4,'',0,11900,4,'',0,8900,4,'',0,15600,4,'',0,11600,4,'',0
'589',2001,62600,,'',0,10400,,'',0,7200,,'',0,10100,,'',0,10700,,'',0,10400,,'',0,10400,,'',0,10100,,'',0,11000,,'',0,7800,,'',0,3300,,'',0,7100,,'',0,3200,,'',0,7200,,'',0,3200,,'',0,15500,,'',0,5400,,'',0,15600,,'',0,10100,,'',0
'583',2400,62300,4,'',0,10400,4,'',0,3200,4,'',0,14300,4,'',0,3400,4,'',0,7200,4,'',0,10300,4,'',0,10400,4,'',0,10300,4,'',0,10800,4,'',0,11400,4,'',0,7100,4,'',0,2900,4,'',0,7200,4,'',0,3200,4,'',0,7200,4,'',0,4300,4,'',0,9400,4,'',0,15600,4,'',0,10100,4,'',0
'583',2401,54400,,'',0,10400,,'',0,7200,,'',0,10400,,'',0,3000,,'',0,7000,,'',0,10800,,'',0,10400,,'',0,10400,,'',0,10600,,'',0,11100,,'',0,7200,,'',0,7200,,'',0,3200,,'',0,7200,,'',0,3200,,'',0,8000,,'',0,9700,,'',0,11600,,'',0,10100,,'',0,10400,,'',0
'584',2400,62300,4,'',0,10400,4,'',0,3200,4,'',0,14300,4,'',0,3400,4,'',0,7200,4,'',0,10300,4,'',0,10400,4,'',0,10300,4,'',0,10800,4,'',0,11400,4,'',0,7100,4,'',0,2900,4,'',0,7200,4,'',0,3200,4,'',0,7200,4,'',0,4300,4,'',0,9400,4,'',0,15600,4,'',0,10100,4,'',0
'584',2401,54400,,'',0,10400,,'',0,7200,,'',0,10400,,'',0,3000,,'',0,7000,,'',0,10800,,'',0,10400,,'',0,10400,,'',0,10600,,'',0,11100,,'',0,7200,,'',0,7200,,'',0,3200,,'',0,7200,,'',0,3200,,'',0,8000,,'',0,9700,,'',0,11600,,'',0,10100,,'',0,10400,,'',0
'585',2400,83600,4,'',0,10000,4,'',0,9800,4,'',0,11100,4,'',0,10400,4,'',0,10700,4,'',0,8900,4,'',0,16300,4,'',0,9400,4,'',0,10200,4,'',0,10500,4,'',0,10500,4,'',0,10500,4,'',0
'585',2401,71300,,'',0,10000,,'',0,14300,,'',0,15000,,'',0,10400,,'',0,10600,,'',0,12900,,'',0,9100,,'',0,12100,,'',0,6500,,'',0,10800,,'',0,10500,,'',0,10500,,'',0
'586',2400,74200,4,'',0,10300,4,'',0,10700,4,'',0,10400,4,'',0,14800,4,'',0,10100,4,'',0,10900,4,'',0,10200,4,'',0,9300,4,'',0,10700,4,'',0,10100,4,'',0,9900,4,'',0
'586',2401,80500,,'',0,10700,,'',0,10400,,'',0,10700,,'',0,10200,,'',0,10800,,'',0,10300,,'',0,9200,,'',0,10800,,'',0,10100,,'',0,10200,,'',0
'587',2400,62300,4,'',0,10400,4,'',0,3200,4,'',0,14300,4,'',0,3400,4,'',0,7200,4,'',0,10300,4,'',0,10400,4,'',0,10300,4,'',0,10800,4,'',0,11400,4,'',0,7100,4,'',0,2900,4,'',0,7200,4,'',0,3200,4,'',0,7200,4,'',0,4300,4,'',0,9400,4,'',0,15600,4,'',0,10100,4,'',0
'587',2401,54400,,'',0,10400,,'',0,7200,,'',0,10400,,'',0,3000,,'',0,7000,,'',0,10800,,'',0,10400,,'',0,10400,,'',0,10600,,'',0,11100,,'',0,7200,,'',0,7200,,'',0,3200,,'',0,7200,,'',0,3200,,'',0,8000,,'',0,9700,,'',0,11600,,'',0,10100,,'',0,10400,,'',0
'588',2400,62300,4,'',0,10400,4,'',0,3200,4,'',0,14300,4,'',0,3400,4,'',0,7200,4,'',0,10300,4,'',0,10400,4,'',0,10300,4,'',0,10800,4,'',0,11400,4,'',0,7100,4,'',0,2900,4,'',0,7200,4,'',0,3200,4,'',0,7200,4,'',0,4300,4,'',0,9400,4,'',0,15600,4,'',0,10100,4,'',0
'588',2401,54400,,'',0,10400,,'',0,7200,,'',0,10400,,'',0,3000,,'',0,7000,,'',0,10800,,'',0,10400,,'',0,10400,,'',0,10600,,'',0,11100,,'',0,7200,,'',0,7200,,'',0,3200,,'',0,7200,,'',0,3200,,'',0,8000,,'',0,9700,,'',0,11600,,'',0,10100,,'',0,10400,,'',0
'589',2400,62300,4,'',0,10400,4,'',0,3200,4,'',0,14300,4,'',0,3400,4,'',0,7200,4,'',0,10300,4,'',0,10400,4,'',0,10300,4,'',0,10800,4,'',0,11400,4,'',0,7100,4,'',0,2900,4,'',0,7200,4,'',0,3200,4,'',0,7200,4,'',0,4300,4,'',0,9400,4,'',0,15600,4,'',0,10100,4,'',0
'589',2401,54400,,'',0,10400,,'',0,7200,,'',0,10400,,'',0,3000,,'',0,7000,,'',0,10800,,'',0,10400,,'',0,10400,,'',0,10600,,'',0,11100,,'',0,7200,,'',0,7200,,'',0,3200,,'',0,7200,,'',0,3200,,'',0,8000,,'',0,9700,,'',0,11600,,'',0,10100,,'',0,10400,,'',0
'583',2500,73700,4,'',0,9400,4,'',0,9100,4,'',0,13400,4,'',0,17100,4,'',0,17700,4,'',0,11200,4,'',0,10000,4,'',0,9500,4,'',0,9100,4,'',0
'583',2501,74200,,'',0,9100,,'',0,9000,,'',0,13500,,'',0,17300,,'',0,17400,,'',0,11500,,'',0,10200,,'',0,9300,,'',0,8900,,'',0
'584',2500,73700,4,'',0,9400,4,'',0,9100,4,'',0,13400,4,'',0,17100,4,'',0,17700,4,'',0,11200,4,'',0,10000,4,'',0,9500,4,'',0,9100,4,'',0
'584',2501,74200,,'',0,9100,,'',0,9000,,'',0,13500,,'',0,17300,,'',0,17400,,'',0,11500,,'',0,10200,,'',0,9300,,'',0,8900,,'',0
'585',2500,100500,4,'',0,13200,4,'',0,17300,4,'',0,14100,4,'',0,39100,4,'',0
'585',2501,91500,,'',0,13200,,'',0,17300,,'',0,13100,,'',0,40300,,'',0
'586',2500,104900,4,'',0,26800,4,'',0,29100,4,'',0,22900,4,'',0
'586',2501,100000,,'',0,22800,,'',0,29500,,'',0,22900,,'',0
'587',2500,73700,4,'',0,9400,4,'',0,9100,4,'',0,13400,4,'',0,17100,4,'',0,17700,4,'',0,11200,4,'',0,10000,4,'',0,9500,4,'',0,9100,4,'',0
'587',2501,74200,,'',0,9100,,'',0,9000,,'',0,13500,,'',0,17300,,'',0,17400,,'',0,11500,,'',0,10200,,'',0,9300,,'',0,8900,,'',0
'588',2500,73700,4,'',0,9400,4,'',0,9100,4,'',0,13400,4,'',0,17100,4,'',0,17700,4,'',0,11200,4,'',0,10000,4,'',0,9500,4,'',0,9100,4,'',0
'588',2501,74200,,'',0,9100,,'',0,9000,,'',0,13500,,'',0,17300,,'',0,17400,,'',0,11500,,'',0,10200,,'',0,9300,,'',0,8900,,'',0
'589',2500,73700,4,'',0,9400,4,'',0,9100,4,'',0,13400,4,'',0,17100,4,'',0,17700,4,'',0,11200,4,'',0,10000,4,'',0,9500,4,'',0,9100,4,'',0
'589',2501,74200,,'',0,9100,,'',0,9000,,'',0,13500,,'',0,17300,,'',0,17400,,'',0,11500,,'',0,10200,,'',0,9300,,'',0,8900,,'',0
'583',139000,55000,,'',0,7500,,'',0,7900,,'',0,3700,,'',0,7700,,'',0,3700,,'',0,15900,,'',0,12400,,'',0,17600,,'',0,13400,,'',0,8000,,'',0,7700,,'',0,3500,,'',0,7600,,'',0,10700,,'',0,21300,,'',0,17500,,'',0
'583',139001,62400,4,'',0,7700,4,'',0,3500,4,'',0,7900,4,'',0,3700,4,'',0,15900,4,'',0,12600,4,'',0,17400,4,'',0,13700,4,'',0,7600,4,'',0,3500,4,'',0,7900,4,'',0,7500,4,'',0,4200,4,'',0,6800,4,'',0,11200,4,'',0,17500,4,'',0
'584',139000,55000,,'',0,7500,,'',0,7900,,'',0,3700,,'',0,7700,,'',0,3700,,'',0,15900,,'',0,12400,,'',0,17600,,'',0,13400,,'',0,8000,,'',0,7700,,'',0,3500,,'',0,7600,,'',0,10700,,'',0,21300,,'',0,17500,,'',0
'584',139001,62400,4,'',0,7700,4,'',0,3500,4,'',0,7900,4,'',0,3700,4,'',0,15900,4,'',0,12600,4,'',0,17400,4,'',0,13700,4,'',0,7600,4,'',0,3500,4,'',0,7900,4,'',0,7500,4,'',0,4200,4,'',0,6800,4,'',0,11200,4,'',0,17500,4,'',0
'585',139000,72700,,'',0,11400,,'',0,16800,,'',0,13300,,'',0,17200,,'',0,13600,,'',0,16300,,'',0,9000,,'',0,19700,,'',0,2800,,'',0,17700,,'',0
'585',139001,74800,4,'',0,10000,4,'',0,19500,4,'',0,17300,4,'',0,13200,4,'',0,17200,4,'',0,9100,4,'',0,12400,4,'',0,19900,4,'',0,7000,4,'',0,13500,4,'',0
'586',139000,105300,,'',0,26800,,'',0,29100,,'',0,30300,,'',0
'586',139001,72900,4,'',0,7400,4,'',0,32400,4,'',0,23100,4,'',0,28800,4,'',0,30300,4,'',0
'587',139000,55000,,'',0,7500,,'',0,7900,,'',0,3700,,'',0,7700,,'',0,3700,,'',0,15900,,'',0,12400,,'',0,17600,,'',0,13400,,'',0,8000,,'',0,7700,,'',0,3500,,'',0,7600,,'',0,10700,,'',0,21300,,'',0,17500,,'',0
'587',139001,62400,4,'',0,7700,4,'',0,3500,4,'',0,7900,4,'',0,3700,4,'',0,15900,4,'',0,12600,4,'',0,17400,4,'',0,13700,4,'',0,7600,4,'',0,3500,4,'',0,7900,4,'',0,7500,4,'',0,4200,4,'',0,6800,4,'',0,11200,4,'',0,17500,4,'',0
'588',139000,55000,,'',0,7500,,'',0,7900,,'',0,3700,,'',0,7700,,'',0,3700,,'',0,15900,,'',0,12400,,'',0,17600,,'',0,13400,,'',0,8000,,'',0,7700,,'',0,3500,,'',0,7600,,'',0,10700,,'',0,21300,,'',0,17500,,'',0
'588',139001,62400,4,'',0,7700,4,'',0,3500,4,'',0,7900,4,'',0,3700,4,'',0,15900,4,'',0,12600,4,'',0,17400,4,'',0,13700,4,'',0,7600,4,'',0,3500,4,'',0,7900,4,'',0,7500,4,'',0,4200,4,'',0,6800,4,'',0,11200,4,'',0,17500,4,'',0
'589',139000,55000,,'',0,7500,,'',0,7900,,'',0,3700,,'',0,7700,,'',0,3700,,'',0,15900,,'',0,12400,,'',0,17600,,'',0,13400,,'',0,8000,,'',0,7700,,'',0,3500,,'',0,7600,,'',0,10700,,'',0,21300,,'',0,17500,,'',0
'589',139001,62400,4,'',0,7700,4,'',0,3500,4,'',0,7900,4,'',0,3700,4,'',0,15900,4,'',0,12600,4,'',0,17400,4,'',0,13700,4,'',0,7600,4,'',0,3500,4,'',0,7900,4,'',0,7500,4,'',0,4200,4,'',0,6800,4,'',0,11200,4,'',0,17500,4,'',0
