9700,'5014',556,,8957,5,4,,0,78,,8986,5,4,,0,23,,8954,14,4,,0,61,,8946,14,4,,0,21,,8949,14,4,,0,66,,8953,14,4,,0,23,,8947,14,4,,0,21,,8951,14,4,,0,60,,8950,14,4,,0,20,,8943,14,4,,0,20,,8940,14,4,,0,63,,8960,14,4,,0,28,,8952,14,4,,0,68,,8956,14,4,,0,31,,8941,14,4,,0,69,,8962,14,4,,0,29,,8948,14,4,,0,69,,8959,14,4,,0,29,,8945,14,4,,0,21,,8984,14,4,,0,60,,8963,14,4,,0,19,,8982,14,4,,0,20,,8958,14,4,,0,60,,8939,14,4,,0,22,,8944,14,4,,0,20,,8961,14,4,,0,61,,8965,14,4,,0,20,,8935,14,4,,0,20,,8934,14,4,,0,59,,8955,14,4,,0,17,,8938,14,4,,0,17,,8936,14,4,,0,58,,8977,14,4,,0,17,,8978,14,4,,0,18,,8979,14,4,,0,57,,8932,14,4,,0,17,,8933,14,4,,0,19,,8983,14,4,,0,19,,8937,14,4,,0,60,,8942,14,4,,0,19,,8967,14,4,,0,23,,8968,14,4,,0,63,,8981,14,4,,0,22,,8980,14,4,,0,65,,8964,14,4,,0,24,,8969,14,4,,0,22,,8966,14,4,,0,65,,8970,14,4,,0,23,,8971,14,4,,0,65,,8972,14,4,,0,25,,8973,14,4,,0,25,,8974,14,4,,0,64,,8975,14,4,,0,25,,8976,14,4,,0
9700,'5272',751,,9014,14,4,,0,70,,9011,14,4,,0,31,,9015,14,4,,0,70,,9013,14,4,,0,32,,8987,14,4,,0,71,,9012,14,4,,0,34,,8988,14,4,,0,71,,9008,14,4,,0,71,,8989,14,4,,0,30,,9010,14,4,,0,71,,8991,14,4,,0,30,,9009,14,4,,0,70,,8992,14,4,,0,30,,9006,14,4,,0,70,,8993,14,4,,0,29,,9007,14,4,,0,70,,8997,14,4,,0,30,,9003,14,4,,0,69,,8998,14,4,,0,29,,9002,14,4,,0,29,,8990,14,4,,0,70,,9004,14,4,,0,30,,8995,14,4,,0,68,,9001,14,4,,0,27,,8996,14,4,,0,69,,9005,14,4,,0,30,,8994,14,4,,0,69,,9016,14,4,,0,30,,8999,14,4,,0,70,,9018,14,4,,0,28,,9000,14,4,,0,100,,9017,14,4,,0
9700,'5282',751,,9024,14,4,,0,70,,9020,14,4,,0,32,,9025,14,4,,0,72,,9019,14,4,,0,31,,9023,14,4,,0,73,,9021,14,4,,0,72,,9027,14,4,,0,31,,9029,14,4,,0,73,,9022,14,4,,0,33,,9026,14,4,,0,72,,9032,14,4,,0,33,,9031,14,4,,0,72,,9028,14,4,,0,32,,9033,14,4,,0,72,,9030,14,4,,0,31,,9034,14,4,,0,70,,9035,14,4,,0,30,,9037,14,4,,0,72,,9039,14,4,,0,32,,9040,14,4,,0,72,,9036,14,4,,0,30,,9041,14,4,,0,71,,9038,14,4,,0,32,,9042,14,4,,0,68,,9053,14,4,,0,32,,9045,14,4,,0,70,,9048,14,4,,0,30,,9043,14,4,,0,69,,9049,14,4,,0,27,,9046,14,4,,0,69,,9050,14,4,,0,30,,9044,14,4,,0,70,,9051,14,4,,0,29,,9047,14,4,,0
9701,'5014',558,,9056,1,,,0,59,,9054,1,,,0,19,,9070,1,,,0,20,,9106,1,,,0,61,,9075,1,,,0,21,,9076,1,,,0,21,,9077,1,,,0,61,,9078,1,,,0,20,,9079,1,,,0,60,,9080,1,,,0,20,,9081,1,,,0,20,,9082,1,,,0,60,,9083,1,,,0,25,,9073,1,,,0,28,,9074,1,,,0,69,,9067,1,,,0,29,,9066,1,,,0,69,,9071,1,,,0,29,,9068,1,,,0,70,,9069,1,,,0,30,,9087,1,,,0,60,,9084,1,,,0,20,,9085,1,,,0,20,,9089,1,,,0,60,,9086,1,,,0,20,,9090,1,,,0,20,,9091,1,,,0,60,,9092,1,,,0,20,,9072,1,,,0,20,,9065,1,,,0,60,,9088,1,,,0,20,,9094,1,,,0,20,,9093,1,,,0,60,,9095,1,,,0,20,,9097,1,,,0,20,,9096,1,,,0,62,,9098,1,,,0,23,,9100,1,,,0,23,,9099,1,,,0,63,,9105,1,,,0,23,,9101,1,,,0,63,,9103,1,,,0,23,,9102,1,,,0,23,,9104,1,,,0,64,,9057,1,,,0,24,,9058,1,,,0,64,,9059,1,,,0,24,,9060,1,,,0,25,,9061,1,,,0,65,,9062,1,,,0,25,,9063,1,,,0,65,,9064,1,,,0
9701,'5272',710,,9139,1,,,0,30,,9134,1,,,0,70,,9108,1,,,0,30,,9128,1,,,0,70,,9109,1,,,0,30,,9136,1,,,0,70,,9110,1,,,0,30,,9133,1,,,0,70,,9111,1,,,0,30,,9131,1,,,0,70,,9112,1,,,0,30,,9132,1,,,0,70,,9120,1,,,0,30,,9127,1,,,0,70,,9121,1,,,0,30,,9125,1,,,0,70,,9116,1,,,0,30,,9135,1,,,0,70,,9113,1,,,0,30,,9122,1,,,0,70,,9114,1,,,0,30,,9126,1,,,0,70,,9117,1,,,0,30,,9130,1,,,0,70,,9118,1,,,0,30,,9129,1,,,0,70,,9115,1,,,0,30,,9124,1,,,0,70,,9119,1,,,0,30,,9137,1,,,0,70,,9123,1,,,0,100,,9138,1,,,0
9701,'5282',744,,9141,1,,,0,70,,9140,1,,,0,30,,9144,1,,,0,70,,9143,1,,,0,30,,9145,1,,,0,70,,9146,1,,,0,30,,9147,1,,,0,70,,9142,1,,,0,30,,9151,1,,,0,72,,9164,1,,,0,32,,9165,1,,,0,72,,9163,1,,,0,32,,9153,1,,,0,72,,9152,1,,,0,32,,9148,1,,,0,72,,9149,1,,,0,72,,9155,1,,,0,32,,9157,1,,,0,72,,9150,1,,,0,32,,9154,1,,,0,72,,9156,1,,,0,32,,9175,1,,,0,70,,9159,1,,,0,30,,9166,1,,,0,70,,9158,1,,,0,30,,9167,1,,,0,70,,9160,1,,,0,30,,9170,1,,,0,70,,9161,1,,,0,30,,9169,1,,,0,70,,9162,1,,,0,30,,9168,1,,,0,70,,9171,1,,,0,30,,9173,1,,,0,70,,9172,1,0,12,0
9800,'5014',659,,9204,16,4,,0,60,,9199,16,4,,0,21,,9203,16,4,,0,63,,9202,16,4,,0,21,,9205,16,4,,0,23,,9177,16,4,,0,80,,9198,16,4,,0,82,,9192,16,4,,0,43,,9184,16,4,,0,84,,9188,16,4,,0,83,,9201,16,4,,0,85,,9182,16,4,,0,45,,9195,16,4,,0,86,,9190,16,4,,0,91,,9196,16,4,,0,20,,9191,16,4,,0,60,,9189,16,4,,0,20,,9179,16,4,,0,20,,9194,16,4,,0,60,,9178,16,4,,0,19,,9185,16,4,,0,30,,9200,16,4,,0,81,,9183,16,4,,0,88,,9186,16,4,,0,90,,9180,16,4,,0,45,,9181,16,4,,0,85,,9193,16,4,,0,80,,9197,16,4,,0,78,,9187,16,4,,0,39,,9176,16,4,,0
9800,'5272',929,,9211,16,4,,0,87,,9219,16,4,,0,87,,9210,16,4,,0,45,,9212,16,4,,0,85,,9209,16,4,,0,85,,9214,16,4,,0,85,,9208,16,4,,0,45,,9213,16,4,,0,85,,9206,16,4,,0,85,,9215,16,4,,0,85,,9207,16,4,,0,45,,9216,16,4,,0,169,,9217,16,4,,0,128,,9218,16,4,,0
9800,'5282',929,,9224,16,4,,0,87,,9233,16,4,,0,89,,9225,16,4,,0,45,,9228,16,4,,0,85,,9222,16,4,,0,85,,9227,16,4,,0,85,,9223,16,4,,0,45,,9230,16,4,,0,85,,9220,16,4,,0,84,,9229,16,4,,0,85,,9221,16,4,,0,45,,9226,16,4,,0,168,,9231,16,4,,0,130,,9232,16,4,,0
9801,'5014',630,,9260,1,,,0,20,,9248,1,,,0,60,,9262,1,,,0,20,,9257,1,,,0,21,,9261,1,,,0,61,,9242,1,,,0,42,,9247,1,,,0,82,,9250,1,,,0,83,,9249,1,,,0,83,,9236,1,,,0,45,,9241,1,,,0,85,,9239,1,,,0,85,,9234,1,,,0,85,,9244,1,,,0,45,,9245,1,,,0,65,,9246,1,,,0,22,,9238,1,,,0,20,,9254,1,,,0,60,,9243,1,,,0,20,,9256,1,,,0,79,,9259,1,,,0,90,,9235,1,,,0,50,,9253,1,,,0,90,,9237,1,,,0,86,,9255,1,,,0,86,,9240,1,,,0,40,,9252,1,,,0,80,,9251,1,,,0,80,,9258,1,,,0
9801,'5272',945,,9267,1,,,0,85,,9274,1,,,0,85,,9266,1,,,0,85,,9270,1,,,0,45,,9265,1,,,0,85,,9272,1,,,0,85,,9264,1,,,0,85,,9268,1,,,0,45,,9263,1,,,0,85,,9271,1,,,0,170,,9269,1,,,0,130,,9273,1,,,0,170,,9275,1,,,0
9801,'5282',945,,9278,1,,,0,85,,9289,1,,,0,85,,9277,1,,,0,85,,9285,1,,,0,45,,9280,1,,,0,85,,9284,1,,,0,85,,9279,1,,,0,85,,9283,1,,,0,45,,9276,1,,,0,85,,9282,1,,,0,85,,9281,1,,,0,85,,9286,1,,,0,130,,9287,1,,,0,170,,9288,1,,,0
