2401,'5014',607,,8733,4,,,0,104,,8734,4,,,0,32,,8735,4,,,0,106,,8736,4,,,0,71,,8737,4,,,0,32,,8738,4,,,0,103,,8741,4,,,0,104,,8739,4,,,0,143,,8740,4,,,0,108,,8742,4,,,0,116,,8743,4,,,0,29,,8745,4,,,0,69,,8746,4,,,0,32,,8744,4,,,0,72,,8747,4,,,0,72,,8748,4,,,0,43,,8750,4,,,0,94,,8749,4,,,0,116,,8751,4,,,0,101,,8752,4,,,0
2401,'5272',725,,8756,4,,,0,103,,8753,4,,,0,107,,8755,4,,,0,104,,8754,4,,,0,108,,8757,4,,,0,101,,8759,4,,,0,109,,8760,4,,,0,102,,8758,4,,,0,93,,8761,4,,,0,107,,8762,4,,,0,141,,8763,4,,,0,59,,8764,4,,,0
2401,'5282',820,,8770,4,,,0,100,,8767,4,,,0,98,,8768,4,,,0,111,,8765,4,,,0,104,,8769,4,,,0,107,,8766,4,,,0,89,,8772,4,,,0,123,,8773,4,,,0,94,,8771,4,,,0,102,,8776,4,,,0,105,,8774,4,,,0,105,,8777,4,,,0,145,,8775,4,,,0
2501,'5014',716,,8797,4,,,0,94,,8798,4,,,0,91,,8799,4,,,0,134,,8800,4,,,0,171,,8802,4,,,0,137,,8801,4,,,0,112,,8803,4,,,0,100,,8804,4,,,0,95,,8805,4,,,0,91,,8806,4,,,0
2501,'5272',1028,,8807,4,,,0,228,,8808,4,,,0,291,,8809,4,,,0,269,,8810,4,,,0
2501,'5282',944,,8812,4,,,0,172,,8813,4,,,0,133,,8811,4,,,0,181,,8815,4,,,0,391,,8814,4,,,0
2601,'5014',610,,8848,4,,,0,37,,8849,4,,,0,75,,8850,4,,,0,80,,8852,4,,,0,36,,8851,4,,,0,119,,8853,4,,,0,166,,8854,4,,,0,134,,8855,4,,,0,176,,8856,4,,,0,77,,8858,4,,,0,35,,8859,4,,,0,79,,8857,4,,,0,35,,8860,4,,,0,82,,8861,4,,,0,72,,8862,4,,,0,108,,8863,4,,,0,135,,8864,4,,,0
2601,'5272',716,,8866,4,,,0,34,,8865,4,,,0,364,,8867,4,,,0,231,,8868,4,,,0,288,,8869,4,,,0,303,,8870,4,,,0
2601,'5282',735,,8871,4,,,0,100,,8872,4,,,0,195,,8875,4,,,0,173,,8877,4,,,0,132,,8876,4,,,0,172,,8874,4,,,0,51,,8873,4,,,0,164,,8878,4,,,0,199,,8880,4,,,0,30,,8879,4,,,0,175,,8881,4,,,0
2801,'5014',712,,8888,4,,,0,92,,8889,4,,,0,699,,8890,4,,,0,99,,8891,4,,,0,55,,8892,4,,,0,100,,8893,4,,,0
2900,'5014',640,,8894,31,,,0,70,,8895,31,,,0,30,,8897,31,,,0,76,,8896,31,,,0,31,,8904,31,,,0,674,,8905,31,,,0,36,,8903,31,,,0,69,,8900,31,,,0,30,,8898,31,,,0,75,,8899,31,,,0,75,,8901,31,,,0,109,,8902,31,,,0
