100,'5101',742,,3950,12,,,0,100,,3935,12,,,0,100,,3936,12,,,0,100,,3937,12,,,0,100,,3938,12,,,0,100,,3939,12,,,0,100,,3940,12,,,0,100,,3941,12,,,0,100,,3942,12,,,0,100,,3943,12,,,0,100,,3944,12,,,0,99,,3945,12,,,0,100,,3946,12,,,0,99,,3947,12,,,0,100,,3948,12,,,0,100,,3949,12,,,0
100,'5102',609,,3975,12,,,0,30,,3987,12,,,0,70,,3976,12,,,0,15,,3968,12,,,0,16,,3986,12,,,0,16,,3966,12,,,0,56,,3973,12,,,0,16,,3967,12,,,0,16,,3985,12,,,0,56,,3963,12,,,0,16,,3977,12,,,0,16,,3969,12,0,13,0,16,,3988,12,,,0,72,,3978,12,,,0,32,,3989,12,,,0,72,,3974,12,,,0,33,,3984,12,,,0,73,,3979,12,,,0,73,,3990,12,,,0,33,,3980,12,,,0,73,,3992,12,,,0,17,,3961,12,,,0,17,,3971,12,,,0,58,,3951,12,,,0,20,,3983,12,,,0,20,,3962,12,,,0,60,,3981,12,,,0,19,,3952,12,,,0,20,,3982,12,,,0,60,,3960,12,,,0,17,,3972,12,,,0,17,,3959,12,,,0,17,,3991,12,,,0,56,,3965,12,,,0,17,,3970,12,,,0,15,,3958,12,,,0,70,,3964,12,,,0,30,,3954,12,,,0,100,,3956,12,,,0,99,,3955,12,,,0,100,,3957,12,,,0,100,,3953,12,,,0
100,'5105',742,,4023,12,,,0,71,,3993,12,,,0,30,,3994,12,,,0,70,,3995,12,,,0,31,,3996,12,,,0,70,,3997,12,,,0,30,,3998,12,,,0,70,,4019,12,,,0,30,,3999,12,,,0,70,,4000,12,,,0,30,,4001,12,,,0,70,,4002,12,,,0,30,,4003,12,,,0,70,,4004,12,,,0,30,,4005,12,,,0,70,,4006,12,,,0,30,,4007,12,,,0,70,,4008,12,,,0,30,,4009,12,,,0,70,,4010,12,,,0,30,,4011,12,,,0,69,,4012,12,,,0,30,,4020,12,,,0,70,,4014,12,,,0,30,,4021,12,,,0,70,,4015,12,,,0,30,,4022,12,,,0,72,,4016,12,,,0,99,,4013,12,,,0,100,,4017,12,,,0,98,,4018,12,,,0
101,'5101',713,,4039,11,,,0,100,,4024,11,,,0,100,,4025,11,,,0,100,,4026,11,,,0,100,,4027,11,,,0,100,,4028,11,,,0,100,,4029,11,,,0,100,,4030,11,,,0,100,,4031,11,,,0,100,,4032,11,,,0,100,,4033,11,,,0,100,,4034,11,,,0,100,,4035,11,,,0,99,,4036,11,,,0,100,,4037,11,,,0,100,,4038,11,,,0
101,'5102',608,,4072,11,,,0,30,,4061,11,,,0,70,,4076,11,,,0,16,,4057,11,,,0,16,,4064,11,,,0,17,,4058,11,,,0,49,,4040,11,,,0,7,,4071,11,,,0,16,,4056,11,,,0,16,,4066,11,,,0,55,,4059,11,,,0,16,,4074,11,,,0,32,,4062,11,,,0,72,,4078,11,,,0,32,,4063,11,,,0,73,,4073,11,,,0,34,,4067,11,,,0,73,,4075,11,,,0,73,,4065,11,,,0,33,,4077,11,,,0,17,,4051,11,,,0,57,,4068,11,,,0,17,,4050,11,,,0,17,,4079,11,,,0,60,,4055,11,,,0,20,,4060,11,,,0,20,,4048,11,,,0,60,,4080,11,,,0,20,,4052,11,,,0,19,,4069,11,,,0,57,,4049,11,,,0,17,,4081,11,,,0,16,,4054,11,,,0,17,,4070,11,,,0,56,,4046,11,,,0,30,,4053,11,,,0,70,,4045,11,,,0,100,,4047,11,,,0,100,,4042,11,,,0,99,,4043,11,,,0,100,,4044,11,,,0,100,,4041,11,,,0
101,'5105',713,,4113,11,,,0,30,,4112,11,,,0,70,,4084,11,,,0,30,,4085,11,,,0,70,,4082,11,,,0,30,,4083,11,,,0,70,,4086,11,,,0,30,,4087,11,,,0,70,,4092,11,,,0,30,,4091,11,,,0,70,,4090,11,,,0,30,,4089,11,,,0,70,,4094,11,,,0,30,,4088,11,,,0,70,,4095,11,,,0,30,,4107,11,,,0,70,,4108,11,,,0,30,,4098,11,,,0,70,,4097,11,,,0,30,,4099,11,,,0,70,,4093,11,,,0,30,,4096,11,,,0,70,,4109,11,,,0,30,,4102,11,,,0,70,,4110,11,,,0,30,,4100,11,,,0,70,,4111,11,,,0,35,,4103,11,,,0,100,,4101,11,,,0,100,,4104,11,,,0,99,,4105,11,,,0,96,,4106,11,,,0
400,'5102',653,,4190,2,,,0,75,,4191,2,,,0,30,,4189,2,,,0,72,,4185,2,,,0,671,,4184,2,,,0,35,,4187,2,,,0,74,,4186,2,,,0,35,,4188,2,,,0
801,'5101',645,,4554,31,,,0,77,,4555,45,,,0,35,,4556,45,,,0,77,,4557,45,,,0,77,,4558,45,,,0,35,,4559,45,,,0,75,,4560,45,,,0,36,,4561,45,,,0,76,,4563,45,,,0,70,,4564,45,,,0,31,,4565,45,,,0,70,,4562,45,,,0,30,,4568,45,,,0,70,,4569,45,,,0,30,,4566,45,,,0,70,,4567,45,,,0,30,,4570,45,,,0,70,,4571,45,,,0,29,,4572,45,,,0,70,,4574,45,,,0,29,,4575,45,,,0,69,,4576,45,,,0,29,,4573,45,,,0,29,,4577,45,,,0,69,,4578,45,,,0,29,,4579,45,,,0,68,,4580,45,,,0,85,,4581,45,,,0,44,,4582,45,,,0,85,,4583,45,,,0,84,,4552,45,,,0,85,,4553,45,,,0
801,'5102',624,,4584,45,,,0,80,,4585,31,,,0,12,,4586,45,,,0,18,,4587,31,,,0,7,,4588,45,,,0,16,,4589,45,,,0,56,,4591,45,,,0,15,,4592,45,,,0,15,,4593,45,,,0,15,,4590,45,,,0,54,,4595,45,,,0,14,,4596,45,,,0,15,,4597,45,,,0,15,,4594,45,,,0,55,,4598,45,,,0,15,,4599,45,,,0,16,,4600,45,,,0,15,,4601,45,,,0,55,,4602,45,,,0,15,,4603,45,,,0,15,,4604,45,,,0,15,,4606,45,,,0,56,,4607,45,,,0,15,,4609,45,,,0,15,,4605,45,,,0,15,,4610,45,,,0,55,,4611,45,,,0,15,,4608,45,,,0,15,,4612,45,,,0,15,,4613,45,,,0,55,,4614,45,,,0,15,,4615,45,,,0,15,,4616,45,,,0,16,,4617,45,,,0,56,,4619,45,,,0,6,,4620,17,,,0,10,,4621,45,,,0,17,,4618,45,,,0,56,,4622,34,,,0,3,,4623,45,,,0,16,,4624,45,,,0,14,,4625,45,,,0,14,,4626,45,,,0,56,,4627,45,,,0,15,,4628,45,,,0,15,,4630,45,,,0,14,,4632,45,,,0,54,,4633,45,,,0,15,,4629,45,,,0,16,,4634,45,,,0,14,,4631,45,,,0,54,,4635,45,,,0,16,,4636,45,,,0,17,,4637,45,,,0,18,,4638,45,,,0,65,,4639,45,,,0,26,,4640,45,,,0,64,,4641,45,,,0,24,,4642,45,,,0,25,,4643,45,,,0,63,,4644,45,,,0,85,,4646,45,,,0,43,,4647,45,,,0,83,,4648,45,,,0,85,,4645,45,,,0
801,'5105',646,,4674,31,,,0,80,,4681,45,,,0,75,,4663,45,,,0,35,,4670,45,,,0,76,,4680,45,,,0,36,,4662,45,,,0,75,,4673,45,,,0,35,,4679,45,,,0,71,,4652,45,,,0,71,,4661,45,,,0,26,,4667,45,,,0,25,,4678,45,,,0,65,,4684,45,,,0,20,,4650,45,,,0,20,,4660,45,,,0,60,,4685,45,,,0,19,,4666,45,,,0,20,,4676,45,,,0,60,,4686,45,,,0,20,,4649,45,,,0,20,,4658,45,,,0,60,,4683,45,,,0,19,,4664,45,,,0,20,,4675,45,,,0,60,,4687,45,,,0,19,,4651,45,,,0,20,,4659,45,,,0,59,,4688,45,,,0,20,,4665,45,,,0,20,,4677,45,,,0,58,,4682,45,,,0,19,,4653,45,,,0,29,,4655,45,,,0,69,,4668,45,,,0,84,,4654,45,,,0,45,,4671,45,,,0,84,,4656,45,,,0,84,,4669,45,,,0,84,,4657,45,,,0,44,,4672,45,,,0
1200,'5102',655,,5064,2,,,0,81,,5062,2,,,0,80,,5063,2,,,0,635,,5065,2,,,0,84,,5066,2,,,0,85,,5067,2,,,0,84,,5068,2,,,0,46,,5069,2,,,0
