100,'5014',600,,6791,1,,,0,30,,6803,1,,,0,70,,6792,1,,,0,15,,6784,1,,,0,15,,6802,1,,,0,16,,6782,1,,,0,56,,6789,1,,,0,16,,6783,1,,,0,16,,6801,1,,,0,16,,6779,1,,,0,56,,6793,1,,,0,16,,6785,1,0,13,0,16,,6804,1,,,0,72,,6794,1,,,0,32,,6805,1,,,0,72,,6790,1,,,0,33,,6800,1,,,0,73,,6795,1,,,0,33,,6806,1,,,0,73,,6796,1,,,0,33,,6808,1,,,0,57,,6777,1,,,0,17,,6788,1,,,0,17,,6767,1,,,0,60,,6799,1,,,0,20,,6778,1,,,0,20,,6797,1,,,0,60,,6768,1,,,0,20,,6798,1,,,0,20,,6776,1,,,0,57,,6786,1,,,0,17,,6775,1,,,0,17,,6807,1,,,0,17,,6781,1,,,0,57,,6787,1,,,0,15,,6774,1,,,0,70,,6780,1,,,0,30,,6770,1,,,0,100,,6772,1,,,0,100,,6771,1,,,0,100,,6773,1,,,0,100,,6769,1,,,0
100,'5272',733,,6824,1,,,0,100,,6809,1,,,0,100,,6810,1,,,0,100,,6811,1,,,0,100,,6812,1,,,0,100,,6813,1,,,0,100,,6814,1,,,0,100,,6815,1,,,0,100,,6816,1,,,0,100,,6817,1,,,0,100,,6818,1,,,0,100,,6819,1,,,0,100,,6820,1,,,0,100,,6821,1,,,0,100,,6822,1,,,0,100,,6823,1,,,0
100,'5282',734,,6855,1,,,0,70,,6825,1,,,0,30,,6826,1,,,0,70,,6827,1,,,0,30,,6828,1,,,0,70,,6829,1,,,0,30,,6830,1,,,0,70,,6851,1,,,0,30,,6831,1,,,0,70,,6832,1,,,0,30,,6833,1,,,0,70,,6834,1,,,0,30,,6835,1,,,0,70,,6836,1,,,0,30,,6837,1,,,0,70,,6838,1,,,0,30,,6839,1,,,0,70,,6840,1,,,0,30,,6841,1,,,0,70,,6842,1,,,0,30,,6843,1,,,0,70,,6844,1,,,0,30,,6852,1,,,0,70,,6846,1,,,0,30,,6853,1,,,0,70,,6847,1,,,0,30,,6854,1,,,0,72,,6848,1,,,0,100,,6845,1,,,0,100,,6849,1,,,0,100,,6850,1,,,0
101,'5014',619,,6886,25,4,,0,32,,6875,25,4,,0,70,,6890,25,4,,0,16,,6871,25,4,,0,17,,6878,25,4,,0,57,,6872,25,4,,0,16,,6885,25,4,,0,16,,6870,25,4,,0,16,,6880,25,4,,0,55,,6873,25,4,,0,16,,6888,25,4,,0,72,,6876,25,4,,0,33,,6892,25,4,,0,72,,6877,25,4,,0,33,,6887,25,4,,0,74,,6881,25,4,,0,33,,6889,25,4,,0,73,,6879,25,4,,0,33,,6891,25,4,,0,57,,6865,25,4,,0,17,,6882,25,4,,0,74,,6893,25,4,,0,21,,6869,25,4,,0,20,,6874,25,4,,0,60,,6863,25,4,,0,19,,6894,25,4,,0,20,,6866,25,4,,0,59,,6883,25,4,,0,17,,6864,25,4,,0,17,,6895,25,4,,0,15,,6868,25,4,,0,57,,6884,25,4,,0,16,,6861,25,4,,0,30,,6867,25,4,,0,69,,6860,25,4,,0,100,,6862,25,4,,0,100,,6857,25,4,,0,99,,6858,25,4,,0,99,,6859,25,4,,0,99,,6856,25,4,,0
101,'5272',724,,6911,25,4,,0,101,,6896,25,4,,0,100,,6897,25,4,,0,101,,6898,25,4,,0,100,,6899,25,4,,0,101,,6900,25,4,,0,100,,6901,25,4,,0,100,,6902,25,4,,0,100,,6903,25,4,,0,100,,6904,25,4,,0,100,,6905,25,4,,0,100,,6906,25,4,,0,99,,6907,25,4,,0,99,,6908,25,4,,0,100,,6909,25,4,,0,100,,6910,25,4,,0
101,'5282',723,,6943,25,4,,0,31,,6942,25,4,,0,70,,6914,25,4,,0,31,,6915,25,4,,0,70,,6912,25,4,,0,31,,6913,25,4,,0,70,,6916,25,4,,0,31,,6917,25,4,,0,70,,6922,25,4,,0,30,,6921,25,4,,0,70,,6920,25,4,,0,30,,6919,25,4,,0,70,,6924,25,4,,0,30,,6918,25,4,,0,70,,6925,25,4,,0,30,,6937,25,4,,0,70,,6938,25,4,,0,30,,6928,25,4,,0,70,,6927,25,4,,0,30,,6929,25,4,,0,70,,6923,25,4,,0,29,,6926,25,4,,0,70,,6939,25,4,,0,30,,6932,25,4,,0,69,,6940,25,4,,0,30,,6930,25,4,,0,70,,6941,25,4,,0,75,,6933,25,4,,0,100,,6931,25,4,,0,59,,6934,25,4,,0,99,,6935,25,4,,0,95,,6936,25,4,,0
500,'5014',615,,7030,1,,,0,30,,7036,1,,,0,70,,7034,1,,,0,30,,7035,1,,,0,70,,7033,1,,,0,30,,7029,1,,,0,70,,7037,1,,,0,30,,7031,1,,,0,70,,7027,1,,,0,100,,7040,1,,,0,100,,7028,1,,,0,100,,7014,1,,,0,100,,7038,1,,,0,30,,7020,1,,,0,70,,7026,1,,,0,15,,7015,1,,,0,15,,7017,1,,,0,70,,7032,1,,,0,30,,7016,1,,,0,70,,7039,1,,,0,30,,7021,1,,,0,100,,7023,1,,,0,100,,7018,1,,,0,100,,7025,1,,,0,100,,7024,1,,,0,100,,7022,1,,,0,100,,7019,1,,,0
500,'5272',803,,7054,1,,,0,100,,7051,1,,,0,100,,7048,1,,,0,100,,7050,1,,,0,100,,7044,1,,,0,100,,7053,1,,,0,100,,7052,1,,,0,100,,7047,1,,,0,100,,7046,1,,,0,100,,7041,1,,,0,100,,7042,1,,,0,100,,7045,1,,,0,100,,7043,1,,,0,100,,7049,1,,,0
500,'5282',747,,7055,1,,,0,70,,7056,1,,,0,30,,7057,1,,,0,70,,7058,1,,,0,30,,7059,1,,,0,70,,7060,1,,,0,30,,7061,1,,,0,70,,7062,1,,,0,30,,7063,1,,,0,70,,7064,1,,,0,30,,7065,1,,,0,70,,7066,1,,,0,30,,7067,1,,,0,70,,7068,1,,,0,30,,7069,1,,,0,70,,7070,1,,,0,30,,7071,1,,,0,70,,7072,1,,,0,30,,7073,1,,,0,70,,7074,1,,,0,30,,7075,1,,,0,90,,7076,1,,,0,100,,7077,1,,,0,100,,7078,1,,,0,100,,7079,1,,,0
501,'5014',632,,7100,19,4,,0,70,,7082,19,4,,0,30,,7099,19,4,,0,75,,7097,19,4,,0,31,,7096,19,4,,0,69,,7093,19,4,,0,27,,7095,19,4,,0,70,,7105,19,4,,0,100,,7102,19,4,,0,100,,7080,19,4,,0,100,,7098,19,4,,0,100,,7081,19,4,,0,32,,7086,19,4,,0,70,,7094,19,4,,0,31,,7106,33,4,,0,2,,7083,19,4,,0,69,,7104,19,4,,0,30,,7084,19,4,,0,69,,7103,19,4,,0,29,,7089,19,4,,0,69,,7101,19,4,,0,29,,7091,19,4,,0,99,,7088,19,4,,0,100,,7085,19,4,,0,99,,7090,19,4,,0,99,,7087,19,4,,0,112,,7092,33,4,,0
501,'5272',751,,7120,19,4,,0,100,,7108,19,4,,0,102,,7110,19,4,,0,100,,7109,19,4,,0,100,,7111,19,4,,0,100,,7112,19,4,,0,100,,7113,19,4,,0,100,,7114,19,4,,0,100,,7115,19,4,,0,100,,7118,19,4,,0,99,,7119,19,4,,0,100,,7116,19,4,,0,100,,7117,19,4,,0,99,,7107,19,4,,0
501,'5282',736,,7121,19,4,,0,71,,7122,19,4,,0,30,,7123,19,4,,0,70,,7124,19,4,,0,31,,7125,19,4,,0,70,,7126,19,4,,0,30,,7127,19,4,,0,70,,7128,19,4,,0,30,,7129,19,4,,0,70,,7130,19,4,,0,30,,7131,19,4,,0,70,,7132,19,4,,0,30,,7133,19,4,,0,70,,7134,19,4,,0,30,,7135,19,4,,0,70,,7136,19,4,,0,30,,7137,19,4,,0,70,,7138,19,4,,0,30,,7139,19,4,,0,70,,7140,19,4,,0,30,,7141,19,4,,0,90,,7142,19,4,,0,100,,7143,19,4,,0,100,,7144,19,4,,0,99,,7145,19,4,,0,98,,7146,19,4,,0
