1000,'5014',549,,7539,34,4,,0,80,,7533,34,4,,0,20,,7521,34,4,,0,60,,7530,34,4,,0,21,,7524,34,4,,0,23,,7536,34,4,,0,60,,7522,34,4,,0,20,,7531,34,4,,0,20,,7520,34,4,,0,61,,7526,34,4,,0,25,,7537,34,4,,0,74,,7523,34,4,,0,32,,7525,34,4,,0,73,,7534,34,4,,0,32,,7532,34,4,,0,72,,7528,34,4,,0,32,,7535,34,4,,0,72,,7529,34,4,,0,32,,7527,34,4,,0,72,,7538,34,4,,0,28,,7553,34,4,,0,61,,7519,34,4,,0,20,,7541,34,4,,0,61,,7542,34,4,,0,20,,7543,34,4,,0,20,,7544,34,4,,0,60,,7545,34,4,,0,19,,7546,34,4,,0,18,,7548,34,4,,0,18,,7549,34,4,,0,58,,7550,34,4,,0,19,,7547,34,4,,0,79,,7551,34,4,,0,39,,7552,34,4,,0,80,,7517,34,4,,0,78,,7554,34,4,,0,39,,7518,34,4,,0,78,,7516,34,4,,0,80,,7555,34,4,,0,40,,7515,34,4,,0,79,,7514,34,4,,0,80,,7556,34,4,,0
1000,'5272',755,,7569,34,4,,0,87,,7557,34,4,,0,86,,7570,34,4,,0,85,,7558,34,4,,0,46,,7559,34,4,,0,85,,7561,34,4,,0,85,,7571,34,4,,0,85,,7562,34,4,,0,45,,7560,34,4,,0,85,,7563,34,4,,0,85,,7572,34,4,,0,85,,7564,34,4,,0,45,,7567,34,4,,0,85,,7568,34,4,,0,82,,7573,34,4,,0,85,,7566,34,4,,0,44,,7565,34,4,,0,85,,7576,34,4,,0,82,,7577,34,4,,0,85,,7574,34,4,,0,45,,7579,34,4,,0,85,,7575,34,4,,0,85,,7578,34,4,,0
1000,'5282',758,,7601,34,4,,0,86,,7588,34,4,,0,87,,7589,34,4,,0,87,,7583,34,4,,0,86,,7582,34,4,,0,45,,7590,34,4,,0,85,,7591,34,4,,0,85,,7584,34,4,,0,85,,7597,34,4,,0,45,,7598,34,4,,0,85,,7595,34,4,,0,85,,7600,34,4,,0,85,,7593,34,4,,0,44,,7587,34,4,,0,83,,7602,34,4,,0,84,,7592,34,4,,0,44,,7580,34,4,,0,85,,7596,34,4,,0,82,,7585,34,4,,0,84,,7581,34,4,,0,43,,7599,34,4,,0,84,,7586,34,4,,0,85,,7594,34,4,,0
1001,'5014',520,,7607,1,,,0,20,,7630,1,,,0,60,,7608,1,,,0,20,,7609,1,,,0,20,,7610,1,,,0,60,,7611,1,,,0,15,,7612,1,,,0,15,,7613,1,,,0,20,,7614,1,,,0,60,,7615,1,,,0,20,,7616,1,,,0,20,,7617,1,,,0,60,,7618,1,,,0,20,,7619,1,,,0,28,,7621,1,,,0,72,,7631,1,,,0,72,,7622,1,,,0,32,,7623,1,,,0,72,,7620,1,,,0,32,,7624,1,,,0,72,,7626,1,,,0,32,,7632,1,,,0,72,,7627,1,,,0,30,,7642,1,,,0,68,,7643,1,,,0,20,,7628,1,,,0,20,,7633,1,,,0,60,,7634,1,,,0,20,,7635,1,,,0,20,,7636,1,,,0,60,,7637,1,,,0,20,,7638,1,,,0,20,,7639,1,,,0,60,,7640,1,,,0,30,,7646,1,,,0,80,,7647,1,,,0,80,,7644,1,,,0,40,,7625,1,,,0,80,,7629,1,,,0,80,,7641,1,,,0,40,,7606,1,,,0,80,,7603,1,,,0,80,,7645,1,,,0,40,,7604,1,,,0,73,,7605,1,0,5 6,0
1001,'5272',730,,7648,1,,,0,85,,7654,1,,,0,85,,7661,1,,,0,45,,7651,1,,,0,85,,7649,1,,,0,85,,7650,1,,,0,85,,7662,1,,,0,45,,7653,1,,,0,85,,7652,1,,,0,85,,7659,1,,,0,85,,7663,1,,,0,45,,7655,1,,,0,85,,7660,1,,,0,85,,7657,1,,,0,85,,7664,1,,,0,45,,7658,1,,,0,85,,7656,1,,,0,85,,7668,1,,,0,85,,7667,1,,,0,45,,7669,1,,,0,85,,7666,1,,,0,85,,7670,1,,,0,85,,7665,1,,,0
1001,'5282',730,,7674,1,,,0,85,,7672,1,,,0,85,,7673,1,,,0,45,,7688,1,,,0,85,,7680,1,,,0,85,,7686,1,,,0,85,,7684,1,,,0,45,,7693,1,,,0,85,,7677,1,,,0,85,,7689,1,,,0,85,,7683,1,,,0,45,,7681,1,,,0,85,,7671,1,,,0,85,,7676,1,,,0,85,,7685,1,,,0,45,,7682,1,,,0,85,,7691,1,,,0,85,,7675,1,,,0,85,,7679,1,,,0,45,,7687,1,,,0,85,,7678,1,,,0,85,,7690,1,,,0,85,,7692,1,,,0
1400,'5014',720,,7920,42,4,,0,30,,7921,42,4,,0,71,,7922,42,4,,0,33,,7918,42,4,,0,70,,7919,42,4,,0,30,,7936,42,4,,0,100,,7935,42,4,,0,100,,7937,42,4,,0,100,,7938,42,4,,0,100,,7928,42,4,,0,101,,7929,42,4,,0,100,,7924,42,4,,0,69,,7923,42,4,,0,30,,7925,42,4,,0,70,,7926,42,4,,0,30,,7927,42,4,,0,68,,7934,42,4,,0,28,,7933,42,4,,0,100,,7932,42,4,,0,100,,7931,42,4,,0,100,,7930,42,4,,0
1400,'5272',841,,7943,42,4,,0,105,,7944,42,4,,0,100,,7942,42,4,,0,100,,7939,42,4,,0,100,,7941,42,4,,0,100,,7945,42,4,,0,100,,7940,42,4,,0,100,,7951,42,4,,0,100,,7952,42,4,,0,100,,7948,42,4,,0,95,,7949,42,4,,0,100,,7947,42,4,,0,100,,7950,42,4,,0,100,,7946,42,4,,0
1400,'5282',841,,7965,42,4,,0,105,,7966,42,4,,0,100,,7962,42,4,,0,100,,7963,42,4,,0,100,,7961,42,4,,0,100,,7964,42,4,,0,100,,7960,42,4,,0,100,,7953,42,4,,0,100,,7954,42,4,,0,100,,7956,42,4,,0,95,,7957,42,4,,0,100,,7955,42,4,,0,100,,7958,42,4,,0,100,,7959,42,4,,0
1401,'5014',635,,7968,1,,,0,70,,7970,1,,,0,30,,7971,1,,,0,70,,7967,1,,,0,30,,7969,1,,,0,70,,7978,1,,,0,100,,7979,1,,,0,100,,7980,1,,,0,100,,7981,1,,,0,100,,7982,1,,,0,100,,7983,1,,,0,100,,7974,1,,,0,30,,7976,1,,,0,70,,7973,1,,,0,30,,7975,1,,,0,70,,7972,1,,,0,30,,7984,1,,,0,70,,7985,1,,,0,100,,7986,1,,,0,100,,7987,1,,,0,100,,7977,1,,,0
1401,'5272',800,,7988,1,,,0,100,,7991,1,,,0,100,,7990,1,,,0,100,,7993,1,,,0,100,,7994,1,,,0,100,,7992,1,,,0,100,,7989,1,,,0,100,,7997,1,,,0,100,,7998,1,,,0,100,,7995,1,,,0,100,,8000,1,,,0,100,,8001,1,,,0,100,,7999,1,,,0,100,,7996,1,,,0
1401,'5282',800,,8010,1,,,0,100,,8012,1,,,0,100,,8011,1,,,0,100,,8014,1,,,0,100,,8015,1,,,0,100,,8013,1,,,0,100,,8009,1,,,0,100,,8003,1,,,0,100,,8004,1,,,0,100,,8005,1,,,0,100,,8002,1,,,0,100,,8007,1,,,0,100,,8006,1,,,0,100,,8008,1,,,0
