2401,'5014',606,,8733,3,,,0,104,,8734,3,,,0,32,,8735,3,,,0,106,,8736,3,,,0,71,,8737,3,,,0,32,,8738,3,,,0,103,,8741,3,,,0,104,,8739,3,,,0,143,,8740,3,,,0,108,,8742,3,,,0,116,,8743,3,,,0,30,,8745,3,,,0,69,,8746,3,,,0,31,,8744,3,,,0,72,,8747,3,,,0,32,,8748,3,,,0,83,,8750,3,,,0,94,,8749,3,,,0,116,,8751,3,,,0,101,,8752,3,,,0
2401,'5272',724,,8756,3,,,0,103,,8753,3,,,0,107,,8755,3,,,0,104,,8754,3,,,0,108,,8757,3,,,0,101,,8759,3,,,0,109,,8760,3,,,0,102,,8758,3,,,0,93,,8761,3,,,0,107,,8762,3,,,0,101,,8763,3,,,0,99,,8764,3,,,0
2401,'5282',819,,8770,3,,,0,100,,8767,3,,,0,98,,8768,3,,,0,111,,8765,3,,,0,104,,8769,3,,,0,107,,8766,3,,,0,89,,8772,3,,,0,123,,8773,3,,,0,94,,8771,3,,,0,102,,8776,3,,,0,105,,8774,3,,,0,105,,8777,3,,,0,145,,8775,3,,,0
2501,'5014',716,,8797,3,,,0,94,,8798,3,,,0,91,,8799,3,,,0,134,,8800,3,,,0,171,,8802,3,,,0,137,,8801,3,,,0,112,,8803,3,,,0,100,,8804,3,,,0,95,,8805,3,,,0,91,,8806,3,,,0
2501,'5272',1028,,8807,3,,,0,228,,8808,3,,,0,291,,8809,3,,,0,269,,8810,3,,,0
2501,'5282',944,,8812,3,,,0,172,,8813,3,,,0,133,,8811,3,,,0,181,,8815,3,,,0,391,,8814,3,,,0
2601,'5014',610,,8848,3,,,0,37,,8849,3,,,0,75,,8850,3,,,0,79,,8852,3,,,0,37,,8851,3,,,0,119,,8853,3,,,0,166,,8854,3,,,0,134,,8855,3,,,0,176,,8856,3,,,0,77,,8858,3,,,0,35,,8859,3,,,0,79,,8857,3,,,0,35,,8860,3,,,0,82,,8861,3,,,0,72,,8862,3,,,0,108,,8863,3,,,0,135,,8864,3,,,0
2601,'5272',716,,8866,3,,,0,34,,8865,3,,,0,364,,8867,3,,,0,231,,8868,3,,,0,288,,8869,3,,,0,303,,8870,3,,,0
2601,'5282',735,,8871,3,,,0,100,,8872,3,,,0,195,,8875,3,,,0,173,,8877,3,,,0,132,,8876,3,,,0,172,,8874,3,,,0,51,,8873,3,,,0,164,,8878,3,,,0,199,,8880,3,,,0,30,,8879,3,,,0,175,,8881,3,,,0
2801,'5014',712,,8888,3,,,0,92,,8889,3,,,0,699,,8890,3,,,0,99,,8891,3,,,0,55,,8892,3,,,0,100,,8893,3,,,0
2900,'5014',639,,8894,30,,,0,70,,8895,30,,,0,30,,8897,30,,,0,76,,8896,30,,,0,31,,8904,30,,,0,674,,8905,30,,,0,36,,8903,30,,,0,69,,8900,30,,,0,30,,8898,30,,,0,75,,8899,30,,,0,75,,8901,30,,,0,109,,8902,30,,,0
