2400,'5101',819,,5912,18,4,,0,108,,5914,18,4,,0,104,,5913,18,4,,0,107,,5915,18,4,,0,102,,5917,18,4,,0,108,,5918,18,4,,0,103,,5916,18,4,,0,92,,5919,18,4,,0,108,,5920,18,4,,0,101,,5922,18,4,,0,102,,5921,18,4,,0
2400,'5102',558,,5923,18,4,,0,145,,5924,18,4,,0,32,,5925,18,4,,0,109,,5926,18,4,,0,66,,5928,18,4,,0,30,,5927,18,4,,0,108,,5929,18,4,,0,104,,5930,18,4,,0,104,,5931,18,4,,0,146,,5932,18,4,,0,112,,5934,18,4,,0,32,,5935,18,4,,0,71,,5936,18,4,,0,32,,5933,18,4,,0,72,,5938,18,4,,0,32,,5937,18,4,,0,80,,5939,18,4,,0,96,,5940,18,4,,0,116,,5942,18,4,,0,100,,5941,18,4,,0,103,,5943,18,4,,0
2400,'5105',728,,5948,18,4,,0,100,,5949,18,4,,0,183,,5945,18,4,,0,110,,5944,18,4,,0,104,,5946,18,4,,0,106,,5947,18,4,,0,170,,5951,18,4,,0,51,,5950,18,4,,0,161,,5952,18,4,,0,24,,5955,18,4,,0,108,,5954,18,4,,0,105,,5956,18,4,,0,105,,5953,18,4,,0
2401,'5101',722,,5960,1,,,0,103,,5957,1,,,0,107,,5959,1,,,0,104,,5958,1,,,0,108,,5961,1,,,0,101,,5963,1,,,0,109,,5964,1,,,0,102,,5962,1,,,0,93,,5965,1,,,0,107,,5966,1,,,0,101,,5967,1,,,0,99,,5968,1,,,0
2401,'5102',604,,5969,1,,,0,104,,5970,1,,,0,32,,5971,1,,,0,106,,5972,1,,,0,71,,5973,1,,,0,32,,5974,1,,,0,103,,5977,1,,,0,104,,5975,1,,,0,103,,5976,1,,,0,148,,5978,1,,,0,114,,5979,1,,,0,31,,5981,1,,,0,69,,5982,1,,,0,32,,5980,1,,,0,72,,5983,1,,,0,32,,5984,1,,,0,83,,5986,1,,,0,94,,5985,1,,,0,116,,5987,1,,,0,101,,5988,1,,,0
2401,'5105',817,,5994,1,,,0,100,,5991,1,,,0,98,,5992,1,,,0,111,,5989,1,,,0,104,,5993,1,,,0,107,,5990,1,,,0,89,,5996,1,,,0,123,,5997,1,,,0,94,,5995,1,,,0,102,,6000,1,,,0,105,,5998,1,,,0,105,,6001,1,,,0,145,,5999,1,,,0
2500,'5101',1017,,6002,19,4,,0,228,,6003,19,4,,0,295,,6004,19,4,,0,269,,6005,19,4,,0
2500,'5102',759,,6006,19,4,,0,91,,6007,19,4,,0,90,,6008,19,4,,0,177,,6009,19,4,,0,135,,6010,19,4,,0,174,,6011,19,4,,0,115,,6013,19,4,,0,100,,6012,19,4,,0,92,,6014,19,4,,0,89,,6015,19,4,,0
2500,'5105',933,,6016,19,4,,0,172,,6018,19,4,,0,134,,6017,19,4,,0,171,,6019,19,4,,0,401,,6020,19,4,,0
2501,'5101',1026,,6021,1,,,0,228,,6022,1,,,0,291,,6023,1,,,0,269,,6024,1,,,0
2501,'5102',714,,6025,1,,,0,94,,6026,1,,,0,51,,6027,1,,,0,174,,6028,1,,,0,171,,6030,1,,,0,137,,6029,1,,,0,112,,6031,1,,,0,100,,6032,1,,,0,95,,6033,1,,,0,91,,6034,1,,,0
2501,'5105',942,,6036,1,,,0,172,,6037,1,,,0,133,,6035,1,,,0,181,,6039,1,,,0,391,,6038,1,,,0
