800,'5101',616,,4408,13,,,0,33,,4409,29,,,0,75,,4410,29,,,0,35,,4411,29,,,0,76,,4412,29,,,0,78,,4414,29,,,0,35,,4415,29,,,0,71,,4416,29,,,0,30,,4413,29,,,0,72,,4418,29,,,0,30,,4419,29,,,0,70,,4420,29,,,0,30,,4417,29,,,0,70,,4421,29,,,0,30,,4422,29,,,0,70,,4423,29,,,0,30,,4426,29,,,0,70,,4433,29,,,0,30,,4427,29,,,0,70,,4434,29,,,0,30,,4424,29,,,0,69,,4425,29,,,0,29,,4428,29,,,0,69,,4435,29,,,0,30,,4429,29,,,0,69,,4430,29,,,0,29,,4431,29,,,0,70,,4432,29,,,0,85,,4436,29,,,0,43,,4437,29,,,0,84,,4438,29,,,0,84,,4439,29,,,0,45,,4440,29,,,0
800,'5102',616,,4444,29,,,0,20,,4446,29,,,0,16,,4447,13,,,0,51,,4448,29,,,0,11,,4445,13,,,0,12,,4449,29,,,0,17,,4450,29,,,0,15,,4451,29,,,0,56,,4452,29,,,0,15,,4453,29,,,0,16,,4454,29,,,0,55,,4455,29,,,0,14,,4456,29,,,0,8,,4507,29,,,0,8,,4458,29,,,0,15,,4459,29,,,0,55,,4460,29,,,0,15,,4457,29,,,0,15,,4461,29,,,0,15,,4463,29,,,0,55,,4464,29,,,0,16,,4465,29,,,0,15,,4462,29,,,0,15,,4466,29,,,0,55,,4467,29,,,0,15,,4468,29,,,0,15,,4469,29,,,0,15,,4470,29,,,0,55,,4471,29,,,0,15,,4472,29,,,0,15,,4473,29,,,0,15,,4474,29,,,0,55,,4475,29,,,0,15,,4477,29,,,0,16,,4478,29,,,0,15,,4479,29,,,0,55,,4476,29,,,0,16,,4480,29,,,0,16,,4481,29,,,0,17,,4482,29,,,0,55,,4483,29,,,0,1,,4484,29,,,0,16,,4485,29,,,0,8,,4508,29,,,0,8,,4486,29,,,0,11,,4487,29,,,0,4,,4488,29,,,0,55,,4489,29,,,0,15,,4490,29,,,0,16,,4491,29,,,0,14,,4492,29,,,0,56,,4493,29,,,0,15,,4495,29,,,0,14,,4496,29,,,0,16,,4497,29,,,0,56,,4494,29,,,0,18,,4498,29,,,0,20,,4500,29,,,0,60,,4501,29,,,0,23,,4499,29,,,0,25,,4502,29,,,0,64,,4503,29,,,0,24,,4504,29,,,0,65,,4505,29,,,0,43,,4506,29,,,0,85,,4442,29,,,0,83,,4441,29,,,0,85,,4443,29,,,0
800,'5105',616,,4543,13,,,0,36,,4524,29,,,0,76,,4533,29,,,0,75,,4542,29,,,0,36,,4523,29,,,0,75,,4535,29,,,0,37,,4541,29,,,0,70,,4509,29,,,0,29,,4520,29,,,0,66,,4526,29,,,0,25,,4537,29,,,0,60,,4545,29,,,0,20,,4514,29,,,0,20,,4522,29,,,0,60,,4544,29,,,0,20,,4527,29,,,0,20,,4540,29,,,0,60,,4548,29,,,0,20,,4511,29,,,0,20,,4519,29,,,0,60,,4546,29,,,0,20,,4528,29,,,0,20,,4536,29,,,0,60,,4549,29,,,0,20,,4512,29,,,0,20,,4521,29,,,0,60,,4550,29,,,0,19,,4529,29,,,0,20,,4539,29,,,0,60,,4551,29,,,0,20,,4513,29,,,0,19,,4517,29,,,0,18,,4547,29,,,0,60,,4525,29,,,0,30,,4538,29,,,0,69,,4516,29,,,0,85,,4531,29,,,0,44,,4518,29,,,0,83,,4532,29,,,0,85,,4515,29,,,0,44,,4530,29,,,0,83,,4510,29,,,0,80,,4534,29,,,0
1000,'5101',755,,4725,33,,,0,87,,4713,33,,,0,86,,4726,33,,,0,85,,4714,33,,,0,46,,4715,33,,,0,85,,4717,33,,,0,85,,4727,33,,,0,85,,4718,33,,,0,45,,4716,33,,,0,85,,4719,33,,,0,85,,4728,33,,,0,85,,4720,33,,,0,45,,4723,33,,,0,85,,4724,33,,,0,82,,4729,33,,,0,85,,4722,33,,,0,44,,4721,33,,,0,85,,4732,33,,,0,82,,4733,33,,,0,85,,4730,33,,,0,45,,4735,33,,,0,85,,4731,33,,,0,85,,4734,33,,,0
1000,'5102',548,,4761,33,,,0,80,,4755,33,,,0,20,,4743,33,,,0,60,,4752,33,,,0,21,,4746,33,,,0,23,,4758,33,,,0,60,,4744,33,,,0,20,,4753,33,,,0,20,,4742,33,,,0,61,,4748,33,,,0,25,,4759,33,,,0,74,,4745,33,,,0,32,,4747,33,,,0,73,,4756,33,,,0,32,,4754,33,,,0,72,,4750,33,,,0,32,,4757,33,,,0,72,,4751,33,,,0,32,,4749,33,,,0,72,,4760,33,,,0,28,,4775,33,,,0,61,,4741,33,,,0,20,,4763,33,,,0,21,,4764,33,,,0,60,,4765,33,,,0,20,,4766,33,,,0,20,,4767,33,,,0,59,,4768,33,,,0,18,,4770,33,,,0,18,,4771,33,,,0,58,,4772,33,,,0,19,,4769,33,,,0,79,,4773,33,,,0,39,,4774,33,,,0,80,,4739,33,,,0,78,,4776,33,,,0,39,,4740,33,,,0,78,,4738,33,,,0,80,,4777,33,,,0,40,,4737,33,,,0,79,,4736,33,,,0,80,,4778,33,,,0
1000,'5105',758,,4800,33,,,0,85,,4787,33,,,0,87,,4788,33,,,0,87,,4782,33,,,0,86,,4781,33,,,0,45,,4789,33,,,0,85,,4790,33,,,0,85,,4783,33,,,0,85,,4796,33,,,0,45,,4797,33,,,0,85,,4794,33,,,0,85,,4799,33,,,0,85,,4792,33,,,0,44,,4786,33,,,0,83,,4801,33,,,0,84,,4791,33,,,0,44,,4779,33,,,0,85,,4795,33,,,0,83,,4784,33,,,0,84,,4780,33,,,0,43,,4798,33,,,0,84,,4785,33,,,0,85,,4793,33,,,0
1100,'5101',802,,4906,39,,,0,104,,4893,39,,,0,101,,4894,39,,,0,101,,4897,39,,,0,100,,4898,39,,,0,101,,4896,39,,,0,99,,4899,39,,,0,100,,4895,39,,,0,101,,4902,39,,,0,100,,4903,39,,,0,99,,4900,39,,,0,98,,4904,39,,,0,99,,4901,39,,,0,99,,4905,39,,,0,99,,4909,39,,,0,99,,4907,39,,,0,99,,4908,39,,,0
1100,'5102',608,,4924,39,,,0,30,,4925,39,,,0,71,,4922,39,,,0,33,,4926,39,,,0,70,,4927,39,,,0,33,,4928,39,,,0,70,,4929,39,,,0,28,,4930,39,,,0,70,,4931,39,,,0,30,,4932,39,,,0,70,,4921,39,,,0,30,,4918,39,,,0,71,,4920,39,,,0,31,,4910,39,,,0,70,,4917,39,,,0,30,,4915,39,,,0,70,,4923,39,,,0,31,,4913,39,,,0,73,,4916,39,,,0,31,,4914,39,,,0,75,,4911,39,,,0,34,,4912,39,,,0,68,,4919,39,,,0,27,,4933,39,,,0,69,,4935,39,,,0,30,,4936,39,,,0,66,,4937,39,,,0,30,,4934,39,,,0,100,,4938,39,,,0,100,,4939,39,,,0,98,,4940,39,,,0,100,,4941,39,,,0
1100,'5105',707,,4964,39,,,0,32,,4965,39,,,0,70,,4947,39,,,0,31,,4944,39,,,0,71,,4945,39,,,0,30,,4948,39,,,0,72,,4949,39,,,0,30,,4946,39,,,0,71,,4943,39,,,0,31,,4950,39,,,0,71,,4951,39,,,0,30,,4952,39,,,0,70,,4953,39,,,0,30,,4954,39,,,0,70,,4956,39,,,0,30,,4957,39,,,0,70,,4958,39,,,0,30,,4955,39,,,0,70,,4959,39,,,0,30,,4961,39,,,0,70,,4962,39,,,0,30,,4960,39,,,0,69,,4963,39,,,0,29,,4966,39,,,0,69,,4967,39,,,0,30,,4968,39,,,0,99,,4969,39,,,0,100,,4970,39,,,0,96,,4971,39,,,0,99,,4972,39,,,0,89,,4973,39,,,0
1400,'5101',841,,5121,41,,,0,105,,5122,41,,,0,100,,5120,41,,,0,100,,5117,41,,,0,100,,5119,41,,,0,100,,5123,41,,,0,100,,5118,41,,,0,100,,5129,41,,,0,100,,5130,41,,,0,100,,5126,41,,,0,95,,5127,41,,,0,100,,5125,41,,,0,100,,5128,41,,,0,100,,5124,41,,,0
1400,'5102',720,,5133,41,,,0,30,,5134,41,,,0,71,,5135,41,,,0,33,,5131,41,,,0,70,,5132,41,,,0,30,,5149,41,,,0,100,,5148,41,,,0,100,,5150,41,,,0,100,,5151,41,,,0,100,,5141,41,,,0,100,,5142,41,,,0,100,,5137,41,,,0,69,,5136,41,,,0,30,,5138,41,,,0,70,,5139,41,,,0,30,,5140,41,,,0,69,,5147,41,,,0,28,,5146,41,,,0,100,,5145,41,,,0,100,,5144,41,,,0,100,,5143,41,,,0
1400,'5105',841,,5164,41,,,0,105,,5165,41,,,0,100,,5161,41,,,0,100,,5162,41,,,0,100,,5160,41,,,0,100,,5163,41,,,0,100,,5159,41,,,0,100,,5152,41,,,0,100,,5153,41,,,0,100,,5155,41,,,0,95,,5156,41,,,0,100,,5154,41,,,0,100,,5157,41,,,0,100,,5158,41,,,0
