2401,'5101',724,,5960,2,,,0,103,,5957,2,,,0,107,,5959,2,,,0,104,,5958,2,,,0,108,,5961,2,,,0,101,,5963,2,,,0,109,,5964,2,,,0,102,,5962,2,,,0,93,,5965,2,,,0,107,,5966,2,,,0,101,,5967,2,,,0,99,,5968,2,,,0
2401,'5102',606,,5969,2,,,0,104,,5970,2,,,0,32,,5971,2,,,0,106,,5972,2,,,0,71,,5973,2,,,0,32,,5974,2,,,0,103,,5977,2,,,0,104,,5975,2,,,0,143,,5976,2,,,0,108,,5978,2,,,0,115,,5979,2,,,0,30,,5981,2,,,0,69,,5982,2,,,0,32,,5980,2,,,0,72,,5983,2,,,0,32,,5984,2,,,0,83,,5986,2,,,0,94,,5985,2,,,0,116,,5987,2,,,0,101,,5988,2,,,0
2401,'5105',819,,5994,2,,,0,100,,5991,2,,,0,98,,5992,2,,,0,111,,5989,2,,,0,104,,5993,2,,,0,107,,5990,2,,,0,89,,5996,2,,,0,123,,5997,2,,,0,94,,5995,2,,,0,102,,6000,2,,,0,105,,5998,2,,,0,105,,6001,2,,,0,145,,5999,2,,,0
2501,'5101',1027,,6021,2,,,0,228,,6022,2,,,0,291,,6023,2,,,0,269,,6024,2,,,0
2501,'5102',715,,6025,2,,,0,94,,6026,2,,,0,91,,6027,2,,,0,134,,6028,2,,,0,171,,6030,2,,,0,137,,6029,2,,,0,112,,6031,2,,,0,100,,6032,2,,,0,95,,6033,2,,,0,91,,6034,2,,,0
2501,'5105',943,,6036,2,,,0,172,,6037,2,,,0,133,,6035,2,,,0,181,,6039,2,,,0,391,,6038,2,,,0
2601,'5101',715,,6073,2,,,0,35,,6072,2,,,0,364,,6074,2,,,0,231,,6075,2,,,0,288,,6076,2,,,0,303,,6077,2,,,0
2601,'5102',610,,6078,2,,,0,37,,6079,2,,,0,75,,6080,2,,,0,79,,6082,2,,,0,36,,6081,2,,,0,120,,6083,2,,,0,166,,6084,2,,,0,134,,6085,2,,,0,176,,6086,2,,,0,77,,6088,2,,,0,35,,6089,2,,,0,79,,6087,2,,,0,35,,6090,2,,,0,82,,6091,2,,,0,72,,6092,2,,,0,108,,6093,2,,,0,134,,6094,2,,,0
2601,'5105',735,,6095,2,,,0,100,,6096,2,,,0,195,,6099,2,,,0,173,,6101,2,,,0,132,,6100,2,,,0,172,,6098,2,,,0,51,,6097,2,,,0,164,,6102,2,,,0,199,,6104,2,,,0,30,,6103,2,,,0,174,,6105,2,,,0
2801,'5102',711,,6112,2,,,0,92,,6113,2,,,0,699,,6114,2,,,0,99,,6115,2,,,0,55,,6116,2,,,0,100,,6117,2,,,0
2900,'5102',639,,6118,29,,,0,70,,6119,29,,,0,30,,6121,29,,,0,76,,6120,29,,,0,31,,6128,29,,,0,674,,6129,29,,,0,36,,6127,29,,,0,69,,6124,29,,,0,30,,6122,29,,,0,75,,6123,29,,,0,75,,6125,29,,,0,109,,6126,29,,,0
