'4795',8801,161400,4,'',0
'4794',9700,71000,,'',0,3000,,'',0,7000,,'',0,3000,,'',0,7000,,'',0,3000,,'',0,7000,,'',0,3000,,'',0,7000,,'',0,3000,,'',0,7000,,'',0,3000,,'',0,7000,,'',0,3000,,'',0,7000,,'',0,3000,,'',0,7000,,'',0,3000,,'',0,7000,,'',0,3000,,'',0,7000,,'',0,3000,,'',0,7000,,'',0,3000,,'',0,7000,,'',0,3000,,'',0,7000,,'',0,3000,,'',0,7000,,'',0,3000,,'',0,7000,,'',0,10000,,'',0
'4794',9701,74900,4,'',0,7000,4,'',0,3100,4,'',0,7100,4,'',0,3100,4,'',0,7100,4,'',0,3200,4,'',0,7000,4,'',0,3000,4,'',0,7000,4,'',0,3000,4,'',0,7000,4,'',0,3000,4,'',0,7100,4,'',0,3000,4,'',0,7000,4,'',0,3000,4,'',0,6900,4,'',0,3000,4,'',0,7000,4,'',0,3000,4,'',0,6800,4,'',0,3000,4,'',0,6900,4,'',0,2900,4,'',0,6900,4,'',0,3000,4,'',0,6900,4,'',0,3000,4,'',0,6900,4,'',0,3000,4,'',0,9900,4,'',0
'4795',9700,62400,,'',0,1500,,'',0,1400,,'',0,5500,,'',0,1400,,'',0,8500,,'',0,1300,,'',0,1500,,'',0,6900,,'',0,1500,,'',0,1500,,'',0,8500,,'',0,1500,,'',0,7000,,'',0,1500,,'',0,1600,,'',0,8800,,'',0,1600,,'',0,7200,,'',0,1500,,'',0,1500,,'',0,8800,,'',0,1500,,'',0,1400,,'',0,7000,,'',0,1500,,'',0,1500,,'',0,6700,0,'Downtown',0,2500,,'',0,6000,,'',0,2000,,'',0,7000,0,'Downtown',0,1000,,'',0,9000,0,'Downtown',0,1200,,'',0,2200,,'',0,16700,,'',0,2200,,'',0,18000,,'',0,14000,,'',0
'4795',9701,63800,4,'',0,2100,4,'',0,5100,4,'',0,9000,4,'',0,800,4,'',0,800,4,'',0,3100,4,'',0,5500,4,'',0,1500,4,'',0,8700,4,'',0,1700,4,'',0,3200,4,'',0,5600,4,'',0,1600,4,'',0,8800,4,'',0,1600,4,'',0,7200,4,'',0,1600,4,'',0,1500,4,'',0,8600,4,'',0,1500,4,'',0,1600,4,'',0,6600,4,'',0,900,4,'',0,1900,4,'',0,9300,4,'',0,1800,4,'',0,5800,4,'',0,3300,4,'',0,5500,4,'',0,4700,4,'',0,5700,4,'',0,1700,4,'',0,3500,4,'',0,9600,4,'',0,6300,4,'',0,13900,4,'',0,17600,4,'',0
'4796',9700,60900,,'',0,12800,,'',0,1500,,'',0,9700,,'',0,10000,,'',0,5500,,'',0,4500,,'',0,10200,,'',0,5600,,'',0,4800,,'',0,10200,,'',0,5600,,'',0,10000,,'',0,10000,,'',0,1800,,'',0,11900,,'',0,8000,,'',0,2000,,'',0,10600,,'',0,6500,,'',0,2000,,'',0,10700,,'',0,6500,,'',0,2500,,'',0,9000,,'',0,2500,,'',0,6500,,'',0,9000,,'',0
'4796',9701,60400,4,'',0,12000,4,'',0,2100,4,'',0,8700,4,'',0,10000,4,'',0,1600,4,'',0,9000,4,'',0,10300,4,'',0,1600,4,'',0,8800,4,'',0,10300,4,'',0,5500,4,'',0,10100,4,'',0,9600,4,'',0,1900,4,'',0,11000,4,'',0,8600,4,'',0,1700,4,'',0,10700,4,'',0,7400,4,'',0,2000,4,'',0,10600,4,'',0,6500,4,'',0,2500,4,'',0,9000,4,'',0,2300,4,'',0,6300,4,'',0,5000,4,'',0,6500,4,'',0,2500,4,'',0
'4799',9700,60900,,'',0,12800,,'',0,1500,,'',0,9700,,'',0,10000,,'',0,5500,,'',0,4500,,'',0,10200,,'',0,5600,,'',0,4800,,'',0,10200,,'',0,5600,,'',0,10000,,'',0,10000,,'',0,1800,,'',0,11900,,'',0,8000,,'',0,2000,,'',0,10600,,'',0,6500,,'',0,2000,,'',0,10700,,'',0,6500,,'',0,2500,,'',0,9000,,'',0,2500,,'',0,6500,,'',0,9000,,'',0,2500,,'',0,2500,,'',0
'4799',9701,60400,4,'',0,12000,4,'',0,2100,4,'',0,8700,4,'',0,10000,4,'',0,1600,4,'',0,9000,4,'',0,10300,4,'',0,1600,4,'',0,8800,4,'',0,10300,4,'',0,5500,4,'',0,10100,4,'',0,9600,4,'',0,1900,4,'',0,11000,4,'',0,8600,4,'',0,1700,4,'',0,10700,4,'',0,7400,4,'',0,2000,4,'',0,10600,4,'',0,6500,4,'',0,2500,4,'',0,9000,4,'',0,2300,4,'',0,6300,4,'',0,5000,4,'',0,6500,4,'',0,2500,4,'',0,8500,4,'',0
'4800',9700,70900,,'',0,3000,,'',0,7000,,'',0,3000,,'',0,6900,,'',0,3000,,'',0,7000,,'',0,3000,,'',0,7000,,'',0,3000,,'',0,7000,,'',0,3000,,'',0,7000,,'',0,3000,,'',0,7000,,'',0,3000,,'',0,7000,,'',0,3000,,'',0,7000,,'',0,3000,,'',0,7000,,'',0,3600,,'',0,7000,,'',0,3000,,'',0,7000,,'',0,3000,,'',0,7000,,'',0,3000,,'',0,7000,,'',0,3000,,'',0,7000,,'',0,3000,,'',0,7000,,'',0,3000,,'',0,7000,,'',0,3000,,'',0,7000,,'',0,3000,,'',0
'4800',9701,72900,4,'',0,9200,4,'',0,3200,4,'',0,7000,4,'',0,3000,4,'',0,7000,4,'',0,3200,4,'',0,7000,4,'',0,3200,4,'',0,7000,4,'',0,3000,4,'',0,7000,4,'',0,3000,4,'',0,7000,4,'',0,3000,4,'',0,7000,4,'',0,3000,4,'',0,7000,4,'',0,3000,4,'',0,6900,4,'',0,3000,4,'',0,7000,4,'',0,3000,4,'',0,6900,4,'',0,3000,4,'',0,6800,4,'',0,3000,4,'',0,7000,4,'',0,3000,4,'',0,7000,4,'',0,3000,4,'',0,6900,4,'',0,2900,4,'',0,7000,4,'',0,3000,4,'',0,7000,4,'',0,3000,4,'',0,7000,4,'',0
