300,'5101',711,,4159,16,,,0,230,,4158,16,,,0,270,,4160,16,,,0,230,,4162,16,,,0,270,,4157,16,,,0,230,,4163,16,,,0,279,,4161,16,,,0
300,'5102',701,,4173,16,,,0,30,,4171,16,,,0,70,,4172,16,,,0,30,,4169,16,,,0,70,,4170,16,,,0,630,,4167,16,,,0,70,,4165,16,,,0,30,,4168,16,,,0,70,,4164,16,,,0,30,,4166,16,,,0,125,,4174,16,,,0,265,,4175,16,,,0,104,,4176,16,,,0
300,'5105',711,,4178,16,,,0,230,,4177,16,,,0,270,,4179,16,,,0,230,,4180,16,,,0,270,,4182,16,,,0,230,,4181,16,,,0,279,,4183,16,,,0
601,'5101',809,,4374,14,,,0,120,,4373,14,,,0,120,,4372,14,,,0,160,,4376,14,,,0,120,,4377,14,,,0,120,,4378,14,,,0,160,,4375,14,,,0,120,,4379,14,,,0
601,'5102',624,,4385,14,,,0,98,,4398,2,,,0,12,,4384,14,,,0,111,,4383,14,,,0,110,,4387,14,,,0,150,,4388,14,,,0,110,,4390,14,,,0,110,,4389,14,,,0,75,,4392,14,,,0,35,,4386,14,,,0,70,,4391,2,,,0,5,,4394,14,,,0,36,,4382,14,,,0,75,,4393,14,,,0,35,,4380,14,,,0,74,,4395,14,,,0,75,,4381,14,,,0,110,,4396,14,,,0,110,,4397,14,,,0
601,'5105',814,,4399,14,,,0,100,,4400,14,,,0,100,,4402,14,,,0,100,,4403,14,,,0,100,,4401,14,,,0,100,,4406,14,,,0,100,,4405,14,,,0,100,,4404,14,,,0,200,,4407,14,,,0
1800,'5101',738,,5283,14,,,0,102,,5276,14,,,0,115,,5275,14,,,0,160,,5274,14,,,0,115,,5273,14,,,0,120,,5272,14,,,0,155,,5271,14,,,0,120,,5277,14,,,0,115,,5278,14,,,0,118,,5279,14,,,0,155,,5280,14,,,0,115,,5281,14,,,0,115,,5282,14,,,0
1800,'5102',619,,5303,14,,,0,106,,5304,14,,,0,27,,5285,14,,,0,66,,5305,14,,,0,29,,5286,14,,,0,68,,5308,14,,,0,27,,5287,14,,,0,80,,5292,14,,,0,80,,5291,14,,,0,40,,5288,14,,,0,80,,5289,14,,,0,80,,5284,14,,,0,40,,5296,14,,,0,80,,5290,14,,,0,28,,5307,14,,,0,67,,5295,14,,,0,29,,5306,14,,,0,68,,5294,14,,,0,30,,5309,14,,,0,66,,5293,14,,,0,30,,5310,14,,,0,70,,5297,14,,,0,95,,5299,14,,,0,37,,5298,14,,,0,80,,5301,14,,,0,83,,5300,14,,,0,115,,5302,14,,,0
1800,'5105',738,,5321,14,,,0,101,,5313,14,,,0,100,,5314,14,,,0,100,,5312,14,,,0,100,,5311,14,,,0,100,,5315,14,,,0,100,,5316,14,,,0,100,,5317,14,,,0,100,,5318,14,,,0,100,,5319,14,,,0,100,,5320,14,,,0,84,,5322,14,,,0,115,,5323,14,,,0,115,,5324,14,,,0,155,,5325,14,,,0,115,,5326,14,,,0,115,,5327,14,,,0
1900,'5101',806,,5388,9,,,0,115,,5387,9,,,0,120,,5386,9,,,0,115,,5385,9,,,0,160,,5384,9,,,0,115,,5383,9,,,0,120,,5389,9,,,0,155,,5390,9,,,0,120,,5392,9,,,0,115,,5391,9,,,0,115,,5393,9,,,0,155,,5394,9,,,0
1900,'5102',711,,5427,9,,,0,20,,5426,9,,,0,20,,5423,9,,,0,60,,5424,9,,,0,20,,5401,9,,,0,20,,5421,9,,,0,61,,5400,9,,,0,35,,5407,9,,,0,75,,5404,9,,,0,35,,5402,9,,,0,75,,5403,9,,,0,75,,5405,9,,,0,35,,5406,9,,,0,75,,5409,9,,,0,35,,5410,9,,,0,75,,5414,9,,,0,21,,5428,2,,,0,2,,5395,9,,,0,57,,5411,9,,,0,20,,5396,9,,,0,20,,5412,9,,,0,60,,5398,9,,,0,20,,5408,9,,,0,20,,5397,9,,,0,60,,5415,9,,,0,20,,5399,9,,,0,20,,5413,9,,,0,75,,5416,9,,,0,35,,5418,9,,,0,74,,5419,9,,,0,75,,5417,9,,,0,35,,5420,9,,,0,100,,5425,9,,,0,110,,5422,9,,,0
1900,'5105',736,,5430,9,,,0,75,,5431,9,,,0,35,,5432,9,,,0,75,,5429,9,,,0,35,,5433,9,,,0,75,,5435,9,,,0,75,,5436,9,,,0,35,,5437,9,,,0,75,,5434,9,,,0,35,,5438,9,,,0,75,,5440,9,,,0,75,,5441,9,,,0,35,,5442,9,,,0,75,,5439,9,,,0,35,,5443,9,,,0,75,,5444,9,,,0,35,,5445,9,,,0,75,,5446,9,,,0,75,,5447,9,,,0,100,,5448,9,,,0,115,,5449,9,,,0,115,,5450,9,,,0,115,,5452,9,,,0,155,,5451,9,,,0
