500,'4327',821,,4213,20,4,,0,101,,4210,20,4,,0,100,,4207,20,4,,0,100,,4209,20,4,,0,100,,4203,20,4,,0,100,,4212,20,4,,0,100,,4211,20,4,,0,100,,4206,20,4,,0,100,,4205,20,4,,0,99,,4200,20,4,,0,100,,4201,20,4,,0,99,,4204,20,4,,0,99,,4202,20,4,,0,99,,4208,20,4,,0
500,'4795',633,,303,20,4,,0,70,,308,20,4,,0,32,,306,20,4,,0,72,,307,20,4,,0,31,,305,20,4,,0,15,,2764,20,4,,0,55,,301,20,4,,0,27,,309,20,4,,0,70,,302,20,4,,0,30,,299,20,4,,0,102,,312,20,4,,0,100,,300,20,4,,0,100,,286,20,4,,0,100,,310,20,4,,0,72,,294,20,4,,0,33,,298,20,4,,0,15,,287,20,4,,0,55,,289,20,4,,0,26,,304,20,4,,0,70,,288,20,4,,0,28,,311,20,4,,0,68,,292,20,4,,0,99,,295,20,4,,0,100,,290,20,4,,0,99,,297,20,4,,0,98,,296,20,4,,0,100,,293,20,4,,0,100,,291,20,4,,0
500,'4800',804,,314,20,4,,0,31,,315,20,4,,0,71,,316,20,4,,0,30,,317,20,4,,0,70,,318,20,4,,0,30,,319,20,4,,0,70,,320,20,4,,0,30,,321,20,4,,0,70,,322,20,4,,0,30,,323,20,4,,0,71,,324,20,4,,0,30,,325,20,4,,0,70,,326,20,4,,0,30,,327,20,4,,0,70,,328,20,4,,0,30,,329,20,4,,0,70,,330,20,4,,0,30,,331,20,4,,0,70,,332,20,4,,0,29,,333,20,4,,0,69,,334,20,4,,0,49,,335,20,4,,0,100,,336,20,4,,0,99,,337,20,4,,0,99,,338,20,4,,0
500,'5102',633,,4230,20,4,,0,70,,4236,20,4,,0,32,,4234,20,4,,0,72,,4235,20,4,,0,31,,4233,20,4,,0,15,,4241,20,4,,0,55,,4229,20,4,,0,27,,4237,20,4,,0,70,,4231,20,4,,0,30,,4227,20,4,,0,102,,4240,20,4,,0,100,,4228,20,4,,0,100,,4214,20,4,,0,100,,4238,20,4,,0,72,,4220,20,4,,0,33,,4226,20,4,,0,9,,4242,15,4,,0,6,,4215,20,4,,0,55,,4217,20,4,,0,26,,4232,20,4,,0,70,,4216,20,4,,0,28,,4239,20,4,,0,68,,4221,20,4,,0,99,,4223,20,4,,0,100,,4218,20,4,,0,99,,4225,20,4,,0,98,,4224,20,4,,0,100,,4222,20,4,,0,100,,4219,20,4,,0
500,'5105',804,,4243,20,4,,0,31,,4244,20,4,,0,71,,4245,20,4,,0,30,,4246,20,4,,0,70,,4247,20,4,,0,30,,4248,20,4,,0,70,,4249,20,4,,0,30,,4250,20,4,,0,70,,4251,20,4,,0,30,,4252,20,4,,0,71,,4253,20,4,,0,30,,4254,20,4,,0,70,,4255,20,4,,0,30,,4256,20,4,,0,70,,4257,20,4,,0,30,,4258,20,4,,0,70,,4259,20,4,,0,30,,4260,20,4,,0,70,,4261,20,4,,0,29,,4262,20,4,,0,69,,4263,20,4,,0,49,,4264,20,4,,0,100,,4265,20,4,,0,99,,4266,20,4,,0,99,,4267,20,4,,0
501,'4327',735,,4281,1,,,0,100,,4269,1,,,0,100,,4271,1,,,0,100,,4270,1,,,0,100,,4272,1,,,0,100,,4273,1,,,0,100,,4274,1,,,0,100,,4275,1,,,0,100,,4276,1,,,0,100,,4279,1,,,0,100,,4280,1,,,0,100,,4277,1,,,0,100,,4278,1,,,0,100,,4268,1,,,0
501,'4795',615,,374,1,,,0,30,,356,1,,,0,70,,373,1,,,0,30,,371,1,,,0,10,,381,1,,,0,60,,370,1,,,0,5,,353,1,0,7 8,0,25,,367,1,,,0,70,,369,1,,,0,30,,379,1,,,0,100,,376,1,,,0,100,,354,1,,,0,100,,372,1,,,0,100,,355,1,,,0,70,,360,1,,,0,30,,368,1,,,0,57,,380,1,,,0,16,,357,1,,,0,30,,378,1,,,0,70,,358,1,,,0,29,,377,1,,,0,69,,363,1,,,0,29,,375,1,,,0,70,,365,1,,,0,100,,362,1,,,0,100,,359,1,,,0,100,,364,1,,,0,100,,361,1,,,0,100,,366,1,,,0
501,'4800',720,,382,1,,,0,30,,383,1,,,0,70,,384,1,,,0,30,,385,1,,,0,70,,386,1,,,0,30,,387,1,,,0,70,,388,1,,,0,30,,389,1,,,0,70,,390,1,,,0,30,,391,1,,,0,70,,392,1,,,0,30,,393,1,,,0,70,,394,1,,,0,30,,395,1,,,0,70,,396,1,,,0,30,,397,1,,,0,70,,398,1,,,0,30,,399,1,,,0,70,,400,1,,,0,30,,401,1,,,0,70,,402,1,,,0,90,,403,1,,,0,100,,404,1,,,0,100,,405,1,,,0,100,,406,1,,,0,98,,407,1,,,0
501,'5102',615,,4303,1,,,0,30,,4285,1,,,0,70,,4302,1,,,0,30,,4300,1,,,0,10,,4310,1,,,0,60,,4299,1,,,0,5,,4282,1,0,7 8,0,25,,4296,1,,,0,70,,4298,1,,,0,30,,4308,1,,,0,100,,4305,1,,,0,100,,4283,1,,,0,100,,4301,1,,,0,100,,4284,1,,,0,70,,4289,1,,,0,30,,4297,1,,,0,57,,4309,1,,,0,16,,4286,1,,,0,30,,4307,1,,,0,70,,4287,1,,,0,29,,4306,1,,,0,69,,4292,1,,,0,29,,4304,1,,,0,70,,4294,1,,,0,100,,4291,1,,,0,100,,4288,1,,,0,100,,4293,1,,,0,100,,4290,1,,,0,100,,4295,1,,,0
501,'5105',720,,4311,1,,,0,30,,4312,1,,,0,70,,4313,1,,,0,30,,4314,1,,,0,70,,4315,1,,,0,30,,4316,1,,,0,70,,4317,1,,,0,30,,4318,1,,,0,70,,4319,1,,,0,30,,4320,1,,,0,70,,4321,1,,,0,30,,4322,1,,,0,70,,4323,1,,,0,30,,4324,1,,,0,70,,4325,1,,,0,30,,4326,1,,,0,70,,4327,1,,,0,30,,4328,1,,,0,70,,4329,1,,,0,30,,4330,1,,,0,70,,4331,1,,,0,90,,4332,1,,,0,100,,4333,1,,,0,100,,4334,1,,,0,100,,4335,1,,,0,98,,4336,1,,,0
