2000,'4327',804,,5529,30,4,,0,103,,5525,30,4,,0,104,,5527,30,4,,0,107,,5526,30,4,,0,109,,5528,30,4,,0,101,,5532,30,4,,0,109,,5533,30,4,,0,93,,5530,30,4,,0,101,,5531,30,4,,0,111,,5534,30,4,,0,100,,5536,30,4,,0,97,,5535,30,4,,0
2000,'4795',646,,1649,30,4,,0,104,,1650,30,4,,0,75,,1651,30,4,,0,101,,1652,30,4,,0,104,,3454,30,4,,0,104,,1654,30,4,,0,104,,3455,30,4,,0,101,,1655,30,4,,0,110,,3456,30,4,,0,79,,1661,30,4,,0,73,,1658,30,4,,0,34,,1660,30,4,,0,69,,1659,30,4,,0,31,,1662,30,4,,0,72,,1663,30,4,,0,115,,3457,30,4,,0,93,,1664,30,4,,0,116,,3458,30,4,,0,101,,1667,30,4,,0
2000,'4800',810,,1673,30,4,,0,100,,1674,30,4,,0,48,,1668,30,4,,0,144,,1671,30,4,,0,106,,1670,30,4,,0,104,,1672,30,4,,0,107,,1669,30,4,,0,124,,1676,30,4,,0,91,,1675,30,4,,0,193,,1679,30,4,,0,104,,1678,30,4,,0,105,,1680,30,4,,0,105,,1677,30,4,,0
2000,'5102',646,,5537,30,4,,0,104,,5538,30,4,,0,75,,5539,30,4,,0,101,,5540,30,4,,0,104,,5541,30,4,,0,104,,5542,30,4,,0,104,,5544,30,4,,0,101,,5543,30,4,,0,110,,5545,30,4,,0,79,,5549,30,4,,0,73,,5546,30,4,,0,34,,5548,30,4,,0,69,,5547,30,4,,0,31,,5550,30,4,,0,72,,5551,30,4,,0,115,,5553,30,4,,0,93,,5552,30,4,,0,116,,5554,30,4,,0,101,,5555,30,4,,0
2000,'5105',810,,5561,30,4,,0,100,,5562,30,4,,0,48,,5556,30,4,,0,144,,5559,30,4,,0,106,,5558,30,4,,0,104,,5560,30,4,,0,107,,5557,30,4,,0,124,,5564,30,4,,0,91,,5563,30,4,,0,193,,5567,30,4,,0,104,,5566,30,4,,0,105,,5568,30,4,,0,105,,5565,30,4,,0
2001,'4327',812,,5572,1,,,0,101,,5569,1,,,0,109,,5571,1,,,0,103,,5570,1,,,0,108,,5575,1,,,0,102,,5574,1,,,0,108,,5576,1,,,0,98,,5573,1,,,0,101,,5577,1,,,0,103,,5578,1,,,0,101,,5579,1,,,0
2001,'4795',621,,1692,1,,,0,32,,1693,1,,,0,104,,1695,1,,,0,72,,1694,1,,,0,30,,3459,1,,,0,74,,1696,1,,,0,104,,3460,1,,,0,102,,1699,1,,,0,106,,3461,1,,,0,104,,1701,1,,,0,151,,3462,1,,,0,37,,1702,1,,,0,69,,1703,1,,,0,32,,1705,1,,,0,72,,1707,1,,,0,32,,1706,1,,,0,72,,1708,1,,,0,119,,3463,1,,,0,90,,1710,1,,,0,116,,3464,1,,,0,116,,3465,1,,,0
2001,'4800',643,,1718,1,,,0,103,,1719,1,,,0,154,,1713,1,,,0,106,,1717,1,,,0,103,,1714,1,,,0,106,,1716,1,,,0,103,,1715,1,,,0,100,,1721,1,,,0,94,,1720,1,,,0,120,,1722,1,,,0,90,,1725,1,,,0,107,,1726,1,,,0,110,,1723,1,,,0,109,,1727,1,,,0,100,,1724,1,,,0
2001,'5102',621,,5580,1,,,0,32,,5581,1,,,0,104,,5583,1,,,0,72,,5582,1,,,0,30,,5585,1,,,0,74,,5584,1,,,0,104,,5586,1,,,0,102,,5587,1,,,0,106,,5588,1,,,0,104,,5589,1,,,0,151,,5592,1,,,0,37,,5590,1,,,0,69,,5591,1,,,0,32,,5593,1,,,0,72,,5595,1,,,0,32,,5594,1,,,0,72,,5596,1,,,0,119,,5597,1,,,0,90,,5598,1,,,0,116,,5599,1,,,0,116,,5600,1,,,0
2001,'5105',643,,5606,1,,,0,103,,5607,1,,,0,154,,5601,1,,,0,106,,5605,1,,,0,103,,5602,1,,,0,106,,5604,1,,,0,103,,5603,1,,,0,100,,5609,1,,,0,94,,5608,1,,,0,120,,5610,1,,,0,90,,5613,1,,,0,107,,5614,1,,,0,110,,5611,1,,,0,109,,5615,1,,,0,100,,5612,1,,,0
