601,'4327',803,,4374,4,,,0,120,,4373,4,,,0,120,,4372,4,,,0,160,,4376,4,,,0,120,,4377,4,,,0,120,,4378,4,,,0,160,,4375,4,,,0,120,,4379,4,,,0
601,'4795',618,,459,4,,,0,35,,2769,4,,,0,75,,458,4,,,0,75,,2770,4,,,0,35,,457,4,,,0,75,,2771,4,,,0,35,,462,4,,,0,110,,461,4,,,0,150,,464,4,,,0,110,,463,4,,,0,35,,469,4,,,0,75,,460,4,,,0,75,,471,4,,,0,35,,456,4,,,0,75,,470,4,,,0,35,,454,4,,,0,75,,472,4,,,0,35,,455,4,,,0,150,,473,4,,,0,110,,474,4,,,0,210,,2773,4,,,0
601,'4800',808,,2774,4,,,0,100,,478,4,,,0,100,,480,4,,,0,100,,2775,4,,,0,100,,479,4,,,0,100,,484,4,,,0,100,,483,4,,,0,100,,482,4,,,0,200,,485,4,,,0
601,'5102',618,,4385,4,,,0,110,,4384,4,,,0,110,,4383,4,,,0,110,,4387,4,,,0,110,,4388,4,,,0,150,,4390,4,,,0,110,,4389,4,,,0,35,,4392,4,,,0,75,,4386,4,,,0,75,,4394,4,,,0,35,,4382,4,,,0,75,,4393,4,,,0,35,,4380,4,,,0,75,,4395,4,,,0,35,,4381,4,,,0,150,,4396,4,,,0,110,,4397,4,,,0
601,'5105',808,,4399,4,,,0,100,,4400,4,,,0,100,,4402,4,,,0,100,,4403,4,,,0,100,,4401,4,,,0,100,,4406,4,,,0,100,,4405,4,,,0,100,,4404,4,,,0,200,,4407,4,,,0
1800,'4327',732,,5283,4,,,0,102,,5276,4,,,0,115,,5275,4,,,0,160,,5274,4,,,0,115,,5273,4,,,0,120,,5272,4,,,0,115,,5271,4,,,0,160,,5277,4,,,0,115,,5278,4,,,0,118,,5279,4,,,0,155,,5280,4,,,0,115,,5281,4,,,0,115,,5282,4,,,0
1800,'4795',613,,3424,4,,,0,106,,1418,4,,,0,26,,1399,4,,,0,66,,1419,4,,,0,29,,1400,4,,,0,68,,1422,4,,,0,27,,1401,4,,,0,80,,1405,4,,,0,40,,1404,4,,,0,80,,1402,4,,,0,80,,1403,4,,,0,40,,1398,4,,,0,80,,1409,4,,,0,80,,1407,4,,,0,28,,1421,4,,,0,67,,1410,4,,,0,28,,1420,4,,,0,68,,1408,4,,,0,30,,1423,4,,,0,67,,1406,4,,,0,30,,1424,4,,,0,70,,1411,4,,,0,55,,1413,4,,,0,77,,1412,4,,,0,80,,1414,4,,,0,43,,1415,4,,,0,155,,1416,4,,,0
1800,'4800',732,,3427,4,,,0,101,,1427,4,,,0,100,,1428,4,,,0,100,,3425,4,,,0,100,,1425,4,,,0,100,,1429,4,,,0,100,,1430,4,,,0,100,,1431,4,,,0,100,,1432,4,,,0,100,,1433,4,,,0,100,,3426,4,,,0,84,,3428,4,,,0,115,,3429,4,,,0,115,,3430,4,,,0,155,,3431,4,,,0,115,,3432,4,,,0,115,,3433,4,,,0
1800,'5102',613,,5303,4,,,0,106,,5304,4,,,0,26,,5285,4,,,0,66,,5305,4,,,0,29,,5286,4,,,0,68,,5308,4,,,0,27,,5287,4,,,0,80,,5292,4,,,0,40,,5291,4,,,0,80,,5288,4,,,0,80,,5289,4,,,0,40,,5284,4,,,0,80,,5296,4,,,0,80,,5290,4,,,0,28,,5307,4,,,0,67,,5295,4,,,0,28,,5306,4,,,0,68,,5294,4,,,0,30,,5309,4,,,0,67,,5293,4,,,0,30,,5310,4,,,0,70,,5297,4,,,0,55,,5299,4,,,0,77,,5298,4,,,0,80,,5301,4,,,0,43,,5300,4,,,0,155,,5302,4,,,0
1800,'5105',732,,5321,4,,,0,101,,5313,4,,,0,100,,5314,4,,,0,100,,5312,4,,,0,100,,5311,4,,,0,100,,5315,4,,,0,100,,5316,4,,,0,100,,5317,4,,,0,100,,5318,4,,,0,100,,5319,4,,,0,100,,5320,4,,,0,84,,5322,4,,,0,115,,5323,4,,,0,115,,5324,4,,,0,155,,5325,4,,,0,115,,5326,4,,,0,115,,5327,4,,,0
