801,'4794',636,,3110,,,0,77,,3111,,,0,35,,3112,,,0,76,,3113,,,0,77,,3114,,,0,35,,3115,,,0,75,,3116,,,0,36,,3117,,,0,75,,3119,,,0,30,,3120,,,0,71,,3121,,,0,30,,3118,,,0,70,,3124,,,0,30,,3125,,,0,70,,3122,,,0,30,,3123,,,0,70,,3126,,,0,30,,3127,,,0,69,,3128,,,0,30,,3130,,,0,69,,3131,,,0,30,,3132,,,0,69,,3129,,,0,29,,3133,,,0,69,,3134,,,0,29,,3135,,,0,69,,3136,,,0,85,,3137,,,0,44,,3138,,,0,85,,3139,,,0,85,,3108,,,0,85,,3109,,,0
801,'4795',1508,,696,,,0,43,,699,,,0
801,'4800',636,,3165,,,0,80,,3172,,,0,35,,3154,,,0,75,,3161,,,0,76,,3171,,,0,36,,3153,,,0,75,,3164,,,0,35,,3170,,,0,70,,3143,,,0,30,,3152,,,0,65,,3158,,,0,25,,3169,,,0,65,,3175,,,0,20,,3141,,,0,20,,3151,,,0,60,,3176,,,0,20,,3157,,,0,20,,3167,,,0,60,,3177,,,0,20,,3140,,,0,20,,3149,,,0,60,,3174,,,0,19,,3155,,,0,20,,3166,,,0,60,,3178,,,0,20,,3142,,,0,20,,3150,,,0,59,,3179,,,0,20,,3156,,,0,20,,3168,,,0,59,,3173,,,0,19,,3144,,,0,29,,3146,,,0,69,,3159,,,0,84,,3145,,,0,45,,3162,,,0,84,,3147,,,0,85,,3160,,,0,44,,3148,,,0,85,,3163,,,0
801,'4960',614,,661,,,0,40,,662,,,0,52,,663,,,0,17,,664,,,0,7,,665,,,0,16,,666,,,0,55,,667,,,0,15,,668,,,0,15,,669,,,0,15,,670,,,0,55,,671,,,0,14,,672,,,0,15,,673,,,0,15,,674,,,0,55,,675,,,0,15,,676,,,0,15,,677,,,0,15,,678,,,0,55,,679,,,0,15,,680,,,0,15,,681,,,0,15,,682,,,0,55,,683,,,0,15,,684,,,0,15,,685,,,0,15,,686,,,0,55,,687,,,0,15,,688,,,0,15,,689,,,0,15,,690,,,0,55,,691,,,0,15,,692,,,0,15,,693,,,0,16,,694,,,0,56,,695,,,0,16,,697,,,0,17,,698,,,0,19,,700,,,0,56,,701,,,0,14,,702,,,0,14,,703,,,0,16,,704,,,0,56,,705,,,0,16,,706,,,0,14,,707,,,0,14,,708,,,0,55,,709,,,0,16,,710,,,0,14,,711,,,0,15,,712,,,0,56,,713,,,0,17,,714,,,0,18,,715,,,0,65,,716,,,0,26,,717,,,0,64,,718,,,0,24,,719,,,0,25,,720,,,0,63,,721,,,0,45,,722,,,0,84,,723,,,0,84,,724,,,0,85,,725,,,0
801,'4961',614,,3180,,,0,40,,3181,,,0,52,,3182,,,0,17,,3183,,,0,7,,3184,,,0,16,,3185,,,0,55,,3186,,,0,15,,3187,,,0,15,,3188,,,0,15,,3189,,,0,55,,3190,,,0,14,,3191,,,0,15,,3192,,,0,15,,3193,,,0,55,,3194,,,0,15,,3195,,,0,15,,3196,,,0,15,,3197,,,0,55,,3198,,,0,15,,3199,,,0,15,,3200,,,0,15,,3201,,,0,55,,3202,,,0,15,,3203,,,0,15,,3204,,,0,15,,3205,,,0,55,,3206,,,0,15,,3207,,,0,15,,3208,,,0,15,,3209,,,0,55,,3210,,,0,15,,3211,,,0,15,,3212,,,0,16,,3213,,,0,56,,3214,,,0,16,,3215,,,0,17,,3216,,,0,19,,3217,,,0,56,,3218,,,0,14,,3219,,,0,14,,3220,,,0,16,,3221,,,0,56,,3222,,,0,16,,3223,,,0,14,,3224,,,0,14,,3225,,,0,55,,3226,,,0,16,,3227,,,0,14,,3228,,,0,15,,3229,,,0,56,,3230,,,0,17,,3231,,,0,18,,3232,,,0,65,,3233,,,0,26,,3234,,,0,64,,3235,,,0,24,,3236,,,0,25,,3237,,,0,63,,3238,,,0,45,,3239,,,0,84,,3240,,,0,84,,3241,,,0,85,,3242,,,0
1101,'4794',803,,1066,,,0,104,,1069,,,0,101,,1053,,,0,100,,1056,,,0,100,,1060,,,0,100,,1054,,,0,100,,1055,,,0,100,,1058,,,0,100,,1057,,,0,98,,1063,,,0,100,,1061,,,0,99,,1059,,,0,99,,1062,,,0,99,,1064,,,0,100,,1065,,,0,97,,1067,,,0,100,,1068,,,0
1101,'4795',603,,1084,,,0,31,,1087,,,0,72,,1080,,,0,33,,1078,,,0,72,,1074,,,0,32,,1088,,,0,69,,1079,,,0,30,,1075,,,0,70,,1089,,,0,99,,1083,,,0,30,,1092,,,0,70,,1071,,,0,100,,1076,,,0,30,,1090,,,0,70,,1081,,,0,104,,1091,,,0,32,,1072,,,0,68,,1085,,,0,108,,1086,,,0,28,,1093,,,0,69,,1094,,,0,97,,1096,,,0,28,,1097,,,0,70,,1103,,,0,130,,1099,,,0,197,,1101,,,0
1101,'4800',734,,1109,,,0,70,,1106,,,0,33,,1107,,,0,70,,1104,,,0,31,,1111,,,0,70,,1113,,,0,30,,1115,,,0,72,,1108,,,0,30,,1105,,,0,70,,1112,,,0,30,,1116,,,0,70,,1110,,,0,32,,1117,,,0,70,,1118,,,0,30,,1119,,,0,70,,1120,,,0,30,,1114,,,0,69,,1121,,,0,29,,1122,,,0,68,,1124,,,0,30,,1125,,,0,70,,1126,,,0,28,,1123,,,0,70,,1127,,,0,30,,1128,,,0,100,,1129,,,0,100,,1130,,,0,98,,1131,,,0,97,,1132,,,0,99,,1133,,,0
1101,'4960',1041,,1073,,,0,200,,1082,,,0,201,,1077,,,0,207,,1070,,,0,198,,1095,,,0,198,,1098,,,0,197,,1100,,,0
1101,'4961',1041,,3254,,,0,200,,3256,,,0,201,,3255,,,0,207,,3253,,,0,198,,3257,,,0,198,,3258,,,0,197,,3259,,,0
