601,'4327',829,,4374,26,4,,0,120,,4373,26,4,,0,160,,4372,26,4,,0,120,,4376,26,4,,0,120,,4377,26,4,,0,160,,4378,26,4,,0,120,,4375,26,4,,0,120,,4379,26,4,,0
601,'4795',642,,459,26,4,,0,75,,2769,26,4,,0,23,,2772,14,4,,0,13,,458,26,4,,0,76,,2770,26,4,,0,75,,457,26,4,,0,35,,2771,26,4,,0,75,,462,26,4,,0,110,,461,26,4,,0,110,,464,26,4,,0,110,,463,26,4,,0,75,,469,26,4,,0,35,,460,26,4,,0,70,,465,14,4,,0,5,,471,26,4,,0,76,,456,26,4,,0,35,,470,26,4,,0,75,,454,26,4,,0,34,,472,26,4,,0,75,,455,26,4,,0,110,,473,26,4,,0,110,,474,26,4,,0,209,,2773,26,4,,0
601,'4800',834,,2774,26,4,,0,100,,478,26,4,,0,100,,480,26,4,,0,100,,2775,26,4,,0,100,,479,26,4,,0,100,,484,26,4,,0,100,,483,26,4,,0,100,,482,26,4,,0,200,,485,26,4,,0
601,'5102',642,,4385,26,4,,0,98,,4398,14,4,,0,13,,4384,26,4,,0,151,,4383,26,4,,0,110,,4387,26,4,,0,110,,4388,26,4,,0,110,,4390,26,4,,0,110,,4389,26,4,,0,75,,4392,26,4,,0,35,,4386,26,4,,0,70,,4391,14,4,,0,5,,4394,26,4,,0,76,,4382,26,4,,0,35,,4393,26,4,,0,75,,4380,26,4,,0,34,,4395,26,4,,0,75,,4381,26,4,,0,110,,4396,26,4,,0,110,,4397,26,4,,0
601,'5105',834,,4399,26,4,,0,100,,4400,26,4,,0,100,,4402,26,4,,0,100,,4403,26,4,,0,100,,4401,26,4,,0,100,,4406,26,4,,0,100,,4405,26,4,,0,100,,4404,26,4,,0,200,,4407,26,4,,0
2301,'4327',842,,5839,9,4,,0,95,,5836,9,4,,0,95,,5832,9,4,,0,95,,5840,9,4,,0,95,,5833,9,4,,0,180,,5838,9,4,,0,55,,5829,9,4,,0,95,,5828,9,4,,0,95,,5835,9,4,,0,90,,5831,9,4,,0,94,,5841,9,4,,0,94,,5837,9,4,,0,95,,5834,9,4,,0,125,,5830,9,4,,0,98,,5827,9,4,,0
2301,'4800',747,,1997,9,4,,0,71,,2002,9,4,,0,32,,2003,9,4,,0,66,,2004,9,4,,0,188,,3555,9,4,,0,97,,3557,9,4,,0,27,,3559,9,4,,0,30,,3560,9,4,,0,70,,3562,9,4,,0,100,,3553,9,4,,0,80,,3565,9,4,,0,20,,3564,9,4,,0,180,,3558,9,4,,0,95,,3566,9,4,,0,135,,1998,9,4,,0,195,,2017,9,4,,0,112,,2018,9,4,,0,108,,1999,9,4,,0,150,,3567,9,4,,0
2301,'5105',747,,5885,9,4,,0,71,,5890,9,4,,0,32,,5891,9,4,,0,66,,5892,9,4,,0,188,,5895,9,4,,0,97,,5897,9,4,,0,27,,5899,9,4,,0,30,,5900,9,4,,0,70,,5903,9,4,,0,100,,5884,9,4,,0,80,,5909,9,4,,0,20,,5908,9,4,,0,180,,5898,9,4,,0,95,,5910,9,4,,0,135,,5886,9,4,,0,195,,5905,9,4,,0,112,,5906,9,4,,0,108,,5887,9,4,,0,150,,5911,9,4,,0
8400,'4795',650,,2270,8,4,,0,70,,2266,8,4,,0,30,,2269,8,4,,0,70,,2267,8,4,,0,30,,2268,8,4,,0,70,,2271,8,4,,0,115,,2272,8,4,,0,390,,2261,8,4,,0,125,,2260,8,4,,0,70,,2265,8,4,,0,30,,2263,8,4,,0,70,,2262,8,4,,0,30,,2264,8,4,,0,275,,3589,8,4,,0,200,,3588,8,4,,0,100,,3587,8,4,,0,185,,3586,8,4,,0
8400,'5102',815,,6144,8,4,,0,90,,6145,8,4,,0,430,,6148,8,4,,0,270,,6147,8,4,,0,50,,6146,8,4,,0
