300,'4327',721,,4159,31,,,0,230,,4158,31,,,0,270,,4160,31,,,0,230,,4162,31,,,0,270,,4157,31,,,0,230,,4163,31,,,0,279,,4161,31,,,0
300,'4795',711,,239,31,,,0,30,,236,31,,,0,70,,237,31,,,0,30,,238,31,,,0,70,,235,31,,,0,630,,233,31,,,0,70,,230,31,,,0,30,,234,31,,,0,70,,231,31,,,0,30,,232,31,,,0,165,,241,31,,,0,225,,240,31,,,0,104,,2763,31,,,0
300,'4800',721,,244,31,,,0,230,,243,31,,,0,270,,245,31,,,0,230,,246,31,,,0,270,,248,31,,,0,230,,247,31,,,0,279,,249,31,,,0
300,'5102',711,,4173,31,,,0,30,,4171,31,,,0,70,,4172,31,,,0,30,,4169,31,,,0,70,,4170,31,,,0,630,,4167,31,,,0,70,,4165,31,,,0,30,,4168,31,,,0,70,,4164,31,,,0,30,,4166,31,,,0,165,,4174,31,,,0,225,,4175,31,,,0,104,,4176,31,,,0
300,'5105',721,,4178,31,,,0,230,,4177,31,,,0,270,,4179,31,,,0,230,,4180,31,,,0,270,,4182,31,,,0,230,,4181,31,,,0,279,,4183,31,,,0
1001,'4327',740,,4802,16,,,0,85,,4808,16,,,0,87,,4815,16,,,0,45,,4805,16,,,0,86,,4803,16,,,0,86,,4804,16,,,0,85,,4816,16,,,0,45,,4807,16,,,0,85,,4806,16,,,0,85,,4813,16,,,0,85,,4817,16,,,0,45,,4809,16,,,0,85,,4814,16,,,0,85,,4811,16,,,0,83,,4818,16,,,0,45,,4812,16,,,0,84,,4810,16,,,0,85,,4822,16,,,0,84,,4821,16,,,0,45,,4823,16,,,0,85,,4820,16,,,0,85,,4824,16,,,0,85,,4819,16,,,0
1001,'4795',533,,3149,16,,,0,20,,3172,16,,,0,60,,3150,16,,,0,20,,3151,16,,,0,20,,3152,16,,,0,60,,3153,16,,,0,16,,3154,16,,,0,15,,3155,16,,,0,61,,3156,16,,,0,20,,3157,16,,,0,20,,3158,16,,,0,60,,3159,16,,,0,20,,3160,16,,,0,20,,3161,16,,,0,68,,3162,16,,,0,32,,3173,16,,,0,72,,3163,16,,,0,32,,3164,16,,,0,72,,3165,16,,,0,32,,3166,16,,,0,72,,3167,16,,,0,32,,3174,16,,,0,72,,3168,16,,,0,30,,3182,16,,,0,68,,943,16,,,0,21,,3169,16,,,0,60,,3175,16,,,0,20,,3176,16,,,0,20,,3177,16,,,0,60,,937,16,,,0,19,,3178,16,,,0,19,,3179,16,,,0,60,,3180,16,,,0,20,,3181,16,,,0,29,,3186,16,,,0,80,,3187,16,,,0,80,,3183,16,,,0,39,,3170,16,,,0,80,,3171,16,,,0,80,,3184,16,,,0,40,,3148,16,,,0,80,,3145,16,,,0,80,,3185,16,,,0,40,,3146,16,,,0,73,,3147,16,0,5 6,0
1001,'4800',742,,3191,16,,,0,85,,3189,16,,,0,86,,3190,16,,,0,45,,3205,16,,,0,87,,3197,16,,,0,87,,3203,16,,,0,85,,3201,16,,,0,85,,3210,16,,,0,45,,3194,16,,,0,85,,3206,16,,,0,85,,3200,16,,,0,84,,3198,16,,,0,45,,3188,16,,,0,85,,3193,16,,,0,83,,3202,16,,,0,45,,3199,16,,,0,83,,3208,16,,,0,85,,3192,16,,,0,84,,3196,16,,,0,45,,3204,16,,,0,85,,3195,16,,,0,85,,3207,16,,,0,85,,3209,16,,,0
1001,'5102',533,,4829,16,,,0,20,,4852,16,,,0,60,,4830,16,,,0,20,,4831,16,,,0,20,,4832,16,,,0,60,,4833,16,,,0,16,,4834,16,,,0,15,,4835,16,,,0,61,,4836,16,,,0,20,,4837,16,,,0,20,,4838,16,,,0,60,,4839,16,,,0,20,,4840,16,,,0,20,,4841,16,,,0,68,,4843,16,,,0,32,,4853,16,,,0,72,,4844,16,,,0,32,,4845,16,,,0,72,,4842,16,,,0,32,,4846,16,,,0,72,,4848,16,,,0,32,,4854,16,,,0,72,,4849,16,,,0,30,,4864,16,,,0,68,,4865,16,,,0,21,,4850,16,,,0,60,,4855,16,,,0,20,,4856,16,,,0,20,,4857,16,,,0,60,,4858,16,,,0,19,,4859,16,,,0,19,,4860,16,,,0,60,,4861,16,,,0,20,,4862,16,,,0,29,,4868,16,,,0,80,,4869,16,,,0,80,,4866,16,,,0,39,,4847,16,,,0,80,,4851,16,,,0,80,,4863,16,,,0,40,,4828,16,,,0,80,,4825,16,,,0,80,,4867,16,,,0,40,,4826,16,,,0,73,,4827,16,0,5 6,0
1001,'5105',742,,4873,16,,,0,85,,4871,16,,,0,86,,4872,16,,,0,45,,4887,16,,,0,87,,4879,16,,,0,87,,4885,16,,,0,85,,4883,16,,,0,85,,4892,16,,,0,45,,4876,16,,,0,85,,4888,16,,,0,85,,4882,16,,,0,84,,4880,16,,,0,45,,4870,16,,,0,85,,4875,16,,,0,83,,4884,16,,,0,45,,4881,16,,,0,83,,4890,16,,,0,85,,4874,16,,,0,84,,4878,16,,,0,45,,4886,16,,,0,85,,4877,16,,,0,85,,4889,16,,,0,85,,4891,16,,,0
