2101,'4327',732,,5616,1,,,0,23,,5616,37,4,,0,82,,5619,1,,,0,64,,5619,37,4,,0,36,,5617,1,,,0,64,,5617,37,4,,0,49,,5618,1,,,0,64,,5618,37,4,,0,38,,5621,1,,,0,64,,5621,37,4,,0,84,,5622,1,,,0,24,,5622,37,4,,0,79,,5620,1,,,0,24,,5620,37,4,,0,28,,5623,1,,,0,64,,5623,37,4,,0,86,,5624,1,,,0,24,,5624,37,4,,0,76,,5625,1,,,0,24,,5625,37,4,,0,80,,5626,1,,,0,24,,5626,37,4,,0
2101,'4795',549,,1739,1,,,0,65,,1739,37,4,,0,6,,1740,1,,,0,25,,1740,37,4,,0,7,,1741,1,,,0,65,,1741,37,4,,0,4,,1742,1,,,0,25,,1742,37,4,,0,56,,1743,1,,,0,30,,1743,37,4,,0,2,,1744,1,,,0,68,,1744,37,4,,0,2,,1745,1,,,0,26,,1745,37,4,,0,29,,1746,1,,,0,66,,1746,37,4,,0,79,,3467,1,,,0,26,,3467,37,4,,0,79,,1749,1,,,0,26,,1749,37,4,,0,78,,3466,1,,,0,26,,3466,37,4,,0,84,,1750,1,,,0,28,,1750,37,4,,0,57,,1761,1,,,0,2,,3469,1,,,0,23,,3470,1,,,0,5,,1761,37,4,,0,2,,3469,37,4,,0,60,,3470,37,4,,0,5,,3471,1,,,0,27,,3471,37,4,,0,7,,3468,1,,,0,66,,3468,37,4,,0,7,,3472,1,,,0,26,,3472,37,4,,0,9,,3473,1,,,0,66,,3473,37,4,,0,34,,1757,1,,,0,65,,1757,37,4,,0,90,,3474,1,,,0,25,,3474,37,4,,0,73,,1759,1,,,0,23,,1759,37,4,,0,82,,3475,1,,,0,23,,3475,37,4,,0
2101,'4800',630,,1765,1,,,0,24,,1765,37,4,,0,49,,1762,1,,,0,24,,1762,37,4,,0,9,,1766,1,,,0,64,,1766,37,4,,0,9,,1764,1,,,0,24,,1764,37,4,,0,5,,1767,1,,,0,64,,1767,37,4,,0,25,,1772,1,,,0,24,,1772,37,4,,0,82,,1771,1,,,0,25,,1771,37,4,,0,79,,1773,1,,,0,65,,1773,37,4,,0,41,,1775,1,,,0,65,,1775,37,4,,0,38,,1774,1,,,0,65,,1774,37,4,,0,44,,1768,1,,,0,65,,1768,37,4,,0,5,,1769,1,,,0,24,,1769,37,4,,0,9,,1770,1,,,0,64,,1770,37,4,,0,9,,1763,1,,,0,24,,1763,37,4,,0,68,,1780,1,,,0,24,,1780,37,4,,0,10,,1777,1,,,0,64,,1777,37,4,,0,81,,1778,1,,,0,24,,1778,37,4,,0,81,,1776,1,,,0,24,,1776,37,4,,0,80,,1779,1,,,0,24,,1779,37,4,,0,79,,1781,1,,,0,23,,1781,37,4,,0
2101,'5102',549,,5627,1,,,0,65,,5627,37,4,,0,6,,5628,1,,,0,25,,5628,37,4,,0,7,,5629,1,,,0,65,,5629,37,4,,0,4,,5630,1,,,0,25,,5630,37,4,,0,56,,5631,1,,,0,30,,5631,37,4,,0,2,,5632,1,,,0,68,,5632,37,4,,0,2,,5633,1,,,0,26,,5633,37,4,,0,29,,5634,1,,,0,66,,5634,37,4,,0,79,,5636,1,,,0,26,,5636,37,4,,0,79,,5637,1,,,0,26,,5637,37,4,,0,78,,5635,1,,,0,26,,5635,37,4,,0,84,,5638,1,,,0,28,,5638,37,4,,0,57,,5649,1,,,0,2,,5640,1,,,0,23,,5641,1,,,0,5,,5649,37,4,,0,2,,5640,37,4,,0,60,,5641,37,4,,0,5,,5642,1,,,0,27,,5642,37,4,,0,7,,5639,1,,,0,66,,5639,37,4,,0,7,,5643,1,,,0,26,,5643,37,4,,0,9,,5644,1,,,0,66,,5644,37,4,,0,34,,5645,1,,,0,65,,5645,37,4,,0,90,,5646,1,,,0,25,,5646,37,4,,0,73,,5647,1,,,0,23,,5647,37,4,,0,82,,5648,1,,,0,23,,5648,37,4,,0
2101,'5105',630,,5653,1,,,0,24,,5653,37,4,,0,49,,5650,1,,,0,24,,5650,37,4,,0,9,,5654,1,,,0,64,,5654,37,4,,0,9,,5652,1,,,0,24,,5652,37,4,,0,5,,5655,1,,,0,64,,5655,37,4,,0,25,,5660,1,,,0,24,,5660,37,4,,0,82,,5659,1,,,0,25,,5659,37,4,,0,79,,5661,1,,,0,65,,5661,37,4,,0,41,,5663,1,,,0,65,,5663,37,4,,0,38,,5662,1,,,0,65,,5662,37,4,,0,44,,5656,1,,,0,65,,5656,37,4,,0,5,,5657,1,,,0,24,,5657,37,4,,0,9,,5658,1,,,0,64,,5658,37,4,,0,9,,5651,1,,,0,24,,5651,37,4,,0,68,,5668,1,,,0,24,,5668,37,4,,0,10,,5665,1,,,0,64,,5665,37,4,,0,81,,5666,1,,,0,24,,5666,37,4,,0,81,,5664,1,,,0,24,,5664,37,4,,0,80,,5667,1,,,0,24,,5667,37,4,,0,79,,5669,1,,,0,23,,5669,37,4,,0
2200,'4327',853,,5673,23,4,,0,97,,5670,23,4,,0,268,,5672,23,4,,0,229,,5671,23,4,,0,294,,5674,23,4,,0,200,,5675,23,4,,0,103,,5676,23,4,,0,100,,5677,23,4,,0,100,,5678,23,4,,0
2200,'4795',634,,3476,22,4,,0,69,,1793,23,4,,0,56,,1794,23,4,,0,143,,1792,23,4,,0,128,,1797,23,4,,0,100,,1795,23,4,,0,171,,1798,23,4,,0,100,,1796,23,4,,0,131,,1799,23,4,,0,177,,1800,23,4,,0,93,,1802,23,4,,0,52,,1801,23,4,,0,174,,1803,23,4,,0,177,,1804,23,4,,0,124,,1805,22,4,,0
2200,'4800',931,,1808,23,4,,0,97,,1812,23,4,,0,100,,1809,23,4,,0,195,,1811,23,4,,0,96,,1813,23,4,,0,131,,1814,23,4,,0,97,,1816,23,4,,0,96,,1815,23,4,,0,177,,1810,23,4,,0,137,,1806,23,4,,0,175,,1807,23,4,,0,98,,1817,23,4,,0
2200,'5102',634,,5679,22,4,,0,69,,5681,23,4,,0,56,,5682,23,4,,0,143,,5680,23,4,,0,128,,5685,23,4,,0,100,,5683,23,4,,0,171,,5686,23,4,,0,100,,5684,23,4,,0,131,,5688,23,4,,0,177,,5687,23,4,,0,93,,5690,23,4,,0,52,,5689,23,4,,0,174,,5691,23,4,,0,177,,5692,23,4,,0,124,,5693,22,4,,0
2200,'5105',931,,5696,23,4,,0,97,,5700,23,4,,0,100,,5697,23,4,,0,195,,5699,23,4,,0,96,,5701,23,4,,0,131,,5702,23,4,,0,97,,5704,23,4,,0,96,,5703,23,4,,0,177,,5698,23,4,,0,137,,5694,23,4,,0,175,,5695,23,4,,0,98,,5705,23,4,,0
2201,'4327',806,,5710,1,,,0,96,,5706,1,,,0,228,,5707,1,,,0,229,,5708,1,,,0,295,,5709,1,,,0,200,,5711,1,,,0,100,,5712,1,,,0,100,,5713,1,,,0,100,,5714,1,,,0
2201,'4795',600,,3477,1,0,14 15,0,23,,1828,1,0,14 15,0,90,,1830,1,,,0,91,,1829,1,,,0,136,,1833,1,,,0,100,,1832,1,,,0,170,,1834,1,,,0,101,,1831,1,,,0,131,,1835,1,,,0,180,,1836,1,,,0,93,,1837,1,,,0,93,,1838,1,,,0,134,,1839,1,,,0,175,,1840,1,,,0,129,,1841,1,,,0
2201,'4800',829,,1845,1,,,0,110,,1846,1,,,0,100,,1844,1,,,0,187,,1849,1,,,0,102,,1847,1,,,0,128,,1850,1,,,0,100,,1852,1,,,0,97,,1851,1,,,0,180,,1848,1,,,0,174,,1842,1,,,0,135,,1843,1,,,0,98,,1853,1,,,0
2201,'5102',600,,5715,1,0,14 15,0,23,,5716,1,0,14 15,0,90,,5718,1,,,0,91,,5717,1,,,0,136,,5721,1,,,0,100,,5719,1,,,0,170,,5722,1,,,0,101,,5720,1,,,0,131,,5723,1,,,0,180,,5724,1,,,0,93,,5725,1,,,0,93,,5726,1,,,0,134,,5727,1,,,0,175,,5728,1,,,0,129,,5729,1,,,0
2201,'5105',829,,5733,1,,,0,110,,5734,1,,,0,100,,5732,1,,,0,187,,5738,1,,,0,102,,5736,1,,,0,128,,5735,1,,,0,100,,5740,1,,,0,97,,5739,1,,,0,180,,5737,1,,,0,174,,5730,1,,,0,135,,5731,1,,,0,98,,5741,1,,,0
