901,'4327',822,,4701,13,,,0,230,,4702,13,,,0,270,,4703,13,,,0,230,,4705,13,,,0,270,,4704,13,,,0
901,'4795',927,,784,13,,,0,225,,785,13,,,0,300,,786,13,,,0
901,'4800',822,,788,13,,,0,230,,787,13,,,0,270,,789,13,,,0,230,,791,13,,,0,270,,790,13,,,0
901,'5102',1152,,4706,13,,,0,300,,4707,13,,,0
901,'5105',822,,4709,13,,,0,230,,4708,13,,,0,270,,4710,13,,,0,230,,4712,13,,,0,270,,4711,13,,,0
1001,'4327',750,,4802,28,,,0,86,,4808,28,,,0,88,,4815,28,,,0,86,,4805,28,,,0,46,,4803,28,,,0,86,,4804,28,,,0,85,,4816,28,,,0,85,,4807,28,,,0,45,,4806,28,,,0,85,,4813,28,,,0,85,,4817,28,,,0,85,,4809,28,,,0,45,,4814,28,,,0,84,,4811,28,,,0,83,,4818,28,,,0,85,,4812,28,,,0,44,,4810,28,,,0,85,,4822,28,,,0,82,,4821,28,,,0,85,,4823,28,,,0,44,,4820,28,,,0,85,,4824,28,,,0,85,,4819,28,,,0
1001,'4795',544,,3149,28,,,0,60,,3172,28,,,0,20,,3150,28,,,0,20,,3151,28,,,0,60,,3152,28,,,0,21,,3153,28,,,0,17,,3154,28,,,0,16,,3155,28,,,0,62,,3156,28,,,0,20,,3157,28,,,0,60,,3158,28,,,0,19,,3159,28,,,0,20,,3160,28,,,0,20,,3161,28,,,0,68,,3162,28,,,0,32,,3173,28,,,0,72,,3163,28,,,0,72,,3164,28,,,0,32,,3165,28,,,0,72,,3166,28,,,0,32,,3167,28,,,0,72,,3174,28,,,0,33,,3168,28,,,0,70,,3182,28,,,0,29,,943,28,,,0,61,,3169,28,,,0,20,,3175,28,,,0,20,,3176,28,,,0,60,,3177,28,,,0,19,,937,28,,,0,18,,3178,28,,,0,18,,3179,28,,,0,60,,3180,28,,,0,19,,3181,28,,,0,68,,3186,28,,,0,40,,3187,28,,,0,80,,3183,28,,,0,79,,3170,28,,,0,40,,3171,28,,,0,79,,3184,28,,,0,80,,3148,28,,,0,40,,3145,28,,,0,80,,3185,28,,,0,80,,3146,28,,,0
1001,'4800',754,,3191,28,,,0,85,,3189,28,,,0,86,,3190,28,,,0,86,,3205,28,,,0,47,,3197,28,,,0,87,,3203,28,,,0,85,,3201,28,,,0,85,,3210,28,,,0,85,,3194,28,,,0,45,,3206,28,,,0,85,,3200,28,,,0,84,,3198,28,,,0,45,,3188,28,,,0,84,,3193,28,,,0,83,,3202,28,,,0,85,,3199,28,,,0,43,,3208,28,,,0,85,,3192,28,,,0,83,,3196,28,,,0,85,,3204,28,,,0,43,,3195,28,,,0,85,,3207,28,,,0,85,,3209,28,,,0
1001,'5102',544,,4829,28,,,0,60,,4852,28,,,0,20,,4830,28,,,0,20,,4831,28,,,0,60,,4832,28,,,0,21,,4833,28,,,0,17,,4834,28,,,0,16,,4835,28,,,0,62,,4836,28,,,0,20,,4837,28,,,0,60,,4838,28,,,0,19,,4839,28,,,0,20,,4840,28,,,0,20,,4841,28,,,0,68,,4843,28,,,0,32,,4853,28,,,0,72,,4844,28,,,0,72,,4845,28,,,0,32,,4842,28,,,0,72,,4846,28,,,0,32,,4848,28,,,0,72,,4854,28,,,0,33,,4849,28,,,0,70,,4864,28,,,0,29,,4865,28,,,0,61,,4850,28,,,0,20,,4855,28,,,0,20,,4856,28,,,0,60,,4857,28,,,0,19,,4858,28,,,0,18,,4859,28,,,0,18,,4860,28,,,0,60,,4861,28,,,0,19,,4862,28,,,0,68,,4868,28,,,0,40,,4869,28,,,0,80,,4866,28,,,0,79,,4847,28,,,0,40,,4851,28,,,0,79,,4863,28,,,0,80,,4828,28,,,0,40,,4825,28,,,0,80,,4867,28,,,0,80,,4826,28,,,0
1001,'5105',754,,4873,28,,,0,85,,4871,28,,,0,86,,4872,28,,,0,86,,4887,28,,,0,47,,4879,28,,,0,87,,4885,28,,,0,85,,4883,28,,,0,85,,4892,28,,,0,85,,4876,28,,,0,45,,4888,28,,,0,85,,4882,28,,,0,84,,4880,28,,,0,45,,4870,28,,,0,84,,4875,28,,,0,83,,4884,28,,,0,85,,4881,28,,,0,43,,4890,28,,,0,85,,4874,28,,,0,83,,4878,28,,,0,85,,4886,28,,,0,43,,4877,28,,,0,85,,4889,28,,,0,85,,4891,28,,,0
