9700,'4327',729,,6184,6,,,0,30,,6181,6,,,0,70,,6185,6,,,0,30,,6183,6,,,0,71,,6157,6,,,0,71,,6182,6,,,0,32,,6158,6,,,0,70,,6178,6,,,0,31,,6159,6,,,0,70,,6180,6,,,0,31,,6161,6,,,0,70,,6179,6,,,0,30,,6162,6,,,0,70,,6176,6,,,0,30,,6163,6,,,0,69,,6177,6,,,0,30,,6167,6,,,0,70,,6173,6,,,0,30,,6168,6,,,0,70,,6172,6,,,0,29,,6160,6,,,0,70,,6174,6,,,0,30,,6165,6,,,0,69,,6171,6,,,0,27,,6166,6,,,0,30,,6175,6,,,0,70,,6164,6,,,0,30,,6186,6,,,0,70,,6169,6,,,0,30,,6188,6,,,0,69,,6170,6,,,0,100,,6187,6,,,0
9700,'4795',643,,3647,6,,,0,15,,3645,6,,,0,57,,3653,6,,,0,19,2,3650,6,,,0,15,2,3641,6,,,0,85,2,3648,6,,,0,13,2,3637,6,,,0,53,42,3646,6,,,0,29,2,3655,6,,,0,14,,3649,6,,,0,15,,3640,6,,,0,85,,3651,6,,,0,15,,3634,6,,,0,70,,3656,6,,,0,15,,3652,6,,,0,16,,3643,6,,,0,88,,3632,6,,,0,56,,3639,6,,,0,32,,3657,6,,,0,15,,3630,6,,,0,55,,3644,6,,,0,48,,3633,6,,,0,56,2,3638,6,,,0,16,2,3629,6,,,0,30,2,3658,6,,,0,55,2,3627,6,,,0,15,2,3642,6,,,0,24,,2355,6,4,,0,65,,3631,6,,,0,19,,3635,6,,,0,20,,3628,6,,,0,69,,3664,6,4,,0,10,,3626,6,,,0,88,,3665,6,4,,0,13,,3636,6,,,0,22,,3659,6,,,0,167,,3660,6,,,0,22,,3661,6,,,0,177,,3662,6,,,0,179,,3663,6,,,0
9700,'4796',628,,3679,6,,,0,176,2,3672,6,,,0,15,2,3680,6,,,0,95,2,3670,6,,,0,99,,3673,6,,,0,15,,3678,6,,,0,85,,3674,6,,,0,102,,3676,6,,,0,16,,3682,6,,,0,88,,3675,6,,,0,102,,3668,6,,,0,16,,3681,6,,,0,103,2,3684,6,,,0,100,2,3667,6,,,0,16,2,3677,6,,,0,157,,3683,6,,,0,39,,3666,6,,,0,59,,3669,6,,,0,106,,3685,6,,,0,25,,3686,6,,,0,60,,3694,6,,,0,104,,3687,6,,,0,25,,3688,6,,,0,25,,3689,6,,,0,90,,3690,6,,,0,65,,3691,6,,,0,24,,3692,6,,,0,90,,3693,6,,,0
9700,'4799',628,,3708,6,,,0,176,2,3701,6,,,0,15,2,3709,6,,,0,95,2,3699,6,,,0,99,,3702,6,,,0,15,,3707,6,,,0,85,,3703,6,,,0,102,,3705,6,,,0,16,,3711,6,,,0,88,,3704,6,,,0,102,,3697,6,,,0,16,,3710,6,,,0,103,2,3713,6,,,0,100,2,3696,6,,,0,16,2,3706,6,,,0,157,,3712,6,,,0,39,,3695,6,,,0,59,,3698,6,,,0,106,,3715,6,,,0,25,,3716,6,,,0,60,,3725,6,,,0,104,,3717,6,,,0,25,,3718,6,,,0,25,,3719,6,,,0,90,,3720,6,,,0,65,,3721,6,,,0,24,,3722,6,,,0,90,,3723,6,,,0,25,,3724,6,,,0,65,,3714,6,,,0
9700,'4800',727,,3731,6,,,0,30,,3727,6,,,0,71,,3732,6,,,0,30,,3726,6,,,0,69,,3730,6,,,0,32,,3728,6,,,0,70,,3734,6,,,0,71,,3736,6,,,0,30,,3729,6,,,0,70,,3733,6,,,0,30,,3739,6,,,0,70,,3738,6,,,0,30,,3735,6,,,0,70,,3740,6,,,0,30,,3737,6,,,0,70,,3741,6,,,0,30,,3742,6,,,0,70,,3743,6,,,0,29,,3745,6,,,0,30,,3747,6,,,0,70,,3748,6,,,0,76,,3744,6,,,0,29,,3749,6,,,0,70,,3746,6,,,0,30,,3750,6,,,0,70,,3763,6,,,0,30,,3753,6,,,0,70,,3756,6,,,0,30,,3751,6,,,0,69,,3757,6,,,0,29,,3754,6,,,0,70,,3758,6,,,0,30,,3752,6,,,0,70,,3759,6,,,0,29,,3755,6,,,0,70,,3760,6,,,0,30,,3761,6,,,0,70,,3762,6,,,0
9700,'5102',632,,6211,6,,,0,21,,6203,6,,,0,61,,6206,6,,,0,25,2,6210,6,,,0,62,42,6204,6,,,0,21,2,6208,6,,,0,20,2,6207,6,,,0,60,2,6200,6,,,0,20,2,6197,6,,,0,22,,6217,6,,,0,67,,6209,6,,,0,28,,6213,6,,,0,68,,6198,6,,,0,29,,6219,6,,,0,69,,6205,6,,,0,28,,6216,6,,,0,68,,6202,6,,,0,20,,6242,6,,,0,20,,6220,6,,,0,60,,6240,6,,,0,20,,6215,6,,,0,20,,6196,6,,,0,62,2,6201,6,,,0,20,2,6218,6,,,0,20,2,6223,6,,,0,60,2,6192,6,,,0,8,,6243,6,4,,0,12,2,6191,6,,,0,20,2,6212,6,,,0,14,,6221,6,4,,0,45,,6195,6,,,0,20,,6193,6,,,0,19,,6235,6,,,0,18,,6236,6,,,0,58,,6237,6,,,0,18,,6189,6,,,0,19,,6190,6,,,0,59,,6241,6,,,0,19,,6194,6,,,0,20,,6199,6,,,0,59,,6225,6,,,0,23,,6226,6,,,0,23,,6239,6,,,0,62,,6238,6,,,0,25,,6222,6,,,0,64,,6227,6,,,0,25,,6224,6,,,0,25,,6228,6,,,0,64,,6229,6,,,0,25,,6230,6,,,0,65,,6231,6,,,0,25,,6232,6,,,0,64,,6233,6,,,0,25,,6234,6,,,0
9700,'5105',726,,6250,6,,,0,30,,6246,6,,,0,71,,6251,6,,,0,32,,6245,6,,,0,70,,6249,6,,,0,72,,6247,6,,,0,30,,6253,6,,,0,71,,6255,6,,,0,32,,6248,6,,,0,72,,6252,6,,,0,32,,6258,6,,,0,72,,6257,6,,,0,32,,6254,6,,,0,72,,6259,6,,,0,32,,6256,6,,,0,72,,6260,6,,,0,32,,6261,6,,,0,71,,6263,6,,,0,32,,6265,6,,,0,72,,6266,6,,,0,32,,6262,6,,,0,71,,6267,6,,,0,72,41,6264,6,,,0,32,,6268,6,,,0,70,,6279,6,,,0,32,,6271,6,,,0,70,,6274,6,,,0,30,,6269,6,,,0,69,,6275,6,,,0,29,,6272,6,,,0,70,,6276,6,,,0,30,,6270,6,,,0,70,,6277,6,,,0,29,,6273,6,,,0,70,,6278,6,4,,0
9800,'4327',900,,6407,1,,,0,45,,6415,1,,,0,85,,6406,1,,,0,85,,6408,1,,,0,85,,6405,1,,,0,45,,6410,1,,,0,85,,6404,1,,,0,85,,6409,1,,,0,85,,6402,1,,,0,45,,6411,1,,,0,85,,6403,1,,,0,85,,6412,1,,,0,130,,6413,1,,,0,170,,6414,1,,,0
9800,'4795',630,,2670,1,,,0,20,,2666,1,,,0,60,,2669,1,,,0,20,,2668,1,,,0,21,,2680,1,,,0,61,,2657,1,,,0,21,,2660,1,,,0,21,,2655,1,,,0,82,,2648,1,,,0,83,,2671,1,,,0,83,,2675,1,,,0,43,,2656,1,,,0,85,,2658,1,,,0,85,,2677,1,,,0,85,,2649,1,,,0,45,,2659,1,,,0,60,,2673,1,,,0,20,,2678,1,,,0,20,,2665,1,,,0,60,,2652,1,,,0,20,,2663,1,,,0,20,,2661,1,,,0,60,,2654,1,,,0,20,,2650,1,,,0,20,,2651,1,,,0,60,,2672,1,,,0,30,,2679,1,,,0,80,,2664,1,,,0,40,,2676,1,,,0,80,,2674,1,,,0,80,,2647,1,,,0,40,,2667,1,,,0,80,,2653,1,,,0,80,,2662,1,,,0
9800,'4800',900,,2685,1,,,0,45,,2694,1,,,0,85,,2686,1,,,0,85,,2689,1,,,0,85,,2683,1,,,0,45,,2688,1,,,0,85,,2684,1,,,0,85,,2691,1,,,0,85,,2681,1,,,0,45,,2690,1,,,0,85,,2682,1,,,0,85,,2687,1,,,0,130,,2692,1,,,0,170,,2693,1,,,0
9800,'5102',630,,6437,1,,,0,20,,6433,1,,,0,60,,6440,1,,,0,20,,6435,1,,,0,21,,6441,1,,,0,61,,6439,1,,,0,42,,6434,1,,,0,82,,6438,1,,,0,83,,6436,1,,,0,83,,6432,1,,,0,43,,6419,1,,,0,85,,6420,1,,,0,85,,6426,1,,,0,85,,6416,1,,,0,45,,6431,1,,,0,60,,6443,1,,,0,20,,6442,1,,,0,20,,6430,1,,,0,60,,6445,1,,,0,20,,6428,1,,,0,20,,6444,1,,,0,75,,6427,1,,,0,83,,6429,1,,,0,50,,6422,1,,,0,90,,6425,1,,,0,86,,6424,1,,,0,86,,6417,1,,,0,40,,6423,1,,,0,80,,6418,1,,,0,80,,6421,1,,,0
9800,'5105',900,,6450,1,,,0,45,,6459,1,,,0,85,,6451,1,,,0,85,,6454,1,,,0,85,,6448,1,,,0,45,,6453,1,,,0,85,,6449,1,,,0,85,,6456,1,,,0,85,,6446,1,,,0,45,,6455,1,,,0,85,,6447,1,,,0,85,,6452,1,,,0,130,,6457,1,,,0,170,,6458,1,,,0
