601,'4327',808,,4374,12,,,0,120,,4373,12,,,0,120,,4372,12,,,0,160,,4376,12,,,0,120,,4377,12,,,0,120,,4378,12,,,0,160,,4375,12,,,0,120,,4379,12,,,0
601,'4795',623,,459,12,,,0,35,,2769,12,,,0,75,,458,12,,,0,76,,2770,12,,,0,35,,457,12,,,0,75,,2771,12,,,0,35,,462,12,,,0,150,,461,12,,,0,110,,464,12,,,0,110,,463,12,,,0,35,,469,12,,,0,75,,460,12,,,0,75,,471,12,,,0,36,,456,12,,,0,75,,470,12,,,0,35,,454,12,,,0,74,,472,12,,,0,75,,455,12,,,0,110,,473,12,,,0,110,,474,12,,,0,210,,2773,12,,,0
601,'4800',813,,2774,12,,,0,100,,478,12,,,0,100,,480,12,,,0,100,,2775,12,,,0,100,,479,12,,,0,100,,484,12,,,0,100,,483,12,,,0,100,,482,12,,,0,200,,485,12,,,0
601,'5102',623,,4385,12,,,0,110,,4384,12,,,0,111,,4383,12,,,0,110,,4387,12,,,0,150,,4388,12,,,0,110,,4390,12,,,0,110,,4389,12,,,0,35,,4392,12,,,0,75,,4386,12,,,0,75,,4394,12,,,0,36,,4382,12,,,0,75,,4393,12,,,0,35,,4380,12,,,0,74,,4395,12,,,0,75,,4381,12,,,0,110,,4396,12,,,0,110,,4397,12,,,0
601,'5105',813,,4399,12,,,0,100,,4400,12,,,0,100,,4402,12,,,0,100,,4403,12,,,0,100,,4401,12,,,0,100,,4406,12,,,0,100,,4405,12,,,0,100,,4404,12,,,0,200,,4407,12,,,0
1800,'4327',737,,5283,12,,,0,102,,5276,12,,,0,115,,5275,12,,,0,160,,5274,12,,,0,115,,5273,12,,,0,120,,5272,12,,,0,155,,5271,12,,,0,120,,5277,12,,,0,115,,5278,12,,,0,118,,5279,12,,,0,155,,5280,12,,,0,115,,5281,12,,,0,115,,5282,12,,,0
1800,'4795',618,,3424,12,,,0,106,,1418,12,,,0,27,,1399,12,,,0,66,,1419,12,,,0,29,,1400,12,,,0,68,,1422,12,,,0,27,,1401,12,,,0,80,,1405,12,,,0,80,,1404,12,,,0,40,,1402,12,,,0,80,,1403,12,,,0,80,,1398,12,,,0,40,,1409,12,,,0,80,,1407,12,,,0,28,,1421,12,,,0,67,,1410,12,,,0,29,,1420,12,,,0,68,,1408,12,,,0,30,,1423,12,,,0,66,,1406,12,,,0,30,,1424,12,,,0,70,,1411,12,,,0,95,,1413,12,,,0,37,,1412,12,,,0,80,,1414,12,,,0,83,,1415,12,,,0,115,,1416,12,,,0
1800,'4800',737,,3427,12,,,0,101,,1427,12,,,0,100,,1428,12,,,0,100,,3425,12,,,0,100,,1425,12,,,0,100,,1429,12,,,0,100,,1430,12,,,0,100,,1431,12,,,0,100,,1432,12,,,0,100,,1433,12,,,0,100,,3426,12,,,0,84,,3428,12,,,0,115,,3429,12,,,0,115,,3430,12,,,0,155,,3431,12,,,0,115,,3432,12,,,0,115,,3433,12,,,0
1800,'5102',618,,5303,12,,,0,106,,5304,12,,,0,27,,5285,12,,,0,66,,5305,12,,,0,29,,5286,12,,,0,68,,5308,12,,,0,27,,5287,12,,,0,80,,5292,12,,,0,80,,5291,12,,,0,40,,5288,12,,,0,80,,5289,12,,,0,80,,5284,12,,,0,40,,5296,12,,,0,80,,5290,12,,,0,28,,5307,12,,,0,67,,5295,12,,,0,29,,5306,12,,,0,68,,5294,12,,,0,30,,5309,12,,,0,66,,5293,12,,,0,30,,5310,12,,,0,70,,5297,12,,,0,95,,5299,12,,,0,37,,5298,12,,,0,80,,5301,12,,,0,83,,5300,12,,,0,115,,5302,12,,,0
1800,'5105',737,,5321,12,,,0,101,,5313,12,,,0,100,,5314,12,,,0,100,,5312,12,,,0,100,,5311,12,,,0,100,,5315,12,,,0,100,,5316,12,,,0,100,,5317,12,,,0,100,,5318,12,,,0,100,,5319,12,,,0,100,,5320,12,,,0,84,,5322,12,,,0,115,,5323,12,,,0,115,,5324,12,,,0,155,,5325,12,,,0,115,,5326,12,,,0,115,,5327,12,,,0
