2400,'4327',806,,5912,2,,,0,107,,5914,2,,,0,104,,5913,2,,,0,107,,5915,2,,,0,102,,5917,2,,,0,108,,5918,2,,,0,103,,5916,2,,,0,92,,5919,2,,,0,108,,5920,2,,,0,101,,5922,2,,,0,102,,5921,2,,,0
2400,'4795',545,,2035,2,,,0,104,,2036,2,,,0,72,,2037,2,,,0,104,,2038,2,,,0,30,,2040,2,,,0,70,,3568,2,,,0,108,,2041,2,,,0,104,,3569,2,,,0,104,,2043,2,,,0,106,,3570,2,,,0,111,,2045,2,,,0,72,,3571,2,,,0,72,,2048,2,,,0,32,,2046,2,,,0,72,,2050,2,,,0,32,,2049,2,,,0,80,,3572,2,,,0,97,,2052,2,,,0,116,,3573,2,,,0,101,,2053,2,,,0,104,,3574,2,,,0
2400,'4800',714,,2060,2,,,0,100,,2061,2,,,0,143,,2057,2,,,0,150,,2056,2,,,0,104,,2058,2,,,0,106,,2059,2,,,0,129,,2063,2,,,0,91,,2062,2,,,0,121,,2064,2,,,0,65,,2067,2,,,0,108,,2066,2,,,0,105,,2068,2,,,0,105,,2065,2,,,0
2400,'5102',545,,5923,2,,,0,104,,5924,2,,,0,72,,5925,2,,,0,104,,5926,2,,,0,30,,5928,2,,,0,70,,5927,2,,,0,108,,5929,2,,,0,104,,5930,2,,,0,104,,5931,2,,,0,106,,5932,2,,,0,111,,5934,2,,,0,72,,5935,2,,,0,72,,5936,2,,,0,32,,5933,2,,,0,72,,5938,2,,,0,32,,5937,2,,,0,80,,5939,2,,,0,97,,5940,2,,,0,116,,5942,2,,,0,101,,5941,2,,,0,104,,5943,2,,,0
2400,'5105',714,,5948,2,,,0,100,,5949,2,,,0,143,,5945,2,,,0,150,,5944,2,,,0,104,,5946,2,,,0,106,,5947,2,,,0,129,,5951,2,,,0,91,,5950,2,,,0,121,,5952,2,,,0,65,,5955,2,,,0,108,,5954,2,,,0,105,,5956,2,,,0,105,,5953,2,,,0
2500,'4327',1001,,6002,2,,,0,228,,6003,2,,,0,295,,6004,2,,,0,229,,6005,2,,,0
2500,'4795',743,,2118,2,,,0,91,,2119,2,,,0,90,,2120,2,,,0,135,,2121,2,,,0,173,,2122,2,,,0,174,,2123,2,,,0,115,,2125,2,,,0,102,,2124,2,,,0,93,,2126,2,,,0,89,,2127,2,,,0
2500,'4800',916,,2128,2,,,0,132,,2130,2,,,0,173,,2129,2,,,0,131,,2131,2,,,0,403,,2132,2,,,0
2500,'5102',743,,6006,2,,,0,91,,6007,2,,,0,90,,6008,2,,,0,135,,6009,2,,,0,173,,6010,2,,,0,174,,6011,2,,,0,115,,6013,2,,,0,102,,6012,2,,,0,93,,6014,2,,,0,89,,6015,2,,,0
2500,'5105',916,,6016,2,,,0,132,,6018,2,,,0,173,,6017,2,,,0,131,,6019,2,,,0,403,,6020,2,,,0
2600,'4327',1054,,6040,2,,,0,268,,6041,2,,,0,291,,6042,2,,,0,303,,6043,2,,,0
2600,'4795',551,,2156,2,,,0,75,,2157,2,,,0,79,,2158,2,,,0,37,,2160,2,,,0,76,,2159,2,,,0,38,,2161,2,,,0,159,,2162,2,,,0,124,,2163,2,,,0,176,,2164,2,,,0,134,,2166,2,,,0,78,,2168,2,,,0,79,,2167,2,,,0,35,,2165,2,,,0,76,,2169,2,,,0,121,,2170,2,,,0,199,,2172,2,,,0,175,,2171,2,,,0
2600,'4800',728,,2174,2,,,0,114,,2173,2,,,0,168,,2178,2,,,0,133,,2179,2,,,0,172,,2180,2,,,0,136,,2175,2,,,0,163,,2177,2,,,0,90,,2176,2,,,0,197,,2181,2,,,0,28,,2182,2,,,0,177,,2183,2,,,0
2600,'5102',551,,6044,2,,,0,75,,6045,2,,,0,79,,6046,2,,,0,37,,6048,2,,,0,76,,6047,2,,,0,38,,6049,2,,,0,159,,6050,2,,,0,124,,6051,2,,,0,176,,6052,2,,,0,134,,6054,2,,,0,78,,6056,2,,,0,79,,6055,2,,,0,35,,6053,2,,,0,76,,6057,2,,,0,121,,6058,2,,,0,199,,6060,2,,,0,175,,6059,2,,,0
2600,'5105',728,,6062,2,,,0,114,,6061,2,,,0,168,,6066,2,,,0,133,,6067,2,,,0,172,,6068,2,,,0,136,,6063,2,,,0,163,,6065,2,,,0,90,,6064,2,,,0,197,,6069,2,,,0,28,,6070,2,,,0,177,,6071,2,,,0
