9701,'4327',727,,6311,7,,,0,30,,6306,7,,,0,70,,6280,7,,,0,30,,6300,7,,,0,70,,6281,7,,,0,30,,6308,7,,,0,72,,6282,7,,,0,71,,6305,7,,,0,30,,6283,7,,,0,70,,6303,7,,,0,30,,6284,7,,,0,70,,6304,7,,,0,30,,6292,7,,,0,71,,6299,7,,,0,30,,6293,7,,,0,70,,6297,7,,,0,30,,6288,7,,,0,69,,6307,7,,,0,30,,6285,7,,,0,70,,6294,7,,,0,30,,6286,7,,,0,29,,6298,7,,,0,69,,6289,7,,,0,30,,6302,7,,,0,69,,6290,7,,,0,30,,6301,7,,,0,70,,6287,7,,,0,30,,6296,7,,,0,70,,6291,7,,,0,29,,6309,7,,,0,70,,6295,7,,,0,99,,6310,7,,,0
9701,'4795',615,,3825,7,,,0,20,,3820,7,,,0,97,,3818,7,,,0,8,,3810,3,,,0,8,,3817,7,,,0,71,,3828,7,,,0,15,,3821,7,,,0,15,,3816,7,,,0,88,,3819,7,,,0,17,,3807,7,,,0,72,,3826,7,,,0,15,,3823,7,,,0,15,,3811,7,,,0,88,,3822,7,,,0,56,,3808,7,,,0,32,,3829,7,,,0,16,,3824,7,,,0,55,,3813,7,,,0,46,,3803,7,,,0,54,,3809,7,,,0,15,,3800,7,,,0,25,,3827,7,,,0,9,,3798,7,,,0,57,,3815,7,,,0,94,,3802,7,,,0,18,,3806,7,,,0,18,,3799,7,,,0,76,,3797,7,,,0,16,,3814,7,,,0,88,,3804,7,,,0,17,,3805,7,,,0,17,,3801,7,,,0,76,,3796,7,,,0,96,,3830,7,,,0,23,,3831,7,,,0,182,,3832,7,,,0,178,,3833,7,,,0
9701,'4796',657,,3839,7,,,0,60,,3847,7,,,0,87,,3838,7,,,0,100,,3840,7,,,0,16,,3845,7,,,0,91,,3837,7,,,0,101,,3841,7,,,0,16,,3849,7,,,0,88,,3843,7,,,0,103,,3842,7,,,0,15,,3850,7,,,0,99,,3844,7,,,0,93,,3835,7,,,0,19,,3851,7,,,0,112,,3852,7,,,0,90,,3834,7,,,0,57,,3848,7,,,0,107,,3853,7,,,0,35,,3854,7,,,0,60,,3836,7,,,0,107,,3855,7,,,0,25,,3856,7,,,0,66,,3857,7,,,0,51,,3858,7,,,0,64,,3859,7,,,0,24,,3860,7,,,0,90,,3861,7,,,0,25,,3862,7,,,0,65,,3863,7,,,0
9701,'4799',657,,3869,7,,,0,60,,3877,7,,,0,87,,3868,7,,,0,100,,3870,7,,,0,16,,3875,7,,,0,91,,3867,7,,,0,101,,3871,7,,,0,16,,3879,7,,,0,88,,3873,7,,,0,103,,3872,7,,,0,15,,3880,7,,,0,99,,3874,7,,,0,93,,3865,7,,,0,19,,3881,7,,,0,112,,3882,7,,,0,90,,3864,7,,,0,57,,3878,7,,,0,107,,3883,7,,,0,35,,3884,7,,,0,60,,3866,7,,,0,107,,3885,7,,,0,25,,3886,7,,,0,66,,3887,7,,,0,51,,3888,7,,,0,64,,3889,7,,,0,24,,3890,7,,,0,90,,3891,7,,,0,25,,3892,7,,,0,65,,3893,7,,,0,85,,3895,7,,,0,50,,3894,7,0,12,0
9701,'4800',704,,3931,3,,,0,52,,3897,7,,,0,71,,3896,7,,,0,30,,3900,7,,,0,70,,3899,7,,,0,30,,3901,7,,,0,71,,3902,7,,,0,30,,3903,7,,,0,71,,3898,7,,,0,30,,3908,7,,,0,70,,3920,7,,,0,30,,3921,7,,,0,70,,3922,7,,,0,30,,3910,7,,,0,70,,3909,7,,,0,30,,3904,7,,,0,70,,3905,7,,,0,30,,3907,7,,,0,70,,3912,7,,,0,30,,3914,7,,,0,70,,3906,7,,,0,30,,3911,7,,,0,70,,3913,7,,,0,29,,3934,7,,,0,70,,3916,7,,,0,30,,3923,7,,,0,70,,3915,7,,,0,30,,3924,7,,,0,70,,3917,7,,,0,30,,3927,7,,,0,70,,3918,7,,,0,29,,3926,7,,,0,69,,3919,7,,,0,30,,3925,7,,,0,70,,3928,7,,,0,30,,3930,7,,,0,70,,3929,7,,,0,30,,3933,7,,,0,70,,3932,7,0,12,0
9701,'5102',614,,6314,7,,,0,20,,6312,7,,,0,20,,6328,7,,,0,60,,6364,7,,,0,22,,6333,7,,,0,23,,6334,7,,,0,61,,6335,7,,,0,21,,6336,7,,,0,61,,6337,7,,,0,21,,6338,7,,,0,20,,6339,7,,,0,60,,6340,7,,,0,20,,6341,7,,,0,25,,6331,7,,,0,68,,6332,7,,,0,29,,6325,7,,,0,71,,6324,7,,,0,29,,6329,7,,,0,69,,6326,7,,,0,30,,6327,7,,,0,70,,6345,7,,,0,20,,6342,7,,,0,20,,6343,7,,,0,60,,6347,7,,,0,21,,6344,7,,,0,21,,6348,7,,,0,60,,6349,7,,,0,20,,6350,7,,,0,20,,6330,7,,,0,60,,6323,7,,,0,19,,6346,7,,,0,18,,6352,7,,,0,58,,6351,7,,,0,20,,6353,7,,,0,19,,6355,7,,,0,59,,6354,7,,,0,21,,6356,7,,,0,23,,6358,7,,,0,63,,6357,7,,,0,23,,6363,7,,,0,62,,6359,7,,,0,23,,6361,7,,,0,23,,6360,7,,,0,62,,6362,7,,,0,24,,6315,7,,,0,24,,6316,7,,,0,62,,6317,7,,,0,24,,6318,7,,,0,65,,6319,7,,,0,25,,6320,7,,,0,25,,6321,7,,,0,65,,6322,7,,,0
9701,'5105',704,,6400,3,,,0,97,,6367,7,,,0,31,,6366,7,,,0,70,,6370,7,,,0,30,,6369,7,,,0,71,,6371,7,,,0,31,,6372,7,,,0,70,,6373,7,,,0,31,,6368,7,,,0,70,,6377,7,,,0,32,,6390,7,,,0,72,,6391,7,,,0,32,,6389,7,,,0,72,,6379,7,,,0,32,,6378,7,,,0,72,,6374,7,,,0,32,,6375,7,,,0,72,,6381,7,,,0,32,,6383,7,,,0,72,,6376,7,,,0,32,,6380,7,,,0,71,,6382,7,,,0,72,,6401,7,,,0,29,,6385,7,,,0,30,,6392,7,,,0,70,,6384,7,,,0,30,,6393,7,,,0,70,,6386,7,,,0,30,,6396,7,,,0,70,,6387,7,,,0,29,,6395,7,,,0,68,,6388,7,,,0,30,,6394,7,,,0,70,,6397,7,,,0,30,,6399,7,,,0,70,,6398,7,0,12,0
9801,'4327',1010,,6464,14,,,0,47,,6471,14,,,0,85,,6463,14,,,0,85,,6467,14,,,0,85,,6462,14,,,0,45,,6469,14,,,0,85,,6461,14,,,0,85,,6465,14,,,0,85,,6460,14,,,0,45,,6468,14,,,0,169,,6466,14,,,0,128,,6470,14,,,0,170,,6472,14,,,0
9801,'4795',656,,2737,14,,,0,62,,2736,14,,,0,21,,2723,14,,,0,20,,2716,14,,,0,61,,2722,14,,,0,21,,2725,14,,,0,61,,2732,14,,,0,21,,2724,14,,,0,82,,2729,14,,,0,43,,2735,14,,,0,83,,2721,14,,,0,85,,2731,14,,,0,85,,2739,14,,,0,45,,2728,14,,,0,86,,2730,14,,,0,86,,2710,14,,,0,29,,2717,14,,,0,61,,2720,14,,,0,20,,2727,14,,,0,19,,2726,14,,,0,60,,2712,14,,,0,18,,2719,14,,,0,20,,2715,14,,,0,58,,2713,14,,,0,19,,2740,14,,,0,20,,2709,14,,,0,61,,2741,14,,,0,38,,2711,14,,,0,80,,2718,14,,,0,80,,2738,14,,,0,39,,2708,14,,,0,80,,2734,14,,,0,80,,2714,14,,,0,39,,2733,14,,,0
9801,'4800',1014,,2744,14,,,0,45,,2755,14,,,0,85,,2743,14,,,0,85,,2751,14,,,0,85,,2746,14,,,0,45,,2750,14,,,0,85,,2745,14,,,0,85,,2749,14,,,0,85,,2742,14,,,0,45,,2748,14,,,0,85,,2747,14,,,0,84,,2752,14,,,0,127,,2753,14,,,0,170,,2754,14,,,0
9801,'5102',656,,6496,14,,,0,62,,6489,14,,,0,21,,6497,14,,,0,20,,6494,14,,,0,61,,6498,14,,,0,21,,6490,14,,,0,82,,6493,14,,,0,82,,6492,14,,,0,43,,6495,14,,,0,83,,6491,14,,,0,85,,6479,14,,,0,85,,6483,14,,,0,45,,6477,14,,,0,86,,6478,14,,,0,88,,6474,14,,,0,25,,6501,14,,,0,63,,6484,14,,,0,20,,6499,14,,,0,19,,6500,14,,,0,60,,6488,14,,,0,37,,6486,14,,,0,87,,6487,14,,,0,90,,6485,14,,,0,88,,6476,14,,,0,46,,6482,14,,,0,85,,6473,14,,,0,80,,6481,14,,,0,80,,6475,14,,,0,39,,6480,14,,,0
9801,'5105',1014,,6504,14,,,0,45,,6515,14,,,0,85,,6503,14,,,0,85,,6511,14,,,0,85,,6506,14,,,0,45,,6510,14,,,0,85,,6505,14,,,0,85,,6509,14,,,0,85,,6502,14,,,0,45,,6508,14,,,0,85,,6507,14,,,0,84,,6512,14,,,0,127,,6513,14,,,0,170,,6514,14,,,0
