600,'4327',900,,4337,21,,,0,120,,4338,21,,,0,120,,4339,21,,,0,160,,4341,21,,,0,120,,4343,21,,,0,120,,4344,21,,,0,160,,4340,21,,,0,120,,4342,21,,,0
600,'4795',711,,417,21,,,0,35,,2765,21,,,0,75,,416,21,,,0,35,,2766,21,,,0,75,,424,21,,,0,110,,425,21,,,0,110,,426,21,,,0,150,,422,21,,,0,111,,423,21,,,0,35,,430,21,,,0,75,,421,21,,,0,35,,429,21,,,0,75,,420,21,,,0,75,,432,21,,,0,35,,419,21,,,0,74,,433,21,,,0,35,,418,21,,,0,150,,434,21,,,0,110,,431,21,,,0,112,,435,21,,,0
600,'4800',823,,445,21,,,0,100,,437,21,,,0,100,,2767,21,,,0,100,,439,21,,,0,100,,441,21,,,0,100,,438,21,,,0,100,,442,21,,,0,100,,443,21,,,0,100,,440,21,,,0,100,,2768,21,,,0
600,'5102',711,,4346,21,,,0,110,,4345,21,,,0,110,,4354,21,,,0,110,,4355,21,,,0,110,,4353,21,,,0,150,,4352,21,,,0,111,,4351,21,,,0,35,,4357,21,,,0,75,,4350,21,,,0,35,,4356,21,,,0,75,,4349,21,,,0,75,,4359,21,,,0,35,,4348,21,,,0,74,,4360,21,,,0,35,,4347,21,,,0,150,,4361,21,,,0,110,,4358,21,,,0
600,'5105',823,,4371,21,,,0,100,,4363,21,,,0,100,,4362,21,,,0,100,,4365,21,,,0,100,,4367,21,,,0,100,,4364,21,,,0,100,,4368,21,,,0,100,,4369,21,,,0,100,,4366,21,,,0,100,,4370,21,,,0
1801,'4327',826,,5332,15,,,0,115,,5333,15,,,0,160,,5330,15,,,0,115,,5331,15,,,0,120,,5329,15,,,0,115,,5328,15,,,0,160,,5334,15,,,0,115,,5335,15,,,0,119,,5336,15,,,0,155,,5337,15,,,0,115,,5338,15,,,0,115,,5339,15,,,0
1801,'4795',637,,3434,15,,,0,108,,1474,15,,,0,66,,1454,15,,,0,26,,1475,15,,,0,69,,1455,15,,,0,28,,1478,15,,,0,67,,1457,15,,,0,40,,1456,15,,,0,80,,1461,15,,,0,80,,1462,15,,,0,40,,1464,15,,,0,80,,1463,15,,,0,81,,1458,15,,,0,40,,1459,15,,,0,68,,1477,15,,,0,28,,1460,15,,,0,68,,1476,15,,,0,28,,1473,15,,,0,69,,1479,15,,,0,27,,1467,15,,,0,70,,1480,15,,,0,28,,1466,15,,,0,95,,1470,15,,,0,77,,1469,15,,,0,40,,1468,15,,,0,160,,1471,15,,,0,109,,1465,15,,,0
1801,'4800',756,,3437,15,,,0,103,,1487,15,,,0,100,,1488,15,,,0,100,,3441,15,,,0,100,,1492,15,,,0,100,,1489,15,,,0,100,,1490,15,,,0,100,,1493,15,,,0,100,,1494,15,,,0,100,,1495,15,,,0,100,,3442,15,,,0,166,,3438,15,,,0,115,,3440,15,,,0,115,,3436,15,,,0,155,,3439,15,,,0,115,,3435,15,,,0
1801,'5102',637,,5358,15,,,0,108,,5360,15,,,0,66,,5340,15,,,0,26,,5361,15,,,0,69,,5341,15,,,0,28,,5364,15,,,0,67,,5343,15,,,0,40,,5342,15,,,0,80,,5347,15,,,0,80,,5348,15,,,0,40,,5350,15,,,0,80,,5349,15,,,0,81,,5345,15,,,0,40,,5346,15,,,0,68,,5363,15,,,0,28,,5344,15,,,0,68,,5362,15,,,0,28,,5359,15,,,0,69,,5365,15,,,0,27,,5353,15,,,0,70,,5366,15,,,0,28,,5352,15,,,0,95,,5356,15,,,0,77,,5355,15,,,0,40,,5354,15,,,0,160,,5357,15,,,0,109,,5351,15,,,0
1801,'5105',756,,5369,15,,,0,103,,5373,15,,,0,100,,5374,15,,,0,100,,5377,15,,,0,100,,5378,15,,,0,100,,5375,15,,,0,100,,5376,15,,,0,100,,5379,15,,,0,100,,5380,15,,,0,100,,5381,15,,,0,100,,5382,15,,,0,166,,5370,15,,,0,115,,5372,15,,,0,115,,5368,15,,,0,155,,5371,15,,,0,115,,5367,15,,,0
