300,'4528',701,,6996,16,,,0,30,,6994,16,,,0,70,,6995,16,,,0,30,,6992,16,,,0,70,,6993,16,,,0,630,,6990,16,,,0,70,,6988,16,,,0,30,,6991,16,,,0,70,,6987,16,,,0,30,,6989,16,,,0,125,,6997,16,,,0,265,,6998,16,,,0,104,,6999,16,,,0
300,'5272',711,,7002,16,,,0,230,,7001,16,,,0,270,,7003,16,,,0,230,,7005,16,,,0,270,,7000,16,,,0,230,,7006,16,,,0,279,,7004,16,,,0
300,'5282',711,,7008,16,,,0,230,,7007,16,,,0,270,,7009,16,,,0,230,,7010,16,,,0,270,,7012,16,,,0,230,,7011,16,,,0,279,,7013,16,,,0
601,'4528',624,,7187,14,,,0,110,,7186,14,,,0,111,,7185,14,,,0,110,,7189,14,,,0,150,,7190,14,,,0,110,,7192,14,,,0,110,,7191,14,,,0,75,,7193,14,,,0,35,,7188,14,,,0,75,,7195,14,,,0,36,,7184,14,,,0,75,,7194,14,,,0,35,,7182,14,,,0,74,,7196,14,,,0,75,,7183,14,,,0,110,,7197,14,,,0,110,,7198,14,,,0
601,'5272',809,,7201,14,,,0,120,,7200,14,,,0,120,,7199,14,,,0,160,,7203,14,,,0,120,,7204,14,,,0,120,,7205,14,,,0,160,,7202,14,,,0,120,,7206,14,,,0
601,'5282',814,,7207,14,,,0,100,,7208,14,,,0,100,,7210,14,,,0,100,,7211,14,,,0,100,,7209,14,,,0,100,,7214,14,,,0,100,,7213,14,,,0,100,,7212,14,,,0,200,,7215,14,,,0
1800,'4528',619,,8085,14,,,0,106,,8086,14,,,0,27,,8067,14,,,0,66,,8087,14,,,0,29,,8068,14,,,0,68,,8090,14,,,0,27,,8069,14,,,0,80,,8074,14,,,0,80,,8073,14,,,0,40,,8070,14,,,0,80,,8071,14,,,0,80,,8066,14,,,0,40,,8078,14,,,0,80,,8072,14,,,0,28,,8089,14,,,0,67,,8077,14,,,0,29,,8088,14,,,0,68,,8076,14,,,0,30,,8091,14,,,0,66,,8075,14,,,0,30,,8092,14,,,0,70,,8079,14,,,0,95,,8081,14,,,0,37,,8080,14,,,0,80,,8083,14,,,0,83,,8082,14,,,0,115,,8084,14,,,0
1800,'5272',738,,8105,14,,,0,102,,8098,14,,,0,115,,8097,14,,,0,160,,8096,14,,,0,115,,8095,14,,,0,120,,8094,14,,,0,155,,8093,14,,,0,120,,8099,14,,,0,115,,8100,14,,,0,118,,8101,14,,,0,155,,8102,14,,,0,115,,8103,14,,,0,115,,8104,14,,,0
1800,'5282',738,,8116,14,,,0,101,,8108,14,,,0,100,,8109,14,,,0,100,,8107,14,,,0,100,,8106,14,,,0,100,,8110,14,,,0,100,,8111,14,,,0,100,,8112,14,,,0,100,,8113,14,,,0,100,,8114,14,,,0,100,,8115,14,,,0,84,,8117,14,,,0,115,,8118,14,,,0,115,,8119,14,,,0,155,,8120,14,,,0,115,,8121,14,,,0,115,,8122,14,,,0
1900,'4528',711,,8210,9,,,0,20,,8209,9,,,0,20,,8206,9,,,0,60,,8207,9,,,0,20,,8184,9,,,0,20,,8204,9,,,0,61,,8183,9,,,0,35,,8190,9,,,0,75,,8187,9,,,0,35,,8185,9,,,0,75,,8186,9,,,0,75,,8188,9,,,0,35,,8189,9,,,0,75,,8192,9,,,0,35,,8193,9,,,0,75,,8197,9,,,0,23,,8179,9,,,0,57,,8194,9,,,0,20,,8180,9,,,0,20,,8195,9,,,0,60,,8178,9,,,0,20,,8191,9,,,0,20,,8181,9,,,0,60,,8198,9,,,0,20,,8182,9,,,0,20,,8196,9,,,0,75,,8199,9,,,0,35,,8201,9,,,0,74,,8202,9,,,0,75,,8200,9,,,0,35,,8203,9,,,0,100,,8208,9,,,0,110,,8205,9,,,0
1900,'5272',806,,8216,9,,,0,115,,8215,9,,,0,120,,8214,9,,,0,115,,8213,9,,,0,160,,8212,9,,,0,115,,8211,9,,,0,120,,8217,9,,,0,155,,8218,9,,,0,120,,8220,9,,,0,115,,8219,9,,,0,115,,8221,9,,,0,155,,8222,9,,,0
1900,'5282',736,,8224,9,,,0,75,,8225,9,,,0,35,,8226,9,,,0,75,,8223,9,,,0,35,,8227,9,,,0,75,,8229,9,,,0,75,,8230,9,,,0,35,,8231,9,,,0,75,,8228,9,,,0,35,,8232,9,,,0,75,,8234,9,,,0,75,,8235,9,,,0,35,,8236,9,,,0,75,,8233,9,,,0,35,,8237,9,,,0,75,,8238,9,,,0,35,,8239,9,,,0,75,,8240,9,,,0,75,,8241,9,,,0,100,,8242,9,,,0,115,,8243,9,,,0,115,,8244,9,,,0,115,,8246,9,,,0,155,,8245,9,,,0
