901,'4327',826,,4701,16,,,0,230,,4702,16,,,0,270,,4703,16,,,0,230,,4705,16,,,0,270,,4704,16,,,0
901,'4795',931,,784,16,,,0,225,,785,16,,,0,300,,786,16,,,0
901,'4800',826,,788,16,,,0,230,,787,16,,,0,270,,789,16,,,0,230,,791,16,,,0,270,,790,16,,,0
901,'5102',1156,,4706,16,,,0,300,,4707,16,,,0
901,'5105',826,,4709,16,,,0,230,,4708,16,,,0,270,,4710,16,,,0,230,,4712,16,,,0,270,,4711,16,,,0
1001,'4327',752,,4802,30,,,0,86,,4808,30,,,0,88,,4815,30,,,0,86,,4805,30,,,0,46,,4803,30,,,0,86,,4804,30,,,0,85,,4816,30,,,0,85,,4807,30,,,0,45,,4806,30,,,0,85,,4813,30,,,0,85,,4817,30,,,0,85,,4809,30,,,0,45,,4814,30,,,0,84,,4811,30,,,0,83,,4818,30,,,0,85,,4812,30,,,0,44,,4810,30,,,0,85,,4822,30,,,0,82,,4821,30,,,0,85,,4823,30,,,0,44,,4820,30,,,0,85,,4824,30,,,0,85,,4819,30,,,0
1001,'4795',545,,3149,30,,,0,61,,3172,30,,,0,20,,3150,30,,,0,20,,3151,30,,,0,60,,3152,30,,,0,21,,3153,30,,,0,17,,3154,30,,,0,56,,3155,30,,,0,22,,3156,30,,,0,20,,3157,30,,,0,60,,3158,30,,,0,19,,3159,30,,,0,20,,3160,30,,,0,60,,3161,30,,,0,28,,3162,30,,,0,72,,3173,30,,,0,32,,3163,30,,,0,72,,3164,30,,,0,32,,3165,30,,,0,72,,3166,30,,,0,32,,3167,30,,,0,72,,3174,30,,,0,33,,3168,30,,,0,70,,3182,30,,,0,29,,943,30,,,0,61,,3169,30,,,0,20,,3175,30,,,0,20,,3176,30,,,0,60,,3177,30,,,0,19,,937,30,,,0,18,,3178,30,,,0,58,,3179,30,,,0,20,,3180,30,,,0,19,,3181,30,,,0,68,,3186,30,,,0,40,,3187,30,,,0,79,,3183,30,,,0,79,,3170,30,,,0,40,,3171,30,,,0,79,,3184,30,,,0,80,,3148,30,,,0,40,,3145,30,,,0,80,,3185,30,,,0,80,,3146,30,,,0
1001,'4800',756,,3191,30,,,0,85,,3189,30,,,0,86,,3190,30,,,0,86,,3205,30,,,0,87,,3197,30,,,0,47,,3203,30,,,0,85,,3201,30,,,0,85,,3210,30,,,0,85,,3194,30,,,0,45,,3206,30,,,0,85,,3200,30,,,0,84,,3198,30,,,0,85,,3188,30,,,0,44,,3193,30,,,0,83,,3202,30,,,0,85,,3199,30,,,0,43,,3208,30,,,0,85,,3192,30,,,0,83,,3196,30,,,0,85,,3204,30,,,0,43,,3195,30,,,0,85,,3207,30,,,0,85,,3209,30,,,0
1001,'5102',545,,4829,30,,,0,61,,4852,30,,,0,20,,4830,30,,,0,20,,4831,30,,,0,60,,4832,30,,,0,21,,4833,30,,,0,17,,4834,30,,,0,56,,4835,30,,,0,22,,4836,30,,,0,20,,4837,30,,,0,60,,4838,30,,,0,19,,4839,30,,,0,20,,4840,30,,,0,60,,4841,30,,,0,28,,4843,30,,,0,72,,4853,30,,,0,32,,4844,30,,,0,72,,4845,30,,,0,32,,4842,30,,,0,72,,4846,30,,,0,32,,4848,30,,,0,72,,4854,30,,,0,33,,4849,30,,,0,70,,4864,30,,,0,29,,4865,30,,,0,61,,4850,30,,,0,20,,4855,30,,,0,20,,4856,30,,,0,60,,4857,30,,,0,19,,4858,30,,,0,18,,4859,30,,,0,58,,4860,30,,,0,20,,4861,30,,,0,19,,4862,30,,,0,68,,4868,30,,,0,40,,4869,30,,,0,79,,4866,30,,,0,79,,4847,30,,,0,40,,4851,30,,,0,79,,4863,30,,,0,80,,4828,30,,,0,40,,4825,30,,,0,80,,4867,30,,,0,80,,4826,30,,,0
1001,'5105',756,,4873,30,,,0,85,,4871,30,,,0,86,,4872,30,,,0,86,,4887,30,,,0,87,,4879,30,,,0,47,,4885,30,,,0,85,,4883,30,,,0,85,,4892,30,,,0,85,,4876,30,,,0,45,,4888,30,,,0,85,,4882,30,,,0,84,,4880,30,,,0,85,,4870,30,,,0,44,,4875,30,,,0,83,,4884,30,,,0,85,,4881,30,,,0,43,,4890,30,,,0,85,,4874,30,,,0,83,,4878,30,,,0,85,,4886,30,,,0,43,,4877,30,,,0,85,,4889,30,,,0,85,,4891,30,,,0
1101,'4327',811,,4987,52,,,0,104,,4990,52,,,0,101,,4975,52,,,0,101,,4977,52,,,0,100,,4981,52,,,0,100,,4976,52,,,0,100,,4974,52,,,0,100,,4979,52,,,0,100,,4978,52,,,0,98,,4984,52,,,0,100,,4982,52,,,0,98,,4980,52,,,0,99,,4983,52,,,0,99,,4985,52,,,0,100,,4986,52,,,0,97,,4988,52,,,0,99,,4989,52,,,0
1101,'4795',611,,3288,52,,,0,31,,1087,52,,,0,72,,3284,52,,,0,35,,3282,52,,,0,72,,3278,52,,,0,32,,1088,52,,,0,69,,3283,52,,,0,30,,3279,52,,,0,71,,3291,52,,,0,29,,3277,52,,,0,70,,3287,52,,,0,30,,3294,52,,,0,70,,3275,52,,,0,30,,3286,52,,,0,70,,3280,52,,,0,30,,3292,52,,,0,70,,3285,52,,,0,31,,3281,52,,,0,73,,3293,52,,,0,32,,3276,52,,,0,68,,3289,52,,,0,74,,3274,52,,,0,32,,3290,52,,,0,68,,3295,52,,,0,29,,3296,52,,,0,27,,3297,52,,,0,69,,3298,52,,,0,28,,3299,52,,,0,70,,3305,52,,,0,30,,3300,52,,,0,100,,3301,52,,,0,97,,3302,52,,,0,100,,3303,52,,,0
1101,'4800',742,,3311,52,,,0,71,,3308,52,,,0,33,,3309,52,,,0,70,,3306,52,,,0,31,,3313,52,,,0,71,,3315,52,,,0,30,,3317,52,,,0,72,,3310,52,,,0,30,,3307,52,,,0,70,,3314,52,,,0,30,,3318,52,,,0,70,,3312,52,,,0,32,,3319,52,,,0,70,,3320,52,,,0,30,,3321,52,,,0,70,,3322,52,,,0,30,,3316,52,,,0,69,,3323,52,,,0,29,,3324,52,,,0,68,,3326,52,,,0,30,,3327,52,,,0,69,,3328,52,,,0,28,,3325,52,,,0,70,,3329,52,,,0,30,,3330,52,,,0,100,,3331,52,,,0,100,,3332,52,,,0,98,,3333,52,,,0,97,,3334,52,,,0,99,,3335,52,,,0
1101,'5102',611,,5005,52,,,0,31,,5008,52,,,0,72,,5003,52,,,0,35,,4999,52,,,0,72,,4995,52,,,0,32,,5009,52,,,0,69,,5002,52,,,0,30,,4996,52,,,0,71,,5010,52,,,0,29,,4994,52,,,0,70,,5001,52,,,0,30,,5013,52,,,0,70,,4992,52,,,0,30,,5000,52,,,0,70,,4997,52,,,0,30,,5011,52,,,0,70,,5004,52,,,0,31,,4998,52,,,0,73,,5012,52,,,0,32,,4993,52,,,0,68,,5006,52,,,0,74,,4991,52,,,0,32,,5007,52,,,0,68,,5014,52,,,0,29,,5015,52,,,0,27,,5016,52,,,0,69,,5017,52,,,0,28,,5018,52,,,0,70,,5024,52,,,0,30,,5019,52,,,0,100,,5020,52,,,0,97,,5021,52,,,0,100,,5022,52,,,0
1101,'5105',742,,5030,52,,,0,71,,5026,52,,,0,33,,5028,52,,,0,70,,5025,52,,,0,31,,5032,52,,,0,71,,5034,52,,,0,30,,5036,52,,,0,72,,5029,52,,,0,30,,5027,52,,,0,70,,5033,52,,,0,30,,5037,52,,,0,70,,5031,52,,,0,32,,5038,52,,,0,70,,5039,52,,,0,30,,5040,52,,,0,70,,5041,52,,,0,30,,5035,52,,,0,69,,5042,52,,,0,29,,5043,52,,,0,68,,5045,52,,,0,30,,5046,52,,,0,69,,5047,52,,,0,28,,5044,52,,,0,70,,5048,52,,,0,30,,5049,52,,,0,100,,5050,52,,,0,100,,5051,52,,,0,98,,5052,52,,,0,97,,5053,52,,,0,99,,5054,52,,,0
