2400,'4528',558,,8688,18,4,,0,145,,8689,18,4,,0,32,,8690,18,4,,0,109,,8691,18,4,,0,66,,8693,18,4,,0,30,,8692,18,4,,0,108,,8694,18,4,,0,104,,8695,18,4,,0,104,,8696,18,4,,0,146,,8697,18,4,,0,112,,8699,18,4,,0,32,,8700,18,4,,0,71,,8701,18,4,,0,32,,8698,18,4,,0,72,,8703,18,4,,0,32,,8702,18,4,,0,80,,8704,18,4,,0,96,,8705,18,4,,0,116,,8707,18,4,,0,100,,8706,18,4,,0,103,,8708,18,4,,0
2400,'5272',819,,8709,18,4,,0,108,,8711,18,4,,0,104,,8710,18,4,,0,107,,8712,18,4,,0,102,,8714,18,4,,0,108,,8715,18,4,,0,103,,8713,18,4,,0,92,,8716,18,4,,0,108,,8717,18,4,,0,101,,8719,18,4,,0,102,,8718,18,4,,0
2400,'5282',728,,8724,18,4,,0,100,,8725,18,4,,0,183,,8721,18,4,,0,110,,8720,18,4,,0,104,,8722,18,4,,0,106,,8723,18,4,,0,170,,8727,18,4,,0,51,,8726,18,4,,0,161,,8728,18,4,,0,24,,8731,18,4,,0,108,,8730,18,4,,0,105,,8732,18,4,,0,105,,8729,18,4,,0
2401,'4528',604,,8733,1,,,0,104,,8734,1,,,0,32,,8735,1,,,0,106,,8736,1,,,0,71,,8737,1,,,0,32,,8738,1,,,0,103,,8741,1,,,0,104,,8739,1,,,0,103,,8740,1,,,0,148,,8742,1,,,0,114,,8743,1,,,0,31,,8745,1,,,0,69,,8746,1,,,0,32,,8744,1,,,0,72,,8747,1,,,0,32,,8748,1,,,0,83,,8750,1,,,0,94,,8749,1,,,0,116,,8751,1,,,0,101,,8752,1,,,0
2401,'5272',722,,8756,1,,,0,103,,8753,1,,,0,107,,8755,1,,,0,104,,8754,1,,,0,108,,8757,1,,,0,101,,8759,1,,,0,109,,8760,1,,,0,102,,8758,1,,,0,93,,8761,1,,,0,107,,8762,1,,,0,101,,8763,1,,,0,99,,8764,1,,,0
2401,'5282',817,,8770,1,,,0,100,,8767,1,,,0,98,,8768,1,,,0,111,,8765,1,,,0,104,,8769,1,,,0,107,,8766,1,,,0,89,,8772,1,,,0,123,,8773,1,,,0,94,,8771,1,,,0,102,,8776,1,,,0,105,,8774,1,,,0,105,,8777,1,,,0,145,,8775,1,,,0
2500,'4528',759,,8778,19,4,,0,91,,8779,19,4,,0,90,,8780,19,4,,0,177,,8781,19,4,,0,135,,8782,19,4,,0,174,,8783,19,4,,0,115,,8785,19,4,,0,100,,8784,19,4,,0,92,,8786,19,4,,0,89,,8787,19,4,,0
2500,'5272',1017,,8788,19,4,,0,228,,8789,19,4,,0,295,,8790,19,4,,0,269,,8791,19,4,,0
2500,'5282',933,,8792,19,4,,0,172,,8794,19,4,,0,134,,8793,19,4,,0,171,,8795,19,4,,0,401,,8796,19,4,,0
2501,'4528',714,,8797,1,,,0,94,,8798,1,,,0,51,,8799,1,,,0,174,,8800,1,,,0,171,,8802,1,,,0,137,,8801,1,,,0,112,,8803,1,,,0,100,,8804,1,,,0,95,,8805,1,,,0,91,,8806,1,,,0
2501,'5272',1026,,8807,1,,,0,228,,8808,1,,,0,291,,8809,1,,,0,269,,8810,1,,,0
2501,'5282',942,,8812,1,,,0,172,,8813,1,,,0,133,,8811,1,,,0,181,,8815,1,,,0,391,,8814,1,,,0
