801,'4327',650,,4555,2,,,0,75,,4556,2,,,0,75,,4557,2,,,0,35,,4558,2,,,0,75,,4559,2,,,0,35,,4560,2,,,0,75,,4561,2,,,0,35,,4563,2,,,0,70,,4564,2,,,0,30,,4565,2,,,0,70,,4562,2,,,0,30,,4568,2,,,0,70,,4569,2,,,0,30,,4566,2,,,0,70,,4567,2,,,0,30,,4570,2,,,0,70,,4571,2,,,0,30,,4572,2,,,0,70,,4574,2,,,0,30,,4575,2,,,0,70,,4576,2,,,0,30,,4573,2,,,0,70,,4577,2,,,0,30,,4578,2,,,0,70,,4579,2,,,0,30,,4580,2,,,0,85,,4581,2,,,0,85,,4582,2,,,0,85,,4583,2,,,0,45,,4552,2,,,0,85,,4553,2,,,0
801,'4795',550,,2938,2,,,0,90,,2940,2,,,0,62,,2942,2,,,0,15,,2943,2,,,0,15,,2944,2,,,0,15,,2945,2,,,0,55,,2946,2,,,0,15,,2947,2,,,0,15,,2948,2,,,0,15,,2949,2,,,0,55,,2950,2,,,0,15,,2951,2,,,0,15,,2952,2,,,0,15,,2953,2,,,0,55,,2954,2,,,0,15,,2955,2,,,0,15,,2956,2,,,0,15,,2957,2,,,0,55,,2958,2,,,0,15,,2959,2,,,0,15,,2960,2,,,0,15,,2961,2,,,0,55,,2962,2,,,0,15,,2963,2,,,0,15,,2964,2,,,0,15,,2965,2,,,0,55,,2966,2,,,0,15,,2967,2,,,0,15,,2968,2,,,0,15,,2969,2,,,0,55,,2970,2,,,0,15,,2971,2,,,0,15,,2972,2,,,0,16,,2973,2,,,0,55,,2974,2,,,0,17,,2975,2,,,0,16,,2976,2,,,0,15,,2977,2,,,0,56,,2978,2,,,0,16,,2979,2,,,0,16,,2980,2,,,0,16,,2981,2,,,0,56,,2982,2,,,0,16,,2983,2,,,0,15,,2984,2,,,0,16,,2985,2,,,0,56,,2986,2,,,0,16,,2987,2,,,0,16,,2988,2,,,0,58,,2989,2,,,0,18,,2990,2,,,0,25,,2991,2,,,0,66,,2992,2,,,0,24,,2993,2,,,0,65,,2994,2,,,0,25,,2995,2,,,0,25,,2996,2,,,0,85,,2997,2,,,0,84,,2998,2,,,0,85,,2999,2,,,0,45,,3000,2,,,0
801,'4800',650,,3032,2,,,0,75,,3015,2,,,0,75,,3022,2,,,0,35,,3031,2,,,0,75,,3014,2,,,0,35,,3024,2,,,0,75,,3030,2,,,0,30,,3004,2,,,0,70,,3013,2,,,0,25,,3019,2,,,0,65,,3029,2,,,0,25,,761,2,,,0,20,,3002,2,,,0,60,,3012,2,,,0,20,,3034,2,,,0,20,,3018,2,,,0,60,,3027,2,,,0,20,,763,2,,,0,20,,3001,2,,,0,60,,3010,2,,,0,20,,3033,2,,,0,20,,3016,2,,,0,60,,3026,2,,,0,20,,764,2,,,0,20,,3003,2,,,0,60,,3011,2,,,0,20,,3035,2,,,0,20,,3017,2,,,0,60,,3028,2,,,0,20,,759,2,,,0,20,,3005,2,,,0,70,,3007,2,,,0,30,,3020,2,,,0,85,,3006,2,,,0,85,,3023,2,,,0,85,,3008,2,,,0,45,,3021,2,,,0,84,,3009,2,,,0,85,,749,2,,,0
801,'5102',550,,4584,2,,,0,90,,4586,2,,,0,62,,4588,2,,,0,15,,4589,2,,,0,15,,4591,2,,,0,15,,4592,2,,,0,55,,4593,2,,,0,15,,4590,2,,,0,15,,4595,2,,,0,15,,4596,2,,,0,55,,4597,2,,,0,15,,4594,2,,,0,15,,4598,2,,,0,15,,4599,2,,,0,55,,4600,2,,,0,15,,4601,2,,,0,15,,4602,2,,,0,15,,4603,2,,,0,55,,4604,2,,,0,15,,4606,2,,,0,15,,4607,2,,,0,15,,4609,2,,,0,55,,4605,2,,,0,15,,4610,2,,,0,15,,4611,2,,,0,15,,4608,2,,,0,55,,4612,2,,,0,15,,4613,2,,,0,15,,4614,2,,,0,15,,4615,2,,,0,55,,4616,2,,,0,15,,4617,2,,,0,15,,4619,2,,,0,16,,4621,2,,,0,55,,4618,2,,,0,17,,4623,2,,,0,16,,4624,2,,,0,15,,4625,2,,,0,56,,4626,2,,,0,16,,4627,2,,,0,16,,4628,2,,,0,16,,4630,2,,,0,56,,4632,2,,,0,16,,4633,2,,,0,15,,4629,2,,,0,16,,4634,2,,,0,56,,4631,2,,,0,16,,4635,2,,,0,16,,4636,2,,,0,58,,4637,2,,,0,18,,4638,2,,,0,25,,4639,2,,,0,66,,4640,2,,,0,24,,4641,2,,,0,65,,4642,2,,,0,25,,4643,2,,,0,25,,4644,2,,,0,85,,4646,2,,,0,84,,4647,2,,,0,85,,4648,2,,,0,45,,4645,2,,,0
801,'5105',650,,4681,2,,,0,75,,4663,2,,,0,75,,4670,2,,,0,35,,4680,2,,,0,75,,4662,2,,,0,35,,4673,2,,,0,75,,4679,2,,,0,30,,4652,2,,,0,70,,4661,2,,,0,25,,4667,2,,,0,65,,4678,2,,,0,25,,4684,2,,,0,20,,4650,2,,,0,60,,4660,2,,,0,20,,4685,2,,,0,20,,4666,2,,,0,60,,4676,2,,,0,20,,4686,2,,,0,20,,4649,2,,,0,60,,4658,2,,,0,20,,4683,2,,,0,20,,4664,2,,,0,60,,4675,2,,,0,20,,4687,2,,,0,20,,4651,2,,,0,60,,4659,2,,,0,20,,4688,2,,,0,20,,4665,2,,,0,60,,4677,2,,,0,20,,4682,2,,,0,20,,4653,2,,,0,70,,4655,2,,,0,30,,4668,2,,,0,85,,4654,2,,,0,85,,4671,2,,,0,85,,4656,2,,,0,45,,4669,2,,,0,84,,4657,2,,,0,85,,4672,2,,,0
2300,'4795',1435,,3493,2,0,9 10 11,0,286,,3498,2,0,9 10 11,0
2300,'4800',1415,,3517,2,0,9 10 11,0
2300,'5102',1435,,5777,2,0,9 10 11,0,286,,5787,2,0,9 10 11,0
2300,'5105',1415,,5817,2,0,9 10 11,0
9801,'4327',949,,6464,2,,,0,85,,6471,2,,,0,85,,6463,2,,,0,85,,6467,2,,,0,45,,6462,2,,,0,85,,6469,2,,,0,85,,6461,2,,,0,85,,6465,2,,,0,45,,6460,2,,,0,85,,6468,2,,,0,170,,6466,2,,,0,130,,6470,2,,,0,170,,6472,2,,,0
9801,'4795',635,,2737,2,,,0,20,,2736,2,,,0,60,,2723,2,,,0,20,,2716,2,,,0,21,,2722,2,,,0,61,,2725,2,,,0,21,,2732,2,,,0,21,,2724,2,,,0,82,,2729,2,,,0,83,,2735,2,,,0,83,,2721,2,,,0,45,,2731,2,,,0,85,,2739,2,,,0,85,,2728,2,,,0,85,,2730,2,,,0,44,,2710,2,,,0,69,,2717,2,,,0,20,,2720,2,,,0,60,,2727,2,,,0,20,,2726,2,,,0,20,,2712,2,,,0,19,,2719,2,,,0,60,,2715,2,,,0,20,,2713,2,,,0,20,,2740,2,,,0,60,,2709,2,,,0,21,,2741,2,,,0,80,,2711,2,,,0,80,,2718,2,,,0,40,,2738,2,,,0,80,,2708,2,,,0,80,,2734,2,,,0,40,,2714,2,,,0,79,,2733,2,,,0
9801,'4800',950,,2744,2,,,0,85,,2755,2,,,0,85,,2743,2,,,0,85,,2751,2,,,0,45,,2746,2,,,0,85,,2750,2,,,0,85,,2745,2,,,0,85,,2749,2,,,0,45,,2742,2,,,0,85,,2748,2,,,0,85,,2747,2,,,0,84,,2752,2,,,0,130,,2753,2,,,0,170,,2754,2,,,0
9801,'5102',635,,6496,2,,,0,20,,6489,2,,,0,60,,6497,2,,,0,20,,6494,2,,,0,21,,6498,2,,,0,61,,6490,2,,,0,42,,6493,2,,,0,82,,6492,2,,,0,83,,6495,2,,,0,83,,6491,2,,,0,45,,6479,2,,,0,85,,6483,2,,,0,85,,6477,2,,,0,85,,6478,2,,,0,46,,6474,2,,,0,65,,6501,2,,,0,22,,6484,2,,,0,60,,6499,2,,,0,20,,6500,2,,,0,20,,6488,2,,,0,78,,6486,2,,,0,90,,6487,2,,,0,50,,6485,2,,,0,90,,6476,2,,,0,86,,6482,2,,,0,86,,6473,2,,,0,80,,6481,2,,,0,40,,6475,2,,,0,79,,6480,2,,,0
9801,'5105',950,,6504,2,,,0,85,,6515,2,,,0,85,,6503,2,,,0,85,,6511,2,,,0,45,,6506,2,,,0,85,,6510,2,,,0,85,,6505,2,,,0,85,,6509,2,,,0,45,,6502,2,,,0,85,,6508,2,,,0,85,,6507,2,,,0,84,,6512,2,,,0,130,,6513,2,,,0,170,,6514,2,,,0
