9701,'4327',722,,6311,5,,,0,30,,6306,5,,,0,70,,6280,5,,,0,30,,6300,5,,,0,70,,6281,5,,,0,30,,6308,5,,,0,71,,6282,5,,,0,31,,6305,5,,,0,70,,6283,5,,,0,30,,6303,5,,,0,70,,6284,5,,,0,30,,6304,5,,,0,70,,6292,5,,,0,31,,6299,5,,,0,70,,6293,5,,,0,30,,6297,5,,,0,70,,6288,5,,,0,29,,6307,5,,,0,70,,6285,5,,,0,30,,6294,5,,,0,70,,6286,5,,,0,30,,6298,5,,,0,69,,6289,5,,,0,30,,6302,5,,,0,69,,6290,5,,,0,30,,6301,5,,,0,70,,6287,5,,,0,30,,6296,5,,,0,70,,6291,5,,,0,29,,6309,5,,,0,70,,6295,5,,,0,100,,6310,5,,,0
9701,'4795',610,,3825,5,,,0,20,,3820,5,,,0,97,,3818,5,,,0,8,,3810,1,,,0,7,,3817,5,,,0,71,,3828,5,,,0,15,,3821,5,,,0,15,,3816,5,,,0,87,,3819,5,,,0,17,,3807,5,,,0,72,,3826,5,,,0,15,,3823,5,,,0,15,,3811,5,,,0,88,,3822,5,,,0,16,,3808,5,,,0,72,,3829,5,,,0,16,,3824,5,,,0,15,,3813,5,,,0,86,,3803,5,,,0,14,,3809,5,,,0,55,,3800,5,,,0,25,,3827,5,,,0,9,,3798,5,,,0,56,,3815,5,,,0,54,,3802,5,,,0,58,,3806,5,,,0,18,,3799,5,,,0,76,,3797,5,,,0,16,,3814,5,,,0,90,,3804,5,,,0,17,,3805,5,,,0,17,,3801,5,,,0,76,,3796,5,,,0,97,,3830,5,,,0,23,,3831,5,,,0,182,,3832,5,,,0,179,,3833,5,,,0
9701,'4796',652,,3839,5,,,0,60,,3847,5,,,0,46,,3838,5,,,0,100,,3840,5,,,0,56,,3845,5,,,0,90,,3837,5,,,0,101,,3841,5,,,0,16,,3849,5,,,0,88,,3843,5,,,0,103,,3842,5,,,0,15,,3850,5,,,0,99,,3844,5,,,0,92,,3835,5,,,0,19,,3851,5,,,0,112,,3852,5,,,0,91,,3834,5,,,0,17,,3848,5,,,0,148,,3853,5,,,0,36,,3854,5,,,0,60,,3836,5,,,0,107,,3855,5,,,0,25,,3856,5,,,0,26,,3857,5,,,0,91,,3858,5,,,0,64,,3859,5,,,0,25,,3860,5,,,0,90,,3861,5,,,0,25,,3862,5,,,0,65,,3863,5,,,0
9701,'4799',652,,3869,5,,,0,60,,3877,5,,,0,46,,3868,5,,,0,100,,3870,5,,,0,56,,3875,5,,,0,90,,3867,5,,,0,101,,3871,5,,,0,16,,3879,5,,,0,88,,3873,5,,,0,103,,3872,5,,,0,15,,3880,5,,,0,99,,3874,5,,,0,92,,3865,5,,,0,19,,3881,5,,,0,112,,3882,5,,,0,91,,3864,5,,,0,17,,3878,5,,,0,148,,3883,5,,,0,36,,3884,5,,,0,60,,3866,5,,,0,107,,3885,5,,,0,25,,3886,5,,,0,26,,3887,5,,,0,91,,3888,5,,,0,64,,3889,5,,,0,25,,3890,5,,,0,90,,3891,5,,,0,25,,3892,5,,,0,65,,3893,5,,,0,85,,3895,5,,,0,50,,3894,5,0,12,0
9701,'4800',658,,3931,1,,,0,92,,3897,5,,,0,71,,3896,5,,,0,30,,3900,5,,,0,70,,3899,5,,,0,30,,3901,5,,,0,70,,3902,5,,,0,30,,3903,5,,,0,71,,3898,5,,,0,30,,3908,5,,,0,70,,3920,5,,,0,30,,3921,5,,,0,70,,3922,5,,,0,30,,3910,5,,,0,70,,3909,5,,,0,30,,3904,5,,,0,70,,3905,5,,,0,30,,3907,5,,,0,70,,3912,5,,,0,30,,3914,5,,,0,70,,3906,5,,,0,30,,3911,5,,,0,70,,3913,5,,,0,30,,3934,5,,,0,70,,3916,5,,,0,30,,3923,5,,,0,70,,3915,5,,,0,30,,3924,5,,,0,70,,3917,5,,,0,30,,3927,5,,,0,70,,3918,5,,,0,29,,3926,5,,,0,70,,3919,5,,,0,30,,3925,5,,,0,70,,3928,5,,,0,30,,3930,5,,,0,70,,3929,5,,,0,30,,3933,5,,,0,70,,3932,5,0,12,0
9701,'5102',610,,6314,5,,,0,19,,6312,5,,,0,20,,6328,5,,,0,60,,6364,5,,,0,21,,6333,5,,,0,23,,6334,5,,,0,61,,6335,5,,,0,21,,6336,5,,,0,20,,6337,5,,,0,61,,6338,5,,,0,20,,6339,5,,,0,20,,6340,5,,,0,60,,6341,5,,,0,25,,6331,5,,,0,68,,6332,5,,,0,29,,6325,5,,,0,70,,6324,5,,,0,29,,6329,5,,,0,69,,6326,5,,,0,30,,6327,5,,,0,70,,6345,5,,,0,20,,6342,5,,,0,20,,6343,5,,,0,60,,6347,5,,,0,20,,6344,5,,,0,20,,6348,5,,,0,60,,6349,5,,,0,20,,6350,5,,,0,20,,6330,5,,,0,60,,6323,5,,,0,20,,6346,5,,,0,19,,6352,5,,,0,59,,6351,5,,,0,20,,6353,5,,,0,20,,6355,5,,,0,59,,6354,5,,,0,21,,6356,5,,,0,23,,6358,5,,,0,63,,6357,5,,,0,23,,6363,5,,,0,23,,6359,5,,,0,63,,6361,5,,,0,23,,6360,5,,,0,62,,6362,5,,,0,24,,6315,5,,,0,24,,6316,5,,,0,63,,6317,5,,,0,24,,6318,5,,,0,65,,6319,5,,,0,25,,6320,5,,,0,25,,6321,5,,,0,65,,6322,5,,,0
9701,'5105',658,,6400,1,,,0,97,,6367,5,,,0,71,,6366,5,,,0,30,,6370,5,,,0,70,,6369,5,,,0,30,,6371,5,,,0,71,,6372,5,,,0,30,,6373,5,,,0,71,,6368,5,,,0,30,,6377,5,,,0,72,,6390,5,,,0,72,,6391,5,,,0,32,,6389,5,,,0,72,,6379,5,,,0,32,,6378,5,,,0,72,,6374,5,,,0,32,,6375,5,,,0,72,,6381,5,,,0,32,,6383,5,,,0,72,,6376,5,,,0,32,,6380,5,,,0,71,,6382,5,,,0,32,,6401,5,,,0,70,,6385,5,,,0,30,,6392,5,,,0,70,,6384,5,,,0,30,,6393,5,,,0,70,,6386,5,,,0,30,,6396,5,,,0,70,,6387,5,,,0,29,,6395,5,,,0,69,,6388,5,,,0,30,,6394,5,,,0,70,,6397,5,,,0,30,,6399,5,,,0,70,,6398,5,0,12,0
9801,'4327',1004,,6464,12,,,0,47,,6471,12,,,0,85,,6463,12,,,0,85,,6467,12,,,0,85,,6462,12,,,0,45,,6469,12,,,0,85,,6461,12,,,0,85,,6465,12,,,0,85,,6460,12,,,0,45,,6468,12,,,0,169,,6466,12,,,0,129,,6470,12,,,0,170,,6472,12,,,0
9801,'4795',650,,2737,12,,,0,61,,2736,12,,,0,21,,2723,12,,,0,20,,2716,12,,,0,61,,2722,12,,,0,21,,2725,12,,,0,21,,2732,12,,,0,61,,2724,12,,,0,42,,2729,12,,,0,83,,2735,12,,,0,83,,2721,12,,,0,85,,2731,12,,,0,45,,2739,12,,,0,85,,2728,12,,,0,86,,2730,12,,,0,85,,2710,12,,,0,29,,2717,12,,,0,20,,2720,12,,,0,60,,2727,12,,,0,20,,2726,12,,,0,20,,2712,12,,,0,59,,2719,12,,,0,20,,2715,12,,,0,18,,2713,12,,,0,60,,2740,12,,,0,20,,2709,12,,,0,21,,2741,12,,,0,79,,2711,12,,,0,80,,2718,12,,,0,40,,2738,12,,,0,79,,2708,12,,,0,80,,2734,12,,,0,40,,2714,12,,,0,79,,2733,12,,,0
9801,'4800',1007,,2744,12,,,0,45,,2755,12,,,0,85,,2743,12,,,0,85,,2751,12,,,0,85,,2746,12,,,0,45,,2750,12,,,0,85,,2745,12,,,0,85,,2749,12,,,0,85,,2742,12,,,0,45,,2748,12,,,0,85,,2747,12,,,0,84,,2752,12,,,0,128,,2753,12,,,0,170,,2754,12,,,0
9801,'5102',650,,6496,12,,,0,61,,6489,12,,,0,21,,6497,12,,,0,20,,6494,12,,,0,61,,6498,12,,,0,21,,6490,12,,,0,82,,6493,12,,,0,42,,6492,12,,,0,83,,6495,12,,,0,83,,6491,12,,,0,85,,6479,12,,,0,45,,6483,12,,,0,85,,6477,12,,,0,86,,6478,12,,,0,87,,6474,12,,,0,25,,6501,12,,,0,22,,6484,12,,,0,60,,6499,12,,,0,20,,6500,12,,,0,20,,6488,12,,,0,78,,6486,12,,,0,88,,6487,12,,,0,90,,6485,12,,,0,89,,6476,12,,,0,46,,6482,12,,,0,85,,6473,12,,,0,80,,6481,12,,,0,40,,6475,12,,,0,79,,6480,12,,,0
9801,'5105',1007,,6504,12,,,0,45,,6515,12,,,0,85,,6503,12,,,0,85,,6511,12,,,0,85,,6506,12,,,0,45,,6510,12,,,0,85,,6505,12,,,0,85,,6509,12,,,0,85,,6502,12,,,0,45,,6508,12,,,0,85,,6507,12,,,0,84,,6512,12,,,0,128,,6513,12,,,0,170,,6514,12,,,0
