800,'4327',612,,4408,7,,,0,33,,4409,23,,,0,75,,4410,23,,,0,35,,4411,23,,,0,76,,4412,23,,,0,78,,4414,23,,,0,35,,4415,23,,,0,71,,4416,23,,,0,30,,4413,23,,,0,71,,4418,23,,,0,30,,4419,23,,,0,70,,4420,23,,,0,30,,4417,23,,,0,70,,4421,23,,,0,30,,4422,23,,,0,70,,4423,23,,,0,30,,4426,23,,,0,70,,4433,23,,,0,30,,4427,23,,,0,70,,4434,23,,,0,30,,4424,23,,,0,70,,4425,23,,,0,29,,4428,23,,,0,69,,4435,23,,,0,30,,4429,23,,,0,69,,4430,23,,,0,29,,4431,23,,,0,70,,4432,23,,,0,45,,4436,23,,,0,83,,4437,23,,,0,85,,4438,23,,,0,84,,4439,23,,,0,45,,4440,23,,,0
800,'4795',612,,2810,23,,,0,20,,2811,23,,,0,16,,2812,7,,,0,11,,2813,23,,,0,51,,2814,7,,,0,12,,2815,23,,,0,17,,2816,23,,,0,15,,2817,23,,,0,56,,2818,23,,,0,15,,2819,23,,,0,16,,2820,23,,,0,15,,2821,23,,,0,54,,2822,23,,,0,8,,585,23,,,0,8,,2823,23,,,0,15,,2824,23,,,0,15,,2825,23,,,0,55,,2826,23,,,0,15,,2827,23,,,0,15,,2828,23,,,0,15,,2829,23,,,0,55,,2830,23,,,0,15,,2831,23,,,0,15,,2832,23,,,0,15,,2833,23,,,0,55,,2834,23,,,0,15,,2835,23,,,0,15,,2836,23,,,0,15,,2837,23,,,0,55,,2838,23,,,0,15,,2839,23,,,0,15,,2840,23,,,0,15,,2841,23,,,0,56,,2842,23,,,0,16,,2843,23,,,0,15,,2844,23,,,0,15,,2845,23,,,0,56,,2846,23,,,0,16,,2847,23,,,0,17,,2848,23,,,0,55,,561,23,,,0,1,,2849,23,,,0,16,,2850,23,,,0,16,,2851,23,,,0,11,,565,23,,,0,4,,2852,23,,,0,55,,2853,23,,,0,14,,2854,23,,,0,16,,2855,23,,,0,14,,2856,23,,,0,56,,2857,23,,,0,15,,2858,23,,,0,15,,2859,23,,,0,16,,2860,23,,,0,56,,2861,23,,,0,18,,2862,23,,,0,20,,2863,23,,,0,60,,2864,23,,,0,23,,2865,23,,,0,25,,2866,23,,,0,64,,2867,23,,,0,24,,2868,23,,,0,65,,2869,23,,,0,44,,2870,23,,,0,85,,2808,23,,,0,83,,2807,23,,,0,85,,2809,23,,,0
800,'4800',612,,2904,7,,,0,36,,2886,23,,,0,76,,2895,23,,,0,35,,2903,23,,,0,76,,2885,23,,,0,75,,2896,23,,,0,37,,2902,23,,,0,70,,2871,23,,,0,29,,2882,23,,,0,65,,2888,23,,,0,25,,2898,23,,,0,20,,622,23,,,0,60,,2876,23,,,0,20,,2884,23,,,0,20,,2905,23,,,0,60,,2889,23,,,0,20,,2901,23,,,0,20,,625,23,,,0,60,,2873,23,,,0,20,,2881,23,,,0,20,,2906,23,,,0,60,,2890,23,,,0,20,,2897,23,,,0,20,,626,23,,,0,60,,2874,23,,,0,20,,2883,23,,,0,20,,2908,23,,,0,60,,2891,23,,,0,20,,2900,23,,,0,20,,628,23,,,0,60,,2875,23,,,0,19,,2879,23,,,0,18,,2907,23,,,0,60,,2887,23,,,0,30,,2899,23,,,0,69,,2878,23,,,0,45,,2893,23,,,0,84,,2880,23,,,0,84,,2894,23,,,0,85,,2877,23,,,0,44,,2892,23,,,0,83,,2872,23,,,0,80,,611,23,,,0
800,'5102',612,,4444,23,,,0,20,,4446,23,,,0,16,,4447,7,,,0,11,,4448,23,,,0,51,,4445,7,,,0,12,,4449,23,,,0,17,,4450,23,,,0,15,,4451,23,,,0,56,,4452,23,,,0,15,,4453,23,,,0,16,,4454,23,,,0,15,,4455,23,,,0,54,,4456,23,,,0,8,,4507,23,,,0,8,,4458,23,,,0,15,,4459,23,,,0,15,,4460,23,,,0,55,,4457,23,,,0,15,,4461,23,,,0,15,,4463,23,,,0,15,,4464,23,,,0,55,,4465,23,,,0,15,,4462,23,,,0,15,,4466,23,,,0,15,,4467,23,,,0,55,,4468,23,,,0,15,,4469,23,,,0,15,,4470,23,,,0,15,,4471,23,,,0,55,,4472,23,,,0,15,,4473,23,,,0,15,,4474,23,,,0,15,,4475,23,,,0,56,,4477,23,,,0,16,,4478,23,,,0,15,,4479,23,,,0,15,,4476,23,,,0,56,,4480,23,,,0,16,,4481,23,,,0,17,,4482,23,,,0,55,,4483,23,,,0,1,,4484,23,,,0,16,,4485,23,,,0,8,,4508,23,,,0,8,,4486,23,,,0,11,,4487,23,,,0,4,,4488,23,,,0,55,,4489,23,,,0,14,,4490,23,,,0,16,,4491,23,,,0,14,,4492,23,,,0,56,,4493,23,,,0,15,,4495,23,,,0,15,,4496,23,,,0,16,,4497,23,,,0,56,,4494,23,,,0,18,,4498,23,,,0,20,,4500,23,,,0,60,,4501,23,,,0,23,,4499,23,,,0,25,,4502,23,,,0,64,,4503,23,,,0,24,,4504,23,,,0,65,,4505,23,,,0,44,,4506,23,,,0,85,,4442,23,,,0,83,,4441,23,,,0,85,,4443,23,,,0
800,'5105',612,,4543,7,,,0,36,,4524,23,,,0,76,,4533,23,,,0,35,,4542,23,,,0,76,,4523,23,,,0,75,,4535,23,,,0,37,,4541,23,,,0,70,,4509,23,,,0,29,,4520,23,,,0,65,,4526,23,,,0,25,,4537,23,,,0,20,,4545,23,,,0,60,,4514,23,,,0,20,,4522,23,,,0,20,,4544,23,,,0,60,,4527,23,,,0,20,,4540,23,,,0,20,,4548,23,,,0,60,,4511,23,,,0,20,,4519,23,,,0,20,,4546,23,,,0,60,,4528,23,,,0,20,,4536,23,,,0,20,,4549,23,,,0,60,,4512,23,,,0,20,,4521,23,,,0,20,,4550,23,,,0,60,,4529,23,,,0,20,,4539,23,,,0,20,,4551,23,,,0,60,,4513,23,,,0,19,,4517,23,,,0,18,,4547,23,,,0,60,,4525,23,,,0,30,,4538,23,,,0,69,,4516,23,,,0,45,,4531,23,,,0,84,,4518,23,,,0,84,,4532,23,,,0,85,,4515,23,,,0,44,,4530,23,,,0,83,,4510,23,,,0,80,,4534,23,,,0
9800,'4327',914,,6407,7,,,0,45,,6415,7,,,0,87,,6406,7,,,0,85,,6408,7,,,0,85,,6405,7,,,0,85,,6410,7,,,0,45,,6404,7,,,0,85,,6409,7,,,0,85,,6402,7,,,0,85,,6411,7,,,0,45,,6403,7,,,0,85,,6412,7,,,0,170,,6413,7,,,0,128,,6414,7,,,0
9800,'4795',645,,2670,7,,,0,60,,2666,7,,,0,20,,2669,7,,,0,21,,2668,7,,,0,61,,2680,7,,,0,21,,2657,7,,,0,21,,2660,7,,,0,61,,2655,7,,,0,42,,2648,7,,,0,83,,2671,7,,,0,84,,2675,7,,,0,83,,2656,7,,,0,45,,2658,7,,,0,85,,2677,7,,,0,86,,2649,7,,,0,88,,2659,7,,,0,20,,2673,7,,,0,20,,2678,7,,,0,60,,2665,7,,,0,20,,2652,7,,,0,20,,2663,7,,,0,60,,2661,7,,,0,17,,2654,7,,,0,19,,2650,7,,,0,60,,2651,7,,,0,20,,2672,7,,,0,29,,2679,7,,,0,80,,2664,7,,,0,80,,2676,7,,,0,40,,2674,7,,,0,79,,2647,7,,,0,80,,2667,7,,,0,39,,2653,7,,,0,79,,2662,7,,,0
9800,'4800',914,,2685,7,,,0,45,,2694,7,,,0,89,,2686,7,,,0,85,,2689,7,,,0,85,,2683,7,,,0,85,,2688,7,,,0,45,,2684,7,,,0,85,,2691,7,,,0,85,,2681,7,,,0,84,,2690,7,,,0,45,,2682,7,,,0,85,,2687,7,,,0,169,,2692,7,,,0,130,,2693,7,,,0
9800,'5102',645,,6437,7,,,0,60,,6433,7,,,0,20,,6440,7,,,0,21,,6435,7,,,0,61,,6441,7,,,0,21,,6439,7,,,0,82,,6434,7,,,0,42,,6438,7,,,0,83,,6436,7,,,0,84,,6432,7,,,0,83,,6419,7,,,0,45,,6420,7,,,0,85,,6426,7,,,0,86,,6416,7,,,0,88,,6431,7,,,0,20,,6443,7,,,0,20,,6442,7,,,0,60,,6430,7,,,0,20,,6445,7,,,0,20,,6428,7,,,0,60,,6444,7,,,0,32,,6427,7,,,0,82,,6429,7,,,0,89,,6422,7,,,0,50,,6425,7,,,0,86,,6424,7,,,0,85,,6417,7,,,0,80,,6423,7,,,0,39,,6418,7,,,0,79,,6421,7,,,0
9800,'5105',914,,6450,7,,,0,45,,6459,7,,,0,89,,6451,7,,,0,85,,6454,7,,,0,85,,6448,7,,,0,85,,6453,7,,,0,45,,6449,7,,,0,85,,6456,7,,,0,85,,6446,7,,,0,84,,6455,7,,,0,45,,6447,7,,,0,85,,6452,7,,,0,169,,6457,7,,,0,130,,6458,7,,,0
