601,'4327',811,,4374,16,,,0,120,,4373,16,,,0,120,,4372,16,,,0,160,,4376,16,,,0,120,,4377,16,,,0,120,,4378,16,,,0,160,,4375,16,,,0,120,,4379,16,,,0
601,'4795',626,,459,16,,,0,75,,2769,16,,,0,23,,2772,4,,,0,12,,458,16,,,0,76,,2770,16,,,0,35,,457,16,,,0,75,,2771,16,,,0,35,,462,16,,,0,150,,461,16,,,0,110,,464,16,,,0,110,,463,16,,,0,75,,469,16,,,0,35,,460,16,,,0,70,,465,4,,,0,5,,471,16,,,0,36,,456,16,,,0,75,,470,16,,,0,35,,454,16,,,0,74,,472,16,,,0,75,,455,16,,,0,110,,473,16,,,0,110,,474,16,,,0,210,,2773,16,,,0
601,'4800',816,,2774,16,,,0,100,,478,16,,,0,100,,480,16,,,0,100,,2775,16,,,0,100,,479,16,,,0,100,,484,16,,,0,100,,483,16,,,0,100,,482,16,,,0,200,,485,16,,,0
601,'5102',626,,4385,16,,,0,98,,4398,4,,,0,12,,4384,16,,,0,111,,4383,16,,,0,110,,4387,16,,,0,150,,4388,16,,,0,110,,4390,16,,,0,110,,4389,16,,,0,75,,4392,16,,,0,35,,4386,16,,,0,70,,4391,4,,,0,5,,4394,16,,,0,36,,4382,16,,,0,75,,4393,16,,,0,35,,4380,16,,,0,74,,4395,16,,,0,75,,4381,16,,,0,110,,4396,16,,,0,110,,4397,16,,,0
601,'5105',816,,4399,16,,,0,100,,4400,16,,,0,100,,4402,16,,,0,100,,4403,16,,,0,100,,4401,16,,,0,100,,4406,16,,,0,100,,4405,16,,,0,100,,4404,16,,,0,200,,4407,16,,,0
1800,'4327',740,,5283,16,,,0,102,,5276,16,,,0,115,,5275,16,,,0,160,,5274,16,,,0,115,,5273,16,,,0,120,,5272,16,,,0,155,,5271,16,,,0,120,,5277,16,,,0,115,,5278,16,,,0,158,,5279,16,,,0,115,,5280,16,,,0,115,,5281,16,,,0,115,,5282,16,,,0
1800,'4795',621,,3424,16,,,0,106,,1418,16,,,0,27,,1399,16,,,0,66,,1419,16,,,0,29,,1400,16,,,0,68,,1422,16,,,0,27,,1401,16,,,0,80,,1405,16,,,0,80,,1404,16,,,0,40,,1402,16,,,0,80,,1403,16,,,0,80,,1398,16,,,0,40,,1409,16,,,0,80,,1407,16,,,0,28,,1421,16,,,0,67,,1410,16,,,0,29,,1420,16,,,0,68,,1408,16,,,0,30,,1423,16,,,0,66,,1406,16,,,0,30,,1424,16,,,0,70,,1411,16,,,0,95,,1413,16,,,0,37,,1412,16,,,0,80,,1414,16,,,0,83,,1415,16,,,0,115,,1416,16,,,0
1800,'4800',740,,3427,16,,,0,101,,1427,16,,,0,100,,1428,16,,,0,100,,3425,16,,,0,100,,1425,16,,,0,100,,1429,16,,,0,100,,1430,16,,,0,100,,1431,16,,,0,100,,1432,16,,,0,100,,1433,16,,,0,100,,3426,16,,,0,84,,3428,16,,,0,115,,3429,16,,,0,115,,3430,16,,,0,155,,3431,16,,,0,115,,3432,16,,,0,115,,3433,16,,,0
1800,'5102',621,,5303,16,,,0,106,,5304,16,,,0,27,,5285,16,,,0,66,,5305,16,,,0,29,,5286,16,,,0,68,,5308,16,,,0,27,,5287,16,,,0,80,,5292,16,,,0,80,,5291,16,,,0,40,,5288,16,,,0,80,,5289,16,,,0,80,,5284,16,,,0,40,,5296,16,,,0,80,,5290,16,,,0,28,,5307,16,,,0,67,,5295,16,,,0,29,,5306,16,,,0,68,,5294,16,,,0,30,,5309,16,,,0,66,,5293,16,,,0,30,,5310,16,,,0,70,,5297,16,,,0,95,,5299,16,,,0,37,,5298,16,,,0,80,,5301,16,,,0,83,,5300,16,,,0,115,,5302,16,,,0
1800,'5105',740,,5321,16,,,0,101,,5313,16,,,0,100,,5314,16,,,0,100,,5312,16,,,0,100,,5311,16,,,0,100,,5315,16,,,0,100,,5316,16,,,0,100,,5317,16,,,0,100,,5318,16,,,0,100,,5319,16,,,0,100,,5320,16,,,0,84,,5322,16,,,0,115,,5323,16,,,0,115,,5324,16,,,0,155,,5325,16,,,0,115,,5326,16,,,0,115,,5327,16,,,0
1900,'4327',808,,5388,11,,,0,115,,5387,11,,,0,120,,5386,11,,,0,115,,5385,11,,,0,160,,5384,11,,,0,115,,5383,11,,,0,120,,5389,11,,,0,155,,5390,11,,,0,120,,5392,11,,,0,115,,5391,11,,,0,115,,5393,11,,,0,155,,5394,11,,,0
1900,'4795',713,,1541,11,,,0,20,,1540,11,,,0,20,,1537,11,,,0,60,,1538,11,,,0,20,,1515,11,,,0,20,,1535,11,,,0,61,,1514,11,,,0,35,,1521,11,,,0,75,,1518,11,,,0,35,,1517,11,,,0,75,,1516,11,,,0,75,,1519,11,,,0,35,,1520,11,,,0,75,,1523,11,,,0,35,,1524,11,,,0,75,,1527,11,,,0,20,,1509,11,,,0,60,,1525,11,,,0,20,,1510,11,,,0,20,,1526,11,,,0,60,,1512,11,,,0,20,,1522,11,,,0,20,,1511,11,,,0,60,,1529,11,,,0,20,,1513,11,,,0,20,,1528,11,,,0,75,,1530,11,,,0,35,,1532,11,,,0,74,,1533,11,,,0,75,,1531,11,,,0,35,,1534,11,,,0,100,,1539,11,,,0,110,,1536,11,,,0
1900,'4800',738,,1543,11,,,0,75,,1544,11,,,0,35,,1545,11,,,0,75,,1542,11,,,0,35,,1546,11,,,0,75,,1548,11,,,0,75,,1549,11,,,0,35,,1550,11,,,0,75,,1547,11,,,0,35,,1551,11,,,0,75,,1553,11,,,0,75,,1554,11,,,0,35,,1555,11,,,0,75,,1552,11,,,0,35,,1556,11,,,0,75,,1557,11,,,0,35,,1558,11,,,0,75,,1559,11,,,0,75,,1560,11,,,0,100,,3443,11,,,0,115,,3444,11,,,0,115,,3445,11,,,0,115,,3447,11,,,0,155,,3446,11,,,0
1900,'5102',713,,5427,11,,,0,20,,5426,11,,,0,20,,5423,11,,,0,60,,5424,11,,,0,20,,5401,11,,,0,20,,5421,11,,,0,61,,5400,11,,,0,35,,5407,11,,,0,75,,5404,11,,,0,35,,5402,11,,,0,75,,5403,11,,,0,75,,5405,11,,,0,35,,5406,11,,,0,75,,5409,11,,,0,35,,5410,11,,,0,75,,5414,11,,,0,21,,5428,4,,,0,2,,5395,11,,,0,57,,5411,11,,,0,20,,5396,11,,,0,20,,5412,11,,,0,60,,5398,11,,,0,20,,5408,11,,,0,20,,5397,11,,,0,60,,5415,11,,,0,20,,5399,11,,,0,20,,5413,11,,,0,75,,5416,11,,,0,35,,5418,11,,,0,74,,5419,11,,,0,75,,5417,11,,,0,35,,5420,11,,,0,100,,5425,11,,,0,110,,5422,11,,,0
1900,'5105',738,,5430,11,,,0,75,,5431,11,,,0,35,,5432,11,,,0,75,,5429,11,,,0,35,,5433,11,,,0,75,,5435,11,,,0,75,,5436,11,,,0,35,,5437,11,,,0,75,,5434,11,,,0,35,,5438,11,,,0,75,,5440,11,,,0,75,,5441,11,,,0,35,,5442,11,,,0,75,,5439,11,,,0,35,,5443,11,,,0,75,,5444,11,,,0,35,,5445,11,,,0,75,,5446,11,,,0,75,,5447,11,,,0,100,,5448,11,,,0,115,,5449,11,,,0,115,,5450,11,,,0,115,,5452,11,,,0,155,,5451,11,,,0
