100,103023,1,0
100,103800,2,0
100,103214,3,0
100,103188,4,0
100,103151,5,0
100,103133,6,0
100,103113,7,0
100,103091,8,0
100,140243,9,0
100,103044,10,0
100,103016,11,0
100,102997,12,0
100,103020,13,0
100,103028,14,0
100,102995,15,0
100,102984,16,0
100,140053,17,0
100,102956,18,0
100,102930,19,0
100,102910,20,0
100,102892,21,0
100,102883,22,0
100,102869,23,0
100,102861,24,1
101,102861,1,0
101,102868,2,0
101,102881,3,0
101,102896,4,0
101,102914,5,0
101,102928,6,0
101,102952,7,0
101,102961,8,0
101,102976,9,0
101,102982,10,0
101,102997,11,0
101,103020,12,0
101,103028,13,0
101,102999,14,0
101,103025,15,0
101,103062,16,0
101,103093,17,0
101,103119,18,0
101,103139,19,0
101,103152,20,0
101,103185,21,0
101,103342,22,0
101,103801,23,0
101,103023,24,1
200,102859,1,0
200,102865,2,0
200,102870,3,0
200,140233,4,0
200,102888,5,0
200,102901,6,0
200,102911,7,0
200,102919,8,0
200,102924,9,0
200,102932,10,0
200,102934,11,0
200,102935,12,0
200,102922,13,0
200,102913,14,0
200,102895,15,0
200,102885,16,0
200,102879,17,0
200,102875,18,0
300,103079,1,0
300,103076,2,0
300,103102,3,0
300,103099,4,0
300,103123,5,0
300,103147,6,0
300,103172,7,0
300,103170,8,0
300,103143,9,0
300,103129,10,0
300,103111,11,0
300,103089,12,0
300,103083,13,0
300,103052,14,0
300,103041,15,0
300,103051,16,0
300,103090,17,0
300,103098,18,0
300,103053,19,0
300,103082,20,0
300,103095,21,0
300,103117,22,0
300,103128,23,0
300,103148,24,0
300,103168,25,0
300,103166,26,0
300,103145,27,0
300,103118,28,0
300,103096,29,0
300,103101,30,0
300,103092,31,0
400,103016,1,0
400,102997,2,0
400,103020,3,0
400,103457,4,0
400,103038,5,0
400,103045,6,0
400,103059,7,0
400,103088,8,0
400,103507,9,1
401,103512,1,0
401,103084,2,0
401,103054,3,0
401,103042,4,0
401,103030,5,0
401,140257,6,0
401,103039,7,0
401,103016,8,1
500,103023,1,0
500,140028,2,0
500,140029,3,0
500,140030,4,0
500,140031,5,0
500,140032,6,0
500,140033,7,0
500,140034,8,0
500,140035,9,0
500,140036,10,0
500,140236,11,0
500,140037,12,0
500,140038,13,0
500,140039,14,0
500,140050,15,0
500,140040,16,0
500,140041,17,0
500,140042,18,0
500,140057,19,0
500,102860,20,1
501,102860,1,0
501,140044,2,0
501,140018,3,0
501,140019,4,0
501,140020,5,0
501,140021,6,0
501,140022,7,0
501,140023,8,0
501,140237,9,0
501,102939,10,0
501,102958,11,0
501,102978,12,0
501,103006,13,0
501,140024,14,0
501,140025,15,0
501,140026,16,0
501,140027,17,0
501,140012,18,0
501,103023,19,1
600,140099,1,0
600,140139,2,0
600,140163,3,0
600,140137,4,0
600,140241,5,0
600,140135,6,0
600,140133,7,0
600,103104,8,0
600,103154,9,0
600,103131,10,0
600,103103,11,0
600,103080,12,0
600,103048,13,0
600,103005,14,0
600,102987,15,0
600,102968,16,0
600,102965,17,0
600,102959,18,0
600,103031,19,0
600,140050,20,0
600,102905,21,0
600,102903,22,0
600,102894,23,0
600,102879,24,0
600,102867,25,0
600,102856,26,1
601,102856,1,0
601,102866,2,0
601,102880,3,0
601,102898,4,0
601,102908,5,0
601,140051,6,0
601,103029,7,0
601,102960,8,0
601,102966,9,0
601,102977,10,0
601,102988,11,0
601,103010,12,0
601,103041,13,0
601,103051,14,0
601,103087,15,0
601,103107,16,0
601,103136,17,0
601,103159,18,0
601,140131,19,0
601,140132,20,0
601,140134,21,0
601,140242,22,0
601,140136,23,0
601,140162,24,0
601,140138,25,0
601,140100,26,1
800,103030,1,0
800,102995,2,0
800,102984,3,0
800,140053,4,0
800,102956,5,0
800,102930,6,0
800,140047,7,0
800,140043,8,0
800,102929,9,0
800,102941,10,0
800,102954,11,0
800,102979,12,0
800,102990,13,0
800,103004,14,0
800,103033,15,0
800,103056,16,0
800,103075,17,0
800,103121,18,0
800,103144,19,0
800,103169,20,0
800,103186,21,0
800,103204,22,0
800,103222,23,0
800,103245,24,0
800,103264,25,0
800,103278,26,0
800,103296,27,0
800,103312,28,0
800,140152,29,0
800,140150,30,0
800,140164,31,0
800,103373,32,0
800,103376,33,0
800,140216,34,0
800,103384,35,0
800,102863,36,0
800,102998,37,0
800,140246,38,0
800,140112,39,0
800,140109,40,0
800,140108,41,0
800,140106,42,0
800,140101,43,1
801,140101,1,0
801,140105,2,0
801,140107,3,0
801,140259,4,0
801,140111,5,0
801,140245,6,0
801,103392,7,0
801,103385,8,0
801,103382,9,0
801,103380,10,0
801,103377,11,0
801,140254,12,0
801,103365,13,0
801,140148,14,0
801,103321,15,0
801,103297,16,0
801,103274,17,0
801,103260,18,0
801,103240,19,0
801,103221,20,0
801,103201,21,0
801,103184,22,0
801,103171,23,0
801,103142,24,0
801,103125,25,0
801,103108,26,0
801,103097,27,0
801,103069,28,0
801,103057,29,0
801,103014,30,0
801,102996,31,0
801,102986,32,0
801,102973,33,0
801,102950,34,0
801,140048,35,0
801,140045,36,0
801,140046,37,0
801,102914,38,0
801,102928,39,0
801,102952,40,0
801,102961,41,0
801,102976,42,0
801,102982,43,0
801,102997,44,0
801,103020,45,0
801,103030,46,1
900,102859,1,0
900,102875,2,0
900,102884,3,0
900,102891,4,0
900,102893,5,0
900,102907,6,0
900,102916,7,0
900,102925,8,0
900,102937,9,0
900,102951,10,0
900,102971,11,0
900,102962,12,0
900,102994,13,0
900,103011,14,0
900,103018,15,0
900,103033,16,0
900,103056,17,0
900,103069,18,1
901,103069,1,0
901,103057,2,0
901,103024,3,0
901,103012,4,0
901,102993,5,0
901,102963,6,0
901,102969,7,0
901,102948,8,0
901,102942,9,0
901,102926,10,0
901,102918,11,0
901,102909,12,0
901,102900,13,0
901,102890,14,0
901,102882,15,0
901,102874,16,0
901,102859,17,1
1000,102854,1,0
1000,102877,2,0
1000,102893,3,0
1000,102902,4,0
1000,102915,5,0
1000,102923,6,0
1000,102936,7,0
1000,140056,8,0
1000,102974,9,0
1000,102728,10,0
1000,103009,11,0
1000,103036,12,0
1000,103050,13,0
1000,103058,14,0
1000,103073,15,0
1000,103076,16,0
1000,103105,17,0
1000,103122,18,0
1000,103127,19,0
1000,140239,20,0
1000,103002,21,0
1000,103222,22,0
1000,103245,23,0
1000,103264,24,0
1000,103278,25,0
1000,103296,26,0
1000,103312,27,0
1000,140152,28,0
1000,140151,29,0
1000,140164,30,0
1000,103373,31,0
1000,103376,32,0
1000,103354,33,0
1000,103344,34,0
1000,103322,35,0
1000,103287,36,0
1000,103288,37,0
1000,103292,38,0
1000,103283,39,0
1000,103081,40,0
1000,103300,41,0
1000,103327,42,1
1001,103430,1,0
1001,103416,2,0
1001,103396,3,0
1001,103283,4,0
1001,103081,5,0
1001,103300,6,0
1001,103327,7,0
1001,103343,8,0
1001,103360,9,0
1001,103387,10,0
1001,103392,11,0
1001,103385,12,0
1001,103382,13,0
1001,103380,14,0
1001,103377,15,0
1001,140254,16,0
1001,103365,17,0
1001,140149,18,0
1001,103321,19,0
1001,103297,20,0
1001,103274,21,0
1001,103260,22,0
1001,103240,23,0
1001,103221,24,0
1001,103165,25,0
1001,103141,26,0
1001,103126,27,0
1001,103092,28,0
1001,103070,29,0
1001,103060,30,0
1001,103046,31,0
1001,103015,32,0
1001,102991,33,0
1001,102975,34,0
1001,102964,35,0
1001,102953,36,0
1001,102933,37,0
1001,102921,38,0
1001,102909,39,0
1001,102900,40,0
1001,102889,41,0
1001,102874,42,0
1001,102854,43,1
1100,102855,1,0
1100,102875,2,0
1100,102886,3,0
1100,102899,4,0
1100,102912,5,0
1100,102920,6,0
1100,102931,7,0
1100,102938,8,0
1100,102945,9,0
1100,102957,10,0
1100,102970,11,0
1100,102979,12,0
1100,102990,13,0
1100,103004,14,0
1100,103033,15,0
1100,103056,16,0
1100,103077,17,0
1100,103086,18,0
1100,103138,19,0
1100,140240,20,0
1100,103189,21,0
1100,103205,22,0
1100,103235,23,0
1100,103250,24,0
1100,103252,25,0
1100,103277,26,0
1100,103289,27,0
1100,103303,28,0
1100,103307,29,0
1100,103309,30,0
1100,103313,31,0
1100,103334,32,0
1100,103357,33,0
1100,103367,34,0
1100,103372,35,0
1100,103383,36,0
1100,103405,37,0
1100,103411,38,0
1100,103412,39,0
1100,103410,40,0
1100,103421,41,0
1100,103428,42,0
1100,103426,43,0
1100,103429,44,0
1100,103430,45,1
1100,103378,46,1
1101,103430,1,0
1101,103416,2,0
1101,103396,3,0
1101,103382,4,0
1101,103380,5,0
1101,103377,6,0
1101,140254,7,0
1101,103365,8,0
1101,103363,9,0
1101,103361,10,0
1101,103364,11,0
1101,103369,12,0
1101,103366,13,0
1101,103346,14,0
1101,103331,15,0
1101,103310,16,0
1101,103308,17,0
1101,103304,18,0
1101,103291,19,0
1101,103271,20,0
1101,103253,21,0
1101,103246,22,0
1101,103227,23,0
1101,103202,24,0
1101,103190,25,0
1101,103156,26,0
1101,103130,27,0
1101,103097,28,0
1101,103071,29,0
1101,103057,30,0
1101,103014,31,0
1101,102996,32,0
1101,102986,33,0
1101,140271,34,0
1101,140258,35,0
1101,102944,36,0
1101,102927,37,0
1101,140255,38,0
1101,102906,39,0
1101,102897,40,0
1101,102887,41,0
1101,102874,42,0
1101,102855,43,1
1200,103016,1,0
1200,102997,2,0
1200,103020,3,0
1200,103457,4,0
1200,103038,5,0
1200,103045,6,0
1200,103059,7,0
1200,103088,8,0
1200,103072,9,0
1200,140055,10,0
1200,103114,11,0
1200,103149,12,0
1200,103232,13,0
1200,103285,14,0
1200,103324,15,0
1200,103348,16,0
1200,103406,17,0
1200,103420,18,0
1200,103436,19,0
1200,103458,20,0
1200,103489,21,1
1201,103489,1,0
1201,103461,2,0
1201,103433,3,0
1201,103419,4,0
1201,103399,5,0
1201,103349,6,0
1201,103323,7,0
1201,103286,8,0
1201,103231,9,0
1201,103146,10,0
1201,103116,11,0
1201,140158,12,0
1201,103084,13,0
1201,103054,14,0
1201,103042,15,0
1201,103030,16,0
1201,103039,17,0
1201,103016,18,1
1201,103072,19,1
1300,140104,1,0
1300,140159,2,0
1300,140249,3,0
1300,140251,4,0
1300,104916,5,0
1300,140262,6,0
1300,140264,7,0
1300,140266,8,0
1300,103848,9,0
1300,103849,10,0
1300,103853,11,0
1300,103858,12,1
1301,103858,1,0
1301,103852,2,0
1301,103845,3,0
1301,103851,4,0
1301,140267,5,0
1301,140265,6,0
1301,140263,7,0
1301,140238,8,0
1301,140250,9,0
1301,140248,10,0
1301,140160,11,0
1301,140104,12,1
1400,103557,1,0
1400,103554,2,0
1400,103153,3,0
1400,103526,4,0
1400,103521,5,0
1400,103501,6,0
1400,103448,7,0
1400,103477,8,0
1400,103482,9,0
1400,103192,10,0
1400,103193,11,0
1400,103326,12,0
1400,103335,13,0
1400,103375,14,0
1400,140254,15,0
1400,103365,16,0
1400,103363,17,0
1400,103361,18,0
1400,103364,19,0
1400,103369,20,0
1400,103366,21,0
1400,103346,22,0
1400,103331,23,0
1400,103310,24,0
1400,103308,25,0
1400,103304,26,0
1400,103291,27,0
1400,103271,28,0
1400,103253,29,0
1400,103246,30,0
1400,103227,31,0
1400,103202,32,0
1400,103190,33,0
1400,103156,34,0
1400,103130,35,0
1400,103097,36,0
1400,103077,37,1
1401,103077,1,0
1401,103086,2,0
1401,103138,3,0
1401,103189,4,0
1401,103205,5,0
1401,103235,6,0
1401,103250,7,0
1401,103252,8,0
1401,103277,9,0
1401,103289,10,0
1401,103303,11,0
1401,103307,12,0
1401,103309,13,0
1401,103313,14,0
1401,103334,15,0
1401,103357,16,0
1401,103367,17,0
1401,103372,18,0
1401,103193,19,0
1401,103326,20,0
1401,103335,21,0
1401,103375,22,0
1401,140254,23,0
1401,103365,24,0
1401,103378,25,0
1401,103414,26,0
1401,103446,27,0
1401,103490,28,0
1401,103531,29,0
1401,103515,30,0
1401,103524,31,0
1401,103539,32,0
1401,103550,33,0
1401,103198,34,0
1401,103538,35,0
1401,103557,36,1
1501,103021,1,0
1501,103257,2,0
1501,103817,3,0
1501,103305,4,0
1501,103316,5,0
1501,103298,6,0
1501,103295,7,0
1501,103368,8,0
1501,103401,9,0
1501,103423,10,0
1501,103441,11,0
1501,103444,12,0
1501,103464,13,0
1501,103470,14,0
1501,103440,15,0
1501,103424,16,0
1501,104914,17,0
1501,103294,18,0
1501,103293,19,0
1501,103818,20,0
1501,103816,21,0
1501,103815,22,0
1601,103022,1,0
1601,103800,2,0
1601,103802,3,0
1601,103803,4,0
1601,103804,5,0
1601,103319,6,0
1601,103340,7,0
1601,103355,8,0
1601,103432,9,0
1601,103445,10,0
1601,103806,11,0
1601,103808,12,0
1601,103810,13,0
1601,103811,14,0
1601,103520,15,0
1601,103523,16,0
1601,103533,17,0
1601,103540,18,0
1601,103562,19,0
1601,140247,20,0
1601,103814,21,0
1601,103813,22,0
1601,103812,23,0
1601,103522,24,0
1601,103809,25,0
1601,103807,26,0
1601,103805,27,0
1601,103347,28,0
1601,103337,29,0
1601,103317,30,0
1601,103290,31,0
1601,103272,32,0
1601,103248,33,0
1601,103801,34,0
1700,103022,1,0
1700,103257,2,0
1700,103817,3,0
1700,103305,4,0
1700,103325,5,0
1700,103821,6,0
1700,103825,7,0
1700,103826,8,0
1700,103827,9,0
1700,103829,10,0
1700,103176,11,0
1700,103177,12,0
1700,103187,13,0
1700,103191,14,0
1700,103451,15,0
1700,103833,16,0
1700,140256,17,0
1700,103439,18,0
1700,103828,19,0
1700,103408,20,0
1700,103824,21,0
1700,103820,22,0
1700,103818,23,0
1700,103816,24,0
1700,103815,25,0
1800,102856,1,0
1800,102866,2,0
1800,102880,3,0
1800,102898,4,0
1800,102908,5,0
1800,140051,6,0
1800,103029,7,0
1800,102960,8,0
1800,102966,9,0
1800,102977,10,0
1800,102988,11,0
1800,103010,12,0
1800,103041,13,0
1800,103051,14,0
1800,103087,15,0
1800,103107,16,0
1800,103136,17,0
1800,103159,18,0
1800,103132,19,0
1800,103206,20,0
1800,103226,21,0
1800,103236,22,0
1800,140133,23,1
1801,140133,1,0
1801,103104,2,0
1801,103154,3,0
1801,103131,4,0
1801,103103,5,0
1801,103080,6,0
1801,103048,7,0
1801,103005,8,0
1801,102987,9,0
1801,102968,10,0
1801,102965,11,0
1801,102959,12,0
1801,103031,13,0
1801,140050,14,0
1801,102905,15,0
1801,102903,16,0
1801,102894,17,0
1801,102879,18,0
1801,102867,19,0
1801,102857,20,1
1900,103079,1,0
1900,103060,2,0
1900,103046,3,0
1900,103015,4,0
1900,103003,5,0
1900,103008,6,0
1900,103026,7,0
1900,103041,8,0
1900,103051,9,0
1900,103087,10,0
1900,103107,11,0
1900,103140,12,0
1900,140260,13,0
1900,140261,14,0
1900,103203,15,0
1900,140269,16,0
1900,103243,17,0
1900,140133,18,1
1901,140133,1,0
1901,103104,2,0
1901,103154,3,0
1901,103131,4,0
1901,103103,5,0
1901,103080,6,0
1901,103048,7,0
1901,103035,8,0
1901,103013,9,0
1901,103007,10,0
1901,103000,11,0
1901,102728,12,0
1901,103009,13,0
1901,103036,14,0
1901,103050,15,0
1901,103058,16,0
1901,103079,17,1
2000,140005,1,0
2000,103596,2,0
2000,103581,3,0
2000,103580,4,0
2000,103586,5,0
2000,103065,6,0
2000,103529,7,0
2000,103519,8,0
2000,103500,9,0
2000,103492,10,0
2000,103484,11,0
2000,103467,12,0
2000,103452,13,0
2000,103418,14,0
2000,103351,15,0
2000,103302,16,0
2000,103266,17,0
2000,103239,18,0
2000,103217,19,0
2000,103195,20,0
2000,103181,21,0
2000,103160,22,0
2000,103135,23,0
2000,103164,24,0
2000,103183,25,0
2000,140065,26,0
2000,103220,27,0
2000,103234,28,0
2000,103249,29,0
2000,140009,30,1
2001,140009,1,0
2001,103299,2,0
2001,103282,3,0
2001,103261,4,0
2001,103254,5,0
2001,103233,6,0
2001,103219,7,0
2001,140066,8,0
2001,103180,9,0
2001,103163,10,0
2001,103134,11,0
2001,103167,12,0
2001,103182,13,0
2001,103197,14,0
2001,103216,15,0
2001,103244,16,0
2001,103268,17,0
2001,103306,18,0
2001,103359,19,0
2001,103417,20,0
2001,103460,21,0
2001,103474,22,0
2001,103486,23,0
2001,103491,24,0
2001,103510,25,0
2001,103518,26,0
2001,103532,27,0
2001,103553,28,0
2001,103566,29,0
2001,103590,30,0
2001,103582,31,0
2001,103579,32,0
2001,103597,33,0
2001,140005,34,1
2101,140006,1,0
2101,103608,2,0
2101,103621,3,0
2101,103632,4,0
2101,103630,5,0
2101,103627,6,0
2101,103623,7,0
2101,103617,8,0
2101,103616,9,0
2101,103614,10,0
2101,103615,11,0
2101,103618,12,0
2101,103622,13,0
2101,103624,14,0
2101,103629,15,0
2101,103626,16,0
2101,103625,17,0
2101,103628,18,0
2101,103634,19,0
2101,103640,20,0
2101,103642,21,0
2101,103633,22,0
2101,103631,23,0
2101,103636,24,0
2101,103638,25,0
2101,103641,26,0
2101,103646,27,0
2101,103648,28,0
2101,103644,29,0
2101,103647,30,0
2101,103649,31,0
2101,103645,32,0
2101,103639,33,0
2101,103637,34,0
2101,103643,35,0
2200,103844,1,0
2200,103723,2,0
2200,103722,3,0
2200,103720,4,0
2200,103718,5,0
2200,103715,6,0
2200,103713,7,0
2200,103711,8,0
2200,103709,9,0
2200,103707,10,0
2200,103706,11,0
2200,103703,12,0
2200,103700,13,0
2200,140222,14,0
2200,103695,15,0
2200,103692,16,0
2200,104912,17,0
2200,103690,18,0
2200,103686,19,0
2200,103675,20,0
2200,103671,21,0
2200,103667,22,0
2200,140006,23,1
2201,140006,1,0
2201,103665,2,0
2201,103669,3,0
2201,103672,4,0
2201,103682,5,0
2201,103686,6,0
2201,103689,7,0
2201,103691,8,0
2201,103693,9,0
2201,103694,10,0
2201,140221,11,0
2201,103701,12,0
2201,103702,13,0
2201,103704,14,0
2201,103705,15,0
2201,103708,16,0
2201,103710,17,0
2201,103712,18,0
2201,103714,19,0
2201,103716,20,0
2201,103717,21,0
2201,103719,22,0
2201,103721,23,0
2201,103844,24,1
2300,140103,1,0
2300,140159,2,0
2300,140249,3,0
2300,140251,4,0
2300,104916,5,0
2300,103680,6,0
2300,103569,7,0
2300,103604,8,0
2300,103610,9,0
2300,140105,10,0
2300,140107,11,0
2300,103425,12,0
2300,103480,13,0
2300,103506,14,0
2300,103548,15,0
2300,103561,16,0
2300,103576,17,0
2300,103600,18,0
2300,104913,19,0
2300,103620,20,0
2300,103611,21,0
2300,103650,22,0
2300,103653,23,0
2300,103654,24,0
2300,103658,25,0
2300,103472,26,0
2300,103661,27,0
2300,103663,28,0
2300,103664,29,0
2300,103666,30,0
2300,103673,31,0
2300,103676,32,0
2300,103678,33,0
2300,103684,34,0
2300,103683,35,0
2300,103681,36,0
2300,103679,37,0
2300,103685,38,0
2300,103688,39,0
2300,103677,40,0
2300,103674,41,0
2300,103670,42,0
2300,103668,43,0
2300,103662,44,0
2300,103659,45,0
2300,103660,46,1
2301,103660,1,0
2301,103657,2,0
2301,103655,3,0
2301,103652,4,0
2301,103609,5,0
2301,103607,6,0
2301,103574,7,0
2301,103656,8,0
2301,140238,9,0
2301,140250,10,0
2301,140248,11,0
2301,140160,12,0
2301,140098,13,1
2301,103619,14,0
2301,103613,15,0
2301,103599,16,0
2301,103577,17,0
2301,103564,18,0
2301,103547,19,0
2301,103503,20,0
2301,103478,21,0
2301,140109,22,0
2301,140108,23,0
2301,140106,24,0
2301,140103,25,1
2400,140005,1,0
2400,103595,2,0
2400,103584,3,0
2400,103563,4,0
2400,103551,5,0
2400,103541,6,0
2400,103516,7,0
2400,103493,8,0
2400,140170,9,0
2400,140193,10,0
2400,140194,11,0
2400,140195,12,0
2400,140177,13,0
2400,140179,14,0
2400,140168,15,0
2400,140181,16,0
2400,140182,17,0
2400,140010,18,1
2401,140010,1,0
2401,103265,2,0
2401,103279,3,0
2401,103301,4,0
2401,140202,5,0
2401,140203,6,0
2401,140209,7,0
2401,140199,8,0
2401,140200,9,0
2401,140198,10,0
2401,140208,11,0
2401,140207,12,0
2401,103471,13,0
2401,103469,14,0
2401,103481,15,0
2401,103495,16,0
2401,103513,17,0
2401,103542,18,0
2401,103552,19,0
2401,103556,20,0
2401,103565,21,0
2401,103575,22,0
2401,103593,23,0
2401,103597,24,0
2401,140005,25,1
2500,140005,1,0
2500,103595,2,0
2500,103584,3,0
2500,103537,4,0
2500,140067,5,0
2500,140068,6,0
2500,103527,7,0
2500,103508,8,0
2500,103483,9,0
2500,140117,10,0
2500,103463,11,0
2500,103447,12,0
2500,140095,13,0
2500,103422,14,0
2500,103403,15,0
2500,103388,16,0
2500,103379,17,0
2500,103329,18,0
2500,140010,19,1
2501,140010,1,0
2501,103265,2,0
2501,103279,3,0
2501,103301,4,0
2501,103328,5,0
2501,103381,6,0
2501,103389,7,0
2501,103407,8,0
2501,103427,9,0
2501,140094,10,0
2501,103450,11,0
2501,103465,12,0
2501,140116,13,0
2501,103485,14,0
2501,103509,15,0
2501,103525,16,0
2501,103497,17,0
2501,103511,18,0
2501,103535,19,0
2501,103565,20,0
2501,103575,21,0
2501,103593,22,0
2501,103597,23,0
2501,140005,24,1
2600,140005,1,0
2600,103595,2,0
2600,103584,3,0
2600,103563,4,0
2600,103551,5,0
2600,103541,6,0
2600,103528,7,0
2600,103502,8,0
2600,103473,9,0
2600,103459,10,0
2600,103434,11,0
2600,103393,12,0
2600,103379,13,0
2600,103329,14,0
2600,140011,15,1
2601,140011,1,0
2601,103265,2,0
2601,103279,3,0
2601,103301,4,0
2601,103328,5,0
2601,103381,6,0
2601,103395,7,0
2601,103435,8,0
2601,103462,9,0
2601,104911,10,0
2601,103505,11,0
2601,103542,12,0
2601,103552,13,0
2601,103556,14,0
2601,103565,15,0
2601,103575,16,0
2601,103593,17,0
2601,103597,18,0
2601,140005,19,1
2800,140214,1,0
2800,140176,2,0
2800,140174,3,0
2800,140172,4,0
2800,140175,5,0
2800,140173,6,0
2800,140196,7,0
2800,140197,8,0
2800,140167,9,0
2800,140192,10,0
2800,140178,11,0
2800,140171,12,0
2800,140183,13,0
2800,140166,14,0
2800,140187,15,0
2800,140189,16,0
2800,140188,17,0
2800,140190,18,0
2800,140184,19,0
2800,140185,20,0
2800,140186,21,0
2800,140169,22,0
2800,140201,23,0
2800,140165,24,1
2801,140165,1,0
2801,103265,2,0
2801,103279,3,0
2801,103301,4,0
2801,140180,5,0
2801,140210,6,0
2801,140212,7,0
2801,140191,8,0
2801,140205,9,0
2801,140204,10,0
2801,140206,11,0
2801,140058,12,0
2801,140059,13,0
2801,140060,14,0
2801,140061,15,0
2801,140062,16,0
2801,140063,17,0
2801,140064,18,0
2801,103589,19,0
2801,103573,20,0
2801,103585,21,0
2801,103594,22,0
2801,103598,23,0
2801,103602,24,0
2801,140214,25,1
2900,140011,1,0
2900,103262,2,0
2900,103258,3,0
2900,103251,4,0
2900,103230,5,0
2900,140069,6,0
2900,103173,7,0
2900,103178,8,0
2900,103161,9,0
2900,140153,10,0
2900,103115,11,0
2900,103110,12,0
2900,103094,13,0
2900,140154,14,0
2900,103066,15,0
2900,140155,16,0
2900,103063,17,0
2900,103043,18,0
2900,103047,19,0
2900,103027,20,0
2900,140013,21,0
2900,103078,22,0
2900,103162,23,0
2900,103183,24,0
2900,140065,25,0
2900,103220,26,0
2900,103234,27,0
2900,103249,28,0
2900,103265,29,0
2900,103279,30,0
2900,103301,31,0
3200,103472,1,0
3200,103661,2,0
3200,140092,3,0
3200,140091,4,0
3200,140090,5,0
3200,140001,6,0
3200,103679,7,0
3200,103685,8,0
3200,140096,9,0
3200,140080,10,0
3200,140081,11,0
3200,140082,12,0
3200,140083,13,0
3200,140084,14,0
3200,140085,15,0
3200,140086,16,0
3200,140087,17,0
3200,140088,18,0
3200,140089,19,0
3200,140054,20,0
3200,140079,21,0
3200,140078,22,0
3200,140077,23,0
3200,140093,24,0
3200,140014,25,0
3200,140015,26,0
3200,140016,27,0
3200,140017,28,0
3200,103658,29,0
8400,140156,1,0
8400,103374,2,0
8400,140140,3,0
8400,140142,4,0
8400,140144,5,0
8400,140146,6,0
8400,140138,7,0
8400,140100,8,1
8401,140099,1,0
8401,140147,2,0
8401,140145,3,0
8401,140143,4,0
8401,140141,5,0
8401,103362,6,0
8401,140157,7,0
8401,140268,8,0
8401,140156,9,1
8801,103054,1,0
8801,103042,2,0
8801,103030,3,0
8801,102861,4,0
8801,103744,5,0
8801,103078,6,0
8801,103162,7,0
8801,103183,8,0
8801,140065,9,0
8801,140008,10,0
8801,140004,11,1
9700,140004,1,0
9700,140071,2,0
9700,140007,3,0
9700,140073,4,0
9700,103745,5,0
9700,102853,6,0
9700,140049,7,0
9700,140003,8,0
9700,102985,9,0
9700,103067,10,0
9700,103174,11,0
9700,103263,12,0
9700,140114,13,0
9700,140102,14,1
9701,140102,1,0
9701,140113,2,0
9701,103256,3,0
9701,103049,4,0
9701,103061,5,0
9701,102989,6,0
9701,140002,7,0
9701,140000,8,0
9701,102862,9,0
9701,103744,10,0
9701,140074,11,0
9701,140008,12,0
9701,140072,13,0
9701,140004,14,1
9800,102853,1,0
9800,140049,2,0
9800,140003,3,0
9800,102985,4,0
9800,103067,5,0
9800,103174,6,0
9800,103222,7,0
9800,103245,8,0
9800,103296,9,0
9800,140151,10,0
9800,140216,11,0
9800,103384,12,0
9800,102998,13,0
9800,140109,14,0
9800,140106,15,0
9800,140102,16,1
9801,140102,1,0
9801,140105,2,0
9801,140259,3,0
9801,103392,4,0
9801,103382,5,0
9801,103377,6,0
9801,103193,7,0
9801,103297,8,0
9801,103240,9,0
9801,103221,10,0
9801,103049,11,0
9801,103061,12,0
9801,102989,13,0
9801,140002,14,0
9801,140000,15,0
9801,102858,16,1
