800,'4327',623,,4408,24,,,0,33,,4409,40,,,0,75,,4410,40,,,0,75,,4411,40,,,0,36,,4412,40,,,0,78,,4414,40,,,0,35,,4415,40,,,0,71,,4416,40,,,0,30,,4413,40,,,0,72,,4418,40,,,0,30,,4419,40,,,0,70,,4420,40,,,0,30,,4417,40,,,0,70,,4421,40,,,0,30,,4422,40,,,0,70,,4423,40,,,0,30,,4426,40,,,0,70,,4433,40,,,0,30,,4427,40,,,0,70,,4434,40,,,0,30,,4424,40,,,0,69,,4425,40,,,0,29,,4428,40,,,0,69,,4435,40,,,0,30,,4429,40,,,0,69,,4430,40,,,0,29,,4431,40,,,0,69,,4432,40,,,0,85,,4436,40,,,0,43,,4437,40,,,0,84,,4438,40,,,0,84,,4439,40,,,0,85,,4440,40,,,0
800,'4795',623,,2810,40,,,0,20,,2811,40,,,0,16,,2812,24,,,0,51,,2813,40,,,0,11,,2814,24,,,0,13,,2815,40,,,0,17,,2816,40,,,0,55,,2817,40,,,0,16,,2818,40,,,0,15,,2819,40,,,0,16,,2820,40,,,0,54,,2821,40,,,0,14,,2822,40,,,0,8,,585,40,,,0,8,,2823,40,,,0,15,,2824,40,,,0,55,,2825,40,,,0,15,,2826,40,,,0,15,,2827,40,,,0,15,,2828,40,,,0,55,,2829,40,,,0,16,,2830,40,,,0,15,,2831,40,,,0,15,,2832,40,,,0,55,,2833,40,,,0,15,,2834,40,,,0,15,,2835,40,,,0,15,,2836,40,,,0,55,,2837,40,,,0,15,,2838,40,,,0,15,,2839,40,,,0,15,,2840,40,,,0,55,,2841,40,,,0,16,,2842,40,,,0,16,,2843,40,,,0,15,,2844,40,,,0,56,,2845,40,,,0,16,,2846,40,,,0,16,,2847,40,,,0,57,,2848,40,,,0,15,,561,40,,,0,1,,2849,40,,,0,16,,2850,40,,,0,16,,2851,40,,,0,11,,565,40,,,0,43,,2852,40,,,0,15,,2853,40,,,0,14,,2854,40,,,0,16,,2855,40,,,0,54,,2856,40,,,0,16,,2857,40,,,0,15,,2858,40,,,0,14,,2859,40,,,0,56,,2860,40,,,0,16,,2861,40,,,0,18,,2862,40,,,0,20,,2863,40,,,0,60,,2864,40,,,0,23,,2865,40,,,0,65,,2866,40,,,0,24,,2867,40,,,0,24,,2868,40,,,0,65,,2869,40,,,0,42,,2870,40,,,0,85,,2808,40,,,0,82,,2807,40,,,0,85,,2809,40,,,0
800,'4800',623,,2904,24,,,0,36,,2886,40,,,0,76,,2895,40,,,0,75,,2903,40,,,0,36,,2885,40,,,0,75,,2896,40,,,0,37,,2902,40,,,0,70,,2871,40,,,0,29,,2882,40,,,0,66,,2888,40,,,0,25,,2898,40,,,0,60,,622,40,,,0,20,,2876,40,,,0,20,,2884,40,,,0,60,,2905,40,,,0,20,,2889,40,,,0,20,,2901,40,,,0,60,,625,40,,,0,20,,2873,40,,,0,20,,2881,40,,,0,60,,2906,40,,,0,20,,2890,40,,,0,20,,2897,40,,,0,60,,626,40,,,0,20,,2874,40,,,0,20,,2883,40,,,0,60,,2908,40,,,0,19,,2891,40,,,0,20,,2900,40,,,0,60,,628,40,,,0,20,,2875,40,,,0,19,,2879,40,,,0,58,,2907,40,,,0,20,,2887,40,,,0,30,,2899,40,,,0,69,,2878,40,,,0,85,,2893,40,,,0,44,,2880,40,,,0,82,,2894,40,,,0,85,,2877,40,,,0,84,,2892,40,,,0,43,,2872,40,,,0,80,,611,40,,,0
800,'5102',623,,4444,40,,,0,20,,4446,40,,,0,16,,4447,24,,,0,51,,4448,40,,,0,11,,4445,24,,,0,13,,4449,40,,,0,17,,4450,40,,,0,55,,4451,40,,,0,16,,4452,40,,,0,15,,4453,40,,,0,16,,4454,40,,,0,54,,4455,40,,,0,14,,4456,40,,,0,8,,4507,40,,,0,8,,4458,40,,,0,15,,4459,40,,,0,55,,4460,40,,,0,15,,4457,40,,,0,15,,4461,40,,,0,15,,4463,40,,,0,55,,4464,40,,,0,16,,4465,40,,,0,15,,4462,40,,,0,15,,4466,40,,,0,55,,4467,40,,,0,15,,4468,40,,,0,15,,4469,40,,,0,15,,4470,40,,,0,55,,4471,40,,,0,15,,4472,40,,,0,15,,4473,40,,,0,15,,4474,40,,,0,55,,4475,40,,,0,16,,4477,40,,,0,16,,4478,40,,,0,15,,4479,40,,,0,56,,4476,40,,,0,16,,4480,40,,,0,16,,4481,40,,,0,57,,4482,40,,,0,15,,4483,40,,,0,1,,4484,40,,,0,16,,4485,40,,,0,8,,4508,40,,,0,8,,4486,40,,,0,11,,4487,40,,,0,43,,4488,40,,,0,15,,4489,40,,,0,14,,4490,40,,,0,16,,4491,40,,,0,54,,4492,40,,,0,16,,4493,40,,,0,15,,4495,40,,,0,14,,4496,40,,,0,56,,4497,40,,,0,16,,4494,40,,,0,18,,4498,40,,,0,20,,4500,40,,,0,60,,4501,40,,,0,23,,4499,40,,,0,65,,4502,40,,,0,24,,4503,40,,,0,24,,4504,40,,,0,65,,4505,40,,,0,42,,4506,40,,,0,85,,4442,40,,,0,82,,4441,40,,,0,85,,4443,40,,,0
800,'5105',623,,4543,24,,,0,36,,4524,40,,,0,76,,4533,40,,,0,75,,4542,40,,,0,36,,4523,40,,,0,75,,4535,40,,,0,37,,4541,40,,,0,70,,4509,40,,,0,29,,4520,40,,,0,66,,4526,40,,,0,25,,4537,40,,,0,60,,4545,40,,,0,20,,4514,40,,,0,20,,4522,40,,,0,60,,4544,40,,,0,20,,4527,40,,,0,20,,4540,40,,,0,60,,4548,40,,,0,20,,4511,40,,,0,20,,4519,40,,,0,60,,4546,40,,,0,20,,4528,40,,,0,20,,4536,40,,,0,60,,4549,40,,,0,20,,4512,40,,,0,20,,4521,40,,,0,60,,4550,40,,,0,19,,4529,40,,,0,20,,4539,40,,,0,60,,4551,40,,,0,20,,4513,40,,,0,19,,4517,40,,,0,58,,4547,40,,,0,20,,4525,40,,,0,30,,4538,40,,,0,69,,4516,40,,,0,85,,4531,40,,,0,44,,4518,40,,,0,82,,4532,40,,,0,85,,4515,40,,,0,84,,4530,40,,,0,43,,4510,40,,,0,80,,4534,40,,,0
2301,'4795',750,,1957,13,0,9 10 11,0,273,,3529,13,0,9 10 11,0
2301,'4800',1015,,2000,13,0,9 10 11,0
2301,'5102',750,,5845,13,0,9 10 11,0,273,,5850,13,0,9 10 11,0
2301,'5105',1015,,5888,13,0,9 10 11,0
9800,'4327',923,,6407,14,,,0,87,,6415,14,,,0,47,,6406,14,,,0,85,,6408,14,,,0,85,,6405,14,,,0,85,,6410,14,,,0,45,,6404,14,,,0,85,,6409,14,,,0,85,,6402,14,,,0,85,,6411,14,,,0,45,,6403,14,,,0,85,,6412,14,,,0,169,,6413,14,,,0,128,,6414,14,,,0
9800,'4795',654,,2670,14,,,0,60,,2666,14,,,0,20,,2669,14,,,0,23,,2668,14,,,0,61,,2680,14,,,0,22,,2657,14,,,0,61,,2660,14,,,0,20,,2655,14,,,0,82,,2648,14,,,0,43,,2671,14,,,0,84,,2675,14,,,0,83,,2656,14,,,0,45,,2658,14,,,0,85,,2677,14,,,0,86,,2649,14,,,0,90,,2659,14,,,0,20,,2673,14,,,0,20,,2678,14,,,0,60,,2665,14,,,0,20,,2652,14,,,0,20,,2663,14,,,0,59,,2661,14,,,0,16,,2654,14,,,0,19,,2650,14,,,0,59,,2651,14,,,0,20,,2672,14,,,0,68,,2679,14,,,0,40,,2664,14,,,0,80,,2676,14,,,0,80,,2674,14,,,0,39,,2647,14,,,0,80,,2667,14,,,0,38,,2653,14,,,0,79,,2662,14,,,0
9800,'4800',923,,2685,14,,,0,87,,2694,14,,,0,49,,2686,14,,,0,85,,2689,14,,,0,85,,2683,14,,,0,85,,2688,14,,,0,45,,2684,14,,,0,85,,2691,14,,,0,85,,2681,14,,,0,84,,2690,14,,,0,45,,2682,14,,,0,85,,2687,14,,,0,168,,2692,14,,,0,130,,2693,14,,,0
9800,'5102',654,,6437,14,,,0,60,,6433,14,,,0,20,,6440,14,,,0,23,,6435,14,,,0,61,,6441,14,,,0,22,,6439,14,,,0,81,,6434,14,,,0,82,,6438,14,,,0,43,,6436,14,,,0,84,,6432,14,,,0,83,,6419,14,,,0,45,,6420,14,,,0,85,,6426,14,,,0,86,,6416,14,,,0,90,,6431,14,,,0,20,,6443,14,,,0,20,,6442,14,,,0,60,,6430,14,,,0,20,,6445,14,,,0,20,,6428,14,,,0,59,,6444,14,,,0,31,,6427,14,,,0,81,,6429,14,,,0,88,,6422,14,,,0,90,,6425,14,,,0,46,,6424,14,,,0,85,,6417,14,,,0,80,,6423,14,,,0,38,,6418,14,,,0,79,,6421,14,,,0
9800,'5105',923,,6450,14,,,0,87,,6459,14,,,0,49,,6451,14,,,0,85,,6454,14,,,0,85,,6448,14,,,0,85,,6453,14,,,0,45,,6449,14,,,0,85,,6456,14,,,0,85,,6446,14,,,0,84,,6455,14,,,0,45,,6447,14,,,0,85,,6452,14,,,0,168,,6457,14,,,0,130,,6458,14,,,0
