9701,'4327',724,,6311,6,,,0,30,,6306,6,,,0,70,,6280,6,,,0,30,,6300,6,,,0,70,,6281,6,,,0,30,,6308,6,,,0,71,,6282,6,,,0,31,,6305,6,,,0,70,,6283,6,,,0,30,,6303,6,,,0,70,,6284,6,,,0,30,,6304,6,,,0,70,,6292,6,,,0,31,,6299,6,,,0,70,,6293,6,,,0,30,,6297,6,,,0,70,,6288,6,,,0,29,,6307,6,,,0,70,,6285,6,,,0,30,,6294,6,,,0,70,,6286,6,,,0,30,,6298,6,,,0,69,,6289,6,,,0,30,,6302,6,,,0,69,,6290,6,,,0,30,,6301,6,,,0,70,,6287,6,,,0,30,,6296,6,,,0,70,,6291,6,,,0,29,,6309,6,,,0,70,,6295,6,,,0,100,,6310,6,,,0
9701,'4795',612,,3825,6,,,0,20,,3820,6,,,0,97,,3818,6,,,0,8,,3810,2,,,0,7,,3817,6,,,0,71,,3828,6,,,0,15,,3821,6,,,0,15,,3816,6,,,0,88,,3819,6,,,0,17,,3807,6,,,0,72,,3826,6,,,0,15,,3823,6,,,0,15,,3811,6,,,0,88,,3822,6,,,0,16,,3808,6,,,0,72,,3829,6,,,0,16,,3824,6,,,0,15,,3813,6,,,0,86,,3803,6,,,0,14,,3809,6,,,0,55,,3800,6,,,0,25,,3827,6,,,0,9,,3798,6,,,0,56,,3815,6,,,0,54,,3802,6,,,0,58,,3806,6,,,0,18,,3799,6,,,0,76,,3797,6,,,0,16,,3814,6,,,0,89,,3804,6,,,0,17,,3805,6,,,0,17,,3801,6,,,0,76,,3796,6,,,0,97,,3830,6,,,0,23,,3831,6,,,0,182,,3832,6,,,0,179,,3833,6,,,0
9701,'4796',654,,3839,6,,,0,60,,3847,6,,,0,86,,3838,6,,,0,100,,3840,6,,,0,16,,3845,6,,,0,91,,3837,6,,,0,101,,3841,6,,,0,16,,3849,6,,,0,88,,3843,6,,,0,103,,3842,6,,,0,15,,3850,6,,,0,99,,3844,6,,,0,92,,3835,6,,,0,19,,3851,6,,,0,112,,3852,6,,,0,91,,3834,6,,,0,57,,3848,6,,,0,107,,3853,6,,,0,36,,3854,6,,,0,60,,3836,6,,,0,107,,3855,6,,,0,25,,3856,6,,,0,66,,3857,6,,,0,51,,3858,6,,,0,64,,3859,6,,,0,25,,3860,6,,,0,90,,3861,6,,,0,25,,3862,6,,,0,65,,3863,6,,,0
9701,'4799',654,,3869,6,,,0,60,,3877,6,,,0,86,,3868,6,,,0,100,,3870,6,,,0,16,,3875,6,,,0,91,,3867,6,,,0,101,,3871,6,,,0,16,,3879,6,,,0,88,,3873,6,,,0,103,,3872,6,,,0,15,,3880,6,,,0,99,,3874,6,,,0,92,,3865,6,,,0,19,,3881,6,,,0,112,,3882,6,,,0,91,,3864,6,,,0,57,,3878,6,,,0,107,,3883,6,,,0,36,,3884,6,,,0,60,,3866,6,,,0,107,,3885,6,,,0,25,,3886,6,,,0,66,,3887,6,,,0,51,,3888,6,,,0,64,,3889,6,,,0,25,,3890,6,,,0,90,,3891,6,,,0,25,,3892,6,,,0,65,,3893,6,,,0,85,,3895,6,,,0,50,,3894,6,0,12,0
9701,'4800',700,,3931,2,,,0,52,,3897,6,,,0,71,,3896,6,,,0,30,,3900,6,,,0,70,,3899,6,,,0,30,,3901,6,,,0,71,,3902,6,,,0,30,,3903,6,,,0,71,,3898,6,,,0,30,,3908,6,,,0,70,,3920,6,,,0,30,,3921,6,,,0,70,,3922,6,,,0,30,,3910,6,,,0,70,,3909,6,,,0,30,,3904,6,,,0,70,,3905,6,,,0,30,,3907,6,,,0,70,,3912,6,,,0,30,,3914,6,,,0,70,,3906,6,,,0,30,,3911,6,,,0,70,,3913,6,,,0,29,,3934,6,,,0,70,,3916,6,,,0,30,,3923,6,,,0,70,,3915,6,,,0,30,,3924,6,,,0,70,,3917,6,,,0,30,,3927,6,,,0,70,,3918,6,,,0,29,,3926,6,,,0,70,,3919,6,,,0,30,,3925,6,,,0,70,,3928,6,,,0,30,,3930,6,,,0,70,,3929,6,,,0,30,,3933,6,,,0,70,,3932,6,0,12,0
9701,'5102',612,,6314,6,,,0,19,,6312,6,,,0,20,,6328,6,,,0,60,,6364,6,,,0,21,,6333,6,,,0,23,,6334,6,,,0,61,,6335,6,,,0,21,,6336,6,,,0,21,,6337,6,,,0,61,,6338,6,,,0,20,,6339,6,,,0,20,,6340,6,,,0,60,,6341,6,,,0,25,,6331,6,,,0,68,,6332,6,,,0,29,,6325,6,,,0,70,,6324,6,,,0,29,,6329,6,,,0,69,,6326,6,,,0,30,,6327,6,,,0,70,,6345,6,,,0,20,,6342,6,,,0,20,,6343,6,,,0,60,,6347,6,,,0,21,,6344,6,,,0,20,,6348,6,,,0,60,,6349,6,,,0,20,,6350,6,,,0,20,,6330,6,,,0,60,,6323,6,,,0,20,,6346,6,,,0,18,,6352,6,,,0,59,,6351,6,,,0,20,,6353,6,,,0,19,,6355,6,,,0,59,,6354,6,,,0,21,,6356,6,,,0,23,,6358,6,,,0,63,,6357,6,,,0,23,,6363,6,,,0,23,,6359,6,,,0,63,,6361,6,,,0,23,,6360,6,,,0,62,,6362,6,,,0,24,,6315,6,,,0,24,,6316,6,,,0,63,,6317,6,,,0,24,,6318,6,,,0,64,,6319,6,,,0,25,,6320,6,,,0,25,,6321,6,,,0,65,,6322,6,,,0
9701,'5105',700,,6400,2,,,0,57,,6367,6,,,0,71,,6366,6,,,0,30,,6370,6,,,0,70,,6369,6,,,0,31,,6371,6,,,0,71,,6372,6,,,0,70,,6373,6,,,0,31,,6368,6,,,0,70,,6377,6,,,0,32,,6390,6,,,0,72,,6391,6,,,0,32,,6389,6,,,0,72,,6379,6,,,0,32,,6378,6,,,0,72,,6374,6,,,0,32,,6375,6,,,0,72,,6381,6,,,0,32,,6383,6,,,0,72,,6376,6,,,0,32,,6380,6,,,0,71,,6382,6,,,0,32,,6401,6,,,0,69,,6385,6,,,0,30,,6392,6,,,0,70,,6384,6,,,0,30,,6393,6,,,0,70,,6386,6,,,0,30,,6396,6,,,0,70,,6387,6,,,0,29,,6395,6,,,0,69,,6388,6,,,0,30,,6394,6,,,0,70,,6397,6,,,0,30,,6399,6,,,0,70,,6398,6,0,12,0
9801,'4327',1006,,6464,13,,,0,47,,6471,13,,,0,85,,6463,13,,,0,85,,6467,13,,,0,85,,6462,13,,,0,45,,6469,13,,,0,85,,6461,13,,,0,85,,6465,13,,,0,85,,6460,13,,,0,45,,6468,13,,,0,169,,6466,13,,,0,129,,6470,13,,,0,170,,6472,13,,,0
9801,'4795',652,,2737,13,,,0,62,,2736,13,,,0,21,,2723,13,,,0,20,,2716,13,,,0,61,,2722,13,,,0,21,,2725,13,,,0,21,,2732,13,,,0,61,,2724,13,,,0,82,,2729,13,,,0,43,,2735,13,,,0,83,,2721,13,,,0,85,,2731,13,,,0,45,,2739,13,,,0,85,,2728,13,,,0,86,,2730,13,,,0,85,,2710,13,,,0,29,,2717,13,,,0,60,,2720,13,,,0,20,,2727,13,,,0,20,,2726,13,,,0,60,,2712,13,,,0,19,,2719,13,,,0,20,,2715,13,,,0,18,,2713,13,,,0,59,,2740,13,,,0,20,,2709,13,,,0,21,,2741,13,,,0,79,,2711,13,,,0,80,,2718,13,,,0,40,,2738,13,,,0,79,,2708,13,,,0,80,,2734,13,,,0,40,,2714,13,,,0,79,,2733,13,,,0
9801,'4800',1010,,2744,13,,,0,45,,2755,13,,,0,85,,2743,13,,,0,85,,2751,13,,,0,85,,2746,13,,,0,45,,2750,13,,,0,85,,2745,13,,,0,85,,2749,13,,,0,85,,2742,13,,,0,45,,2748,13,,,0,85,,2747,13,,,0,84,,2752,13,,,0,127,,2753,13,,,0,170,,2754,13,,,0
9801,'5102',652,,6496,13,,,0,62,,6489,13,,,0,21,,6497,13,,,0,20,,6494,13,,,0,61,,6498,13,,,0,21,,6490,13,,,0,82,,6493,13,,,0,82,,6492,13,,,0,43,,6495,13,,,0,83,,6491,13,,,0,85,,6479,13,,,0,45,,6483,13,,,0,85,,6477,13,,,0,86,,6478,13,,,0,87,,6474,13,,,0,25,,6501,13,,,0,62,,6484,13,,,0,20,,6499,13,,,0,20,,6500,13,,,0,60,,6488,13,,,0,38,,6486,13,,,0,87,,6487,13,,,0,90,,6485,13,,,0,89,,6476,13,,,0,46,,6482,13,,,0,85,,6473,13,,,0,80,,6481,13,,,0,40,,6475,13,,,0,79,,6480,13,,,0
9801,'5105',1010,,6504,13,,,0,45,,6515,13,,,0,85,,6503,13,,,0,85,,6511,13,,,0,85,,6506,13,,,0,45,,6510,13,,,0,85,,6505,13,,,0,85,,6509,13,,,0,85,,6502,13,,,0,45,,6508,13,,,0,85,,6507,13,,,0,84,,6512,13,,,0,127,,6513,13,,,0,170,,6514,13,,,0
