300,'4327',701,,4159,2,,,0,230,,4158,2,,,0,270,,4160,2,,,0,230,,4162,2,,,0,270,,4157,2,,,0,230,,4163,2,,,0,280,,4161,2,,,0
300,'4795',651,,239,2,,,0,70,,236,2,,,0,30,,237,2,,,0,70,,238,2,,,0,30,,235,2,,,0,670,,233,2,,,0,30,,230,2,,,0,70,,234,2,,,0,30,,231,2,,,0,70,,232,2,,,0,125,,241,2,,,0,265,,240,2,,,0,105,,2763,2,,,0
300,'4800',701,,244,2,,,0,230,,243,2,,,0,270,,245,2,,,0,230,,246,2,,,0,270,,248,2,,,0,230,,247,2,,,0,280,,249,2,,,0
300,'5102',651,,4173,2,,,0,70,,4171,2,,,0,30,,4172,2,,,0,70,,4169,2,,,0,30,,4170,2,,,0,670,,4167,2,,,0,30,,4165,2,,,0,70,,4168,2,,,0,30,,4164,2,,,0,70,,4166,2,,,0,125,,4174,2,,,0,265,,4175,2,,,0,105,,4176,2,,,0
300,'5105',701,,4178,2,,,0,230,,4177,2,,,0,270,,4179,2,,,0,230,,4180,2,,,0,270,,4182,2,,,0,230,,4181,2,,,0,280,,4183,2,,,0
1000,'4327',742,,4725,16,,,0,86,,4713,16,,,0,86,,4726,16,,,0,45,,4714,16,,,0,86,,4715,16,,,0,85,,4717,16,,,0,85,,4727,16,,,0,85,,4718,16,,,0,45,,4716,16,,,0,85,,4719,16,,,0,85,,4728,16,,,0,85,,4720,16,,,0,45,,4723,16,,,0,85,,4724,16,,,0,83,,4729,16,,,0,45,,4722,16,,,0,84,,4721,16,,,0,85,,4732,16,,,0,84,,4733,16,,,0,45,,4730,16,,,0,85,,4735,16,,,0,85,,4731,16,,,0,85,,4734,16,,,0
1000,'4795',533,,3084,16,,,0,80,,3078,16,,,0,20,,3066,16,,,0,20,,3074,16,,,0,60,,3069,16,,,0,23,,3080,16,,,0,20,,3067,16,,,0,60,,3075,16,,,0,20,,3065,16,,,0,20,,3071,16,,,0,65,,3081,16,,,0,34,,3068,16,,,0,72,,3070,16,,,0,32,,3079,16,,,0,72,,3076,16,,,0,72,,3073,16,,,0,32,,3083,16,,,0,72,,3077,16,,,0,32,,3072,16,,,0,72,,3082,16,,,0,27,,854,16,,,0,20,,3064,16,,,0,60,,3086,16,,,0,21,,3087,16,,,0,20,,3088,16,,,0,60,,845,16,,,0,20,,3089,16,,,0,20,,3090,16,,,0,60,,3091,16,,,0,18,,3092,16,,,0,20,,850,16,,,0,59,,3093,16,,,0,39,,3094,16,,,0,79,,3095,16,,,0,80,,3062,16,,,0,39,,3096,16,,,0,80,,3063,16,,,0,78,,3060,16,,,0,40,,3097,16,,,0,80,,3059,16,,,0,79,,3061,16,,,0,40,,3098,16,,,0
1000,'4800',744,,3120,16,,,0,85,,3107,16,,,0,86,,3108,16,,,0,85,,3102,16,,,0,46,,3101,16,,,0,85,,3109,16,,,0,85,,3110,16,,,0,85,,3103,16,,,0,45,,3116,16,,,0,85,,3117,16,,,0,85,,3114,16,,,0,85,,3119,16,,,0,45,,3112,16,,,0,85,,3106,16,,,0,84,,3121,16,,,0,85,,3111,16,,,0,44,,3099,16,,,0,85,,3115,16,,,0,84,,3104,16,,,0,45,,3100,16,,,0,83,,3118,16,,,0,84,,3105,16,,,0,85,,3113,16,,,0
1000,'5102',533,,4761,16,,,0,80,,4755,16,,,0,20,,4743,16,,,0,20,,4752,16,,,0,60,,4746,16,,,0,23,,4758,16,,,0,20,,4744,16,,,0,60,,4753,16,,,0,20,,4742,16,,,0,20,,4748,16,,,0,65,,4759,16,,,0,34,,4745,16,,,0,72,,4747,16,,,0,32,,4756,16,,,0,72,,4754,16,,,0,72,,4750,16,,,0,32,,4757,16,,,0,72,,4751,16,,,0,32,,4749,16,,,0,72,,4760,16,,,0,27,,4775,16,,,0,20,,4741,16,,,0,60,,4763,16,,,0,21,,4764,16,,,0,20,,4765,16,,,0,60,,4766,16,,,0,20,,4767,16,,,0,20,,4768,16,,,0,60,,4770,16,,,0,18,,4771,16,,,0,20,,4772,16,,,0,59,,4769,16,,,0,39,,4773,16,,,0,79,,4774,16,,,0,80,,4739,16,,,0,39,,4776,16,,,0,80,,4740,16,,,0,78,,4738,16,,,0,40,,4777,16,,,0,80,,4737,16,,,0,79,,4736,16,,,0,40,,4778,16,,,0
1000,'5105',744,,4800,16,,,0,85,,4787,16,,,0,86,,4788,16,,,0,85,,4782,16,,,0,46,,4781,16,,,0,85,,4789,16,,,0,85,,4790,16,,,0,85,,4783,16,,,0,45,,4796,16,,,0,85,,4797,16,,,0,85,,4794,16,,,0,85,,4799,16,,,0,45,,4792,16,,,0,85,,4786,16,,,0,84,,4801,16,,,0,85,,4791,16,,,0,44,,4779,16,,,0,85,,4795,16,,,0,84,,4784,16,,,0,45,,4780,16,,,0,83,,4798,16,,,0,84,,4785,16,,,0,85,,4793,16,,,0
