2401,'4327',735,,5960,19,,,0,103,,5957,19,,,0,107,,5959,19,,,0,104,,5958,19,,,0,108,,5961,19,,,0,101,,5963,19,,,0,149,,5964,19,,,0,102,,5962,19,,,0,93,,5965,19,,,0,107,,5966,19,,,0,101,,5967,19,,,0,99,,5968,19,,,0
2401,'4795',617,,2081,19,,,0,105,,2082,19,,,0,32,,2083,19,,,0,146,,2084,19,,,0,31,,2085,19,,,0,72,,3575,19,,,0,103,,2089,19,,,0,104,,3576,19,,,0,103,,2088,19,,,0,108,,3577,19,,,0,123,,2091,19,,,0,64,,3578,19,,,0,28,,2094,19,,,0,71,,2092,19,,,0,32,,2095,19,,,0,72,,2096,19,,,0,43,,3579,19,,,0,94,,2097,19,,,0,155,,3580,19,,,0,101,,2100,19,,,0
2401,'4800',830,,2106,19,,,0,100,,2103,19,,,0,98,,2104,19,,,0,111,,2101,19,,,0,104,,2105,19,,,0,107,,2102,19,,,0,89,,2108,19,,,0,164,,2109,19,,,0,54,,2107,19,,,0,102,,2112,19,,,0,144,,2110,19,,,0,105,,2113,19,,,0,105,,2111,19,,,0
2401,'5102',617,,5969,19,,,0,105,,5970,19,,,0,32,,5971,19,,,0,146,,5972,19,,,0,31,,5973,19,,,0,72,,5974,19,,,0,103,,5977,19,,,0,104,,5975,19,,,0,103,,5976,19,,,0,108,,5978,19,,,0,123,,5979,19,,,0,64,,5981,19,,,0,28,,5982,19,,,0,71,,5980,19,,,0,32,,5983,19,,,0,72,,5984,19,,,0,43,,5986,19,,,0,94,,5985,19,,,0,155,,5987,19,,,0,101,,5988,19,,,0
2401,'5105',830,,5994,19,,,0,100,,5991,19,,,0,98,,5992,19,,,0,111,,5989,19,,,0,104,,5993,19,,,0,107,,5990,19,,,0,89,,5996,19,,,0,164,,5997,19,,,0,54,,5995,19,,,0,102,,6000,19,,,0,144,,5998,19,,,0,105,,6001,19,,,0,105,,5999,19,,,0
2601,'4327',723,,6073,13,,,0,36,,6072,13,,,0,364,,6074,13,,,0,231,,6075,13,,,0,288,,6076,13,,,0,303,,6077,13,,,0
2601,'4795',618,,2191,13,,,0,38,,2190,13,,,0,75,,2192,13,,,0,80,,2194,13,,,0,38,,2193,13,,,0,157,,2195,13,,,0,126,,2196,13,,,0,174,,2197,13,,,0,136,,2198,13,,,0,78,,2200,13,,,0,35,,2201,13,,,0,78,,2199,13,,,0,75,,2202,13,,,0,42,,2203,13,,,0,72,,2204,13,,,0,108,,2205,13,,,0,174,,2206,13,,,0
2601,'4800',744,,2207,13,,,0,100,,2208,13,,,0,195,,2211,13,,,0,173,,2213,13,,,0,132,,2212,13,,,0,172,,2210,13,,,0,91,,2209,13,,,0,124,,2214,13,,,0,199,,2216,13,,,0,70,,2215,13,,,0,134,,2217,13,,,0
2601,'5102',618,,6078,13,,,0,38,,6079,13,,,0,75,,6080,13,,,0,80,,6082,13,,,0,38,,6081,13,,,0,157,,6083,13,,,0,126,,6084,13,,,0,174,,6085,13,,,0,136,,6086,13,,,0,78,,6088,13,,,0,35,,6089,13,,,0,78,,6087,13,,,0,75,,6090,13,,,0,42,,6091,13,,,0,72,,6092,13,,,0,108,,6093,13,,,0,174,,6094,13,,,0
2601,'5105',744,,6095,13,,,0,100,,6096,13,,,0,195,,6099,13,,,0,173,,6101,13,,,0,132,,6100,13,,,0,172,,6098,13,,,0,91,,6097,13,,,0,124,,6102,13,,,0,199,,6104,13,,,0,70,,6103,13,,,0,134,,6105,13,,,0
