600,'4327',903,,4337,25,,,0,120,,4338,25,,,0,120,,4339,25,,,0,160,,4341,25,,,0,120,,4343,25,,,0,120,,4344,25,,,0,160,,4340,25,,,0,120,,4342,25,,,0
600,'4795',715,,417,25,,,0,35,,2765,25,,,0,75,,416,25,,,0,75,,2766,25,,,0,35,,424,25,,,0,110,,425,25,,,0,110,,426,25,,,0,150,,422,25,,,0,112,,423,25,,,0,35,,430,25,,,0,75,,421,25,,,0,75,,429,25,,,0,35,,420,25,,,0,75,,432,25,,,0,35,,419,25,,,0,73,,433,25,,,0,35,,418,25,,,0,150,,434,25,,,0,110,,431,25,,,0,112,,435,25,,,0
600,'4800',826,,445,25,,,0,100,,437,25,,,0,100,,2767,25,,,0,100,,439,25,,,0,100,,441,25,,,0,100,,438,25,,,0,100,,442,25,,,0,100,,443,25,,,0,100,,440,25,,,0,100,,2768,25,,,0
600,'5102',715,,4346,25,,,0,110,,4345,25,,,0,110,,4354,25,,,0,110,,4355,25,,,0,110,,4353,25,,,0,150,,4352,25,,,0,112,,4351,25,,,0,35,,4357,25,,,0,75,,4350,25,,,0,75,,4356,25,,,0,35,,4349,25,,,0,75,,4359,25,,,0,35,,4348,25,,,0,73,,4360,25,,,0,35,,4347,25,,,0,150,,4361,25,,,0,110,,4358,25,,,0
600,'5105',826,,4371,25,,,0,100,,4363,25,,,0,100,,4362,25,,,0,100,,4365,25,,,0,100,,4367,25,,,0,100,,4364,25,,,0,100,,4368,25,,,0,100,,4369,25,,,0,100,,4366,25,,,0,100,,4370,25,,,0
1801,'4327',829,,5332,19,,,0,115,,5333,19,,,0,160,,5330,19,,,0,115,,5331,19,,,0,120,,5329,19,,,0,115,,5328,19,,,0,160,,5334,19,,,0,115,,5335,19,,,0,119,,5336,19,,,0,155,,5337,19,,,0,115,,5338,19,,,0,115,,5339,19,,,0
1801,'4795',640,,3434,19,,,0,108,,1474,19,,,0,66,,1454,19,,,0,26,,1475,19,,,0,69,,1455,19,,,0,28,,1478,19,,,0,67,,1457,19,,,0,40,,1456,19,,,0,80,,1461,19,,,0,80,,1462,19,,,0,40,,1464,19,,,0,80,,1463,19,,,0,81,,1458,19,,,0,40,,1459,19,,,0,68,,1477,19,,,0,28,,1460,19,,,0,68,,1476,19,,,0,28,,1473,19,,,0,69,,1479,19,,,0,27,,1467,19,,,0,70,,1480,19,,,0,28,,1466,19,,,0,95,,1470,19,,,0,77,,1469,19,,,0,40,,1468,19,,,0,160,,1471,19,,,0,109,,1465,19,,,0
1801,'4800',759,,3437,19,,,0,143,,1487,19,,,0,100,,1488,19,,,0,100,,3441,19,,,0,100,,1492,19,,,0,100,,1489,19,,,0,100,,1490,19,,,0,100,,1493,19,,,0,100,,1494,19,,,0,100,,1495,19,,,0,100,,3442,19,,,0,126,,3438,19,,,0,115,,3440,19,,,0,115,,3436,19,,,0,155,,3439,19,,,0,115,,3435,19,,,0
1801,'5102',640,,5358,19,,,0,108,,5360,19,,,0,66,,5340,19,,,0,26,,5361,19,,,0,69,,5341,19,,,0,28,,5364,19,,,0,67,,5343,19,,,0,40,,5342,19,,,0,80,,5347,19,,,0,80,,5348,19,,,0,40,,5350,19,,,0,80,,5349,19,,,0,81,,5345,19,,,0,40,,5346,19,,,0,68,,5363,19,,,0,28,,5344,19,,,0,68,,5362,19,,,0,28,,5359,19,,,0,69,,5365,19,,,0,27,,5353,19,,,0,70,,5366,19,,,0,28,,5352,19,,,0,95,,5356,19,,,0,77,,5355,19,,,0,40,,5354,19,,,0,160,,5357,19,,,0,109,,5351,19,,,0
1801,'5105',759,,5369,19,,,0,143,,5373,19,,,0,100,,5374,19,,,0,100,,5377,19,,,0,100,,5378,19,,,0,100,,5375,19,,,0,100,,5376,19,,,0,100,,5379,19,,,0,100,,5380,19,,,0,100,,5381,19,,,0,100,,5382,19,,,0,126,,5370,19,,,0,115,,5372,19,,,0,115,,5368,19,,,0,155,,5371,19,,,0,115,,5367,19,,,0
