9701,'4327',720,,6311,4,,,0,30,,6306,4,,,0,70,,6280,4,,,0,30,,6300,4,,,0,70,,6281,4,,,0,30,,6308,4,,,0,70,,6282,4,,,0,31,,6305,4,,,0,70,,6283,4,,,0,30,,6303,4,,,0,70,,6284,4,,,0,30,,6304,4,,,0,70,,6292,4,,,0,30,,6299,4,,,0,70,,6293,4,,,0,30,,6297,4,,,0,70,,6288,4,,,0,30,,6307,4,,,0,70,,6285,4,,,0,30,,6294,4,,,0,70,,6286,4,,,0,30,,6298,4,,,0,69,,6289,4,,,0,30,,6302,4,,,0,70,,6290,4,,,0,30,,6301,4,,,0,70,,6287,4,,,0,30,,6296,4,,,0,70,,6291,4,,,0,29,,6309,4,,,0,70,,6295,4,,,0,100,,6310,4,,,0
9701,'4795',608,,3825,4,,,0,20,,3820,4,,,0,97,,3818,4,,,0,15,,3817,4,,,0,70,,3828,4,,,0,15,,3821,4,,,0,15,,3816,4,,,0,87,,3819,4,,,0,17,,3807,4,,,0,72,,3826,4,,,0,15,,3823,4,,,0,15,,3811,4,,,0,88,,3822,4,,,0,16,,3808,4,,,0,72,,3829,4,,,0,16,,3824,4,,,0,15,,3813,4,,,0,86,,3803,4,,,0,14,,3809,4,,,0,55,,3800,4,,,0,25,,3827,4,,,0,9,,3798,4,,,0,16,,3815,4,,,0,94,,3802,4,,,0,58,,3806,4,,,0,18,,3799,4,,,0,76,,3797,4,,,0,16,,3814,4,,,0,90,,3804,4,,,0,17,,3805,4,,,0,17,,3801,4,,,0,76,,3796,4,,,0,98,,3830,4,,,0,23,,3831,4,,,0,182,,3832,4,,,0,179,,3833,4,,,0
9701,'4796',650,,3839,4,,,0,60,,3847,4,,,0,45,,3838,4,,,0,100,,3840,4,,,0,56,,3845,4,,,0,90,,3837,4,,,0,101,,3841,4,,,0,16,,3849,4,,,0,88,,3843,4,,,0,103,,3842,4,,,0,15,,3850,4,,,0,99,,3844,4,,,0,92,,3835,4,,,0,19,,3851,4,,,0,112,,3852,4,,,0,91,,3834,4,,,0,17,,3848,4,,,0,148,,3853,4,,,0,36,,3854,4,,,0,20,,3836,4,,,0,148,,3855,4,,,0,25,,3856,4,,,0,26,,3857,4,,,0,91,,3858,4,,,0,64,,3859,4,,,0,25,,3860,4,,,0,90,,3861,4,,,0,25,,3862,4,,,0,65,,3863,4,,,0
9701,'4799',650,,3869,4,,,0,60,,3877,4,,,0,45,,3868,4,,,0,100,,3870,4,,,0,56,,3875,4,,,0,90,,3867,4,,,0,101,,3871,4,,,0,16,,3879,4,,,0,88,,3873,4,,,0,103,,3872,4,,,0,15,,3880,4,,,0,99,,3874,4,,,0,92,,3865,4,,,0,19,,3881,4,,,0,112,,3882,4,,,0,91,,3864,4,,,0,17,,3878,4,,,0,148,,3883,4,,,0,36,,3884,4,,,0,20,,3866,4,,,0,148,,3885,4,,,0,25,,3886,4,,,0,26,,3887,4,,,0,91,,3888,4,,,0,64,,3889,4,,,0,25,,3890,4,,,0,90,,3891,4,,,0,25,,3892,4,,,0,65,,3893,4,,,0,85,,3895,4,,,0,50,,3894,4,0,12,0
9701,'4800',748,,3897,4,,,0,71,,3896,4,,,0,30,,3900,4,,,0,70,,3899,4,,,0,30,,3901,4,,,0,70,,3902,4,,,0,30,,3903,4,,,0,70,,3898,4,,,0,30,,3908,4,,,0,70,,3920,4,,,0,30,,3921,4,,,0,70,,3922,4,,,0,30,,3910,4,,,0,70,,3909,4,,,0,30,,3904,4,,,0,70,,3905,4,,,0,30,,3907,4,,,0,70,,3912,4,,,0,31,,3914,4,,,0,70,,3906,4,,,0,30,,3911,4,,,0,70,,3913,4,,,0,30,,3934,4,,,0,70,,3916,4,,,0,30,,3923,4,,,0,70,,3915,4,,,0,30,,3924,4,,,0,70,,3917,4,,,0,30,,3927,4,,,0,70,,3918,4,,,0,29,,3926,4,,,0,70,,3919,4,,,0,30,,3925,4,,,0,70,,3928,4,,,0,30,,3930,4,,,0,70,,3929,4,,,0,30,,3933,4,,,0,70,,3932,4,0,12,0
9701,'5102',608,,6314,4,,,0,19,,6312,4,,,0,20,,6328,4,,,0,60,,6364,4,,,0,21,,6333,4,,,0,22,,6334,4,,,0,61,,6335,4,,,0,21,,6336,4,,,0,20,,6337,4,,,0,61,,6338,4,,,0,20,,6339,4,,,0,20,,6340,4,,,0,60,,6341,4,,,0,25,,6331,4,,,0,68,,6332,4,,,0,29,,6325,4,,,0,69,,6324,4,,,0,29,,6329,4,,,0,69,,6326,4,,,0,30,,6327,4,,,0,70,,6345,4,,,0,20,,6342,4,,,0,20,,6343,4,,,0,60,,6347,4,,,0,20,,6344,4,,,0,20,,6348,4,,,0,60,,6349,4,,,0,20,,6350,4,,,0,20,,6330,4,,,0,60,,6323,4,,,0,20,,6346,4,,,0,19,,6352,4,,,0,60,,6351,4,,,0,20,,6353,4,,,0,20,,6355,4,,,0,59,,6354,4,,,0,21,,6356,4,,,0,23,,6358,4,,,0,63,,6357,4,,,0,23,,6363,4,,,0,23,,6359,4,,,0,63,,6361,4,,,0,23,,6360,4,,,0,63,,6362,4,,,0,24,,6315,4,,,0,24,,6316,4,,,0,63,,6317,4,,,0,24,,6318,4,,,0,65,,6319,4,,,0,25,,6320,4,,,0,25,,6321,4,,,0,65,,6322,4,,,0
9701,'5105',753,,6367,4,,,0,71,,6366,4,,,0,30,,6370,4,,,0,70,,6369,4,,,0,30,,6371,4,,,0,70,,6372,4,,,0,30,,6373,4,,,0,71,,6368,4,,,0,30,,6377,4,,,0,72,,6390,4,,,0,32,,6391,4,,,0,72,,6389,4,,,0,72,,6379,4,,,0,32,,6378,4,,,0,72,,6374,4,,,0,32,,6375,4,,,0,72,,6381,4,,,0,32,,6383,4,,,0,72,,6376,4,,,0,32,,6380,4,,,0,71,,6382,4,,,0,32,,6401,4,,,0,70,,6385,4,,,0,30,,6392,4,,,0,70,,6384,4,,,0,30,,6393,4,,,0,70,,6386,4,,,0,30,,6396,4,,,0,70,,6387,4,,,0,30,,6395,4,,,0,69,,6388,4,,,0,30,,6394,4,,,0,70,,6397,4,,,0,30,,6399,4,,,0,70,,6398,4,0,12,0
9801,'4327',1001,,6464,11,,,0,47,,6471,11,,,0,85,,6463,11,,,0,85,,6467,11,,,0,85,,6462,11,,,0,45,,6469,11,,,0,85,,6461,11,,,0,85,,6465,11,,,0,85,,6460,11,,,0,45,,6468,11,,,0,169,,6466,11,,,0,129,,6470,11,,,0,170,,6472,11,,,0
9801,'4795',647,,2737,11,,,0,61,,2736,11,,,0,21,,2723,11,,,0,20,,2716,11,,,0,61,,2722,11,,,0,21,,2725,11,,,0,21,,2732,11,,,0,61,,2724,11,,,0,42,,2729,11,,,0,83,,2735,11,,,0,83,,2721,11,,,0,85,,2731,11,,,0,45,,2739,11,,,0,85,,2728,11,,,0,86,,2730,11,,,0,85,,2710,11,,,0,29,,2717,11,,,0,20,,2720,11,,,0,60,,2727,11,,,0,20,,2726,11,,,0,20,,2712,11,,,0,59,,2719,11,,,0,20,,2715,11,,,0,18,,2713,11,,,0,60,,2740,11,,,0,20,,2709,11,,,0,21,,2741,11,,,0,79,,2711,11,,,0,80,,2718,11,,,0,40,,2738,11,,,0,79,,2708,11,,,0,80,,2734,11,,,0,40,,2714,11,,,0,79,,2733,11,,,0
9801,'4800',1004,,2744,11,,,0,45,,2755,11,,,0,85,,2743,11,,,0,85,,2751,11,,,0,85,,2746,11,,,0,45,,2750,11,,,0,85,,2745,11,,,0,85,,2749,11,,,0,85,,2742,11,,,0,45,,2748,11,,,0,85,,2747,11,,,0,84,,2752,11,,,0,128,,2753,11,,,0,170,,2754,11,,,0
9801,'5102',647,,6496,11,,,0,61,,6489,11,,,0,21,,6497,11,,,0,20,,6494,11,,,0,61,,6498,11,,,0,21,,6490,11,,,0,82,,6493,11,,,0,42,,6492,11,,,0,83,,6495,11,,,0,83,,6491,11,,,0,85,,6479,11,,,0,45,,6483,11,,,0,85,,6477,11,,,0,86,,6478,11,,,0,87,,6474,11,,,0,25,,6501,11,,,0,22,,6484,11,,,0,60,,6499,11,,,0,20,,6500,11,,,0,20,,6488,11,,,0,78,,6486,11,,,0,88,,6487,11,,,0,90,,6485,11,,,0,89,,6476,11,,,0,46,,6482,11,,,0,85,,6473,11,,,0,80,,6481,11,,,0,40,,6475,11,,,0,79,,6480,11,,,0
9801,'5105',1004,,6504,11,,,0,45,,6515,11,,,0,85,,6503,11,,,0,85,,6511,11,,,0,85,,6506,11,,,0,45,,6510,11,,,0,85,,6505,11,,,0,85,,6509,11,,,0,85,,6502,11,,,0,45,,6508,11,,,0,85,,6507,11,,,0,84,,6512,11,,,0,128,,6513,11,,,0,170,,6514,11,,,0
