2000,'4332',751,,5561,1,,,0,100,,5562,1,,,0,88,,5556,1,,,0,103,,5559,1,,,0,106,,5558,1,,,0,104,,5560,1,,,0,107,,5557,1,,,0,164,,5564,1,,,0,91,,5563,1,,,0,193,,5567,1,,,0,105,,5566,1,,,0,105,,5568,1,,,0,105,,5565,1,,,0
2000,'4480',626,,5537,1,,,0,104,,5538,1,,,0,72,,5539,1,,,0,104,,5540,1,,,0,104,,5541,1,,,0,104,,5542,1,,,0,104,,5544,1,,,0,101,,5543,1,,,0,110,,5545,1,,,0,78,,5549,1,,,0,33,,5546,1,,,0,74,,5548,1,,,0,29,,5547,1,,,0,72,,5550,1,,,0,32,,5551,1,,,0,155,,5553,1,,,0,54,,5552,1,,,0,156,,5554,1,,,0,101,,5555,1,,,0
2001,'4332',704,,5606,34,4,,0,103,,5607,34,4,,0,114,,5601,34,4,,0,106,,5605,34,4,,0,103,,5602,34,4,,0,106,,5604,34,4,,0,103,,5603,34,4,,0,101,,5609,34,4,,0,94,,5608,34,4,,0,120,,5610,34,4,,0,90,,5613,34,4,,0,106,,5614,34,4,,0,150,,5611,34,4,,0,109,,5615,34,4,,0,100,,5612,34,4,,0
2001,'4480',642,,5580,34,4,,0,72,,5581,34,4,,0,106,,5583,34,4,,0,32,,5582,34,4,,0,70,,5585,34,4,,0,34,,5584,34,4,,0,144,,5586,34,4,,0,102,,5587,34,4,,0,107,,5588,34,4,,0,104,,5589,34,4,,0,111,,5592,34,4,,0,81,,5590,34,4,,0,24,,5591,34,4,,0,72,,5593,34,4,,0,32,,5595,34,4,,0,72,,5594,34,4,,0,32,,5596,34,4,,0,119,,5597,34,4,,0,89,,5598,34,4,,0,156,,5599,34,4,,0,116,,5600,34,4,,0
2400,'4332',713,,5948,1,,,0,100,,5949,1,,,0,143,,5945,1,,,0,150,,5944,1,,,0,104,,5946,1,,,0,106,,5947,1,,,0,129,,5951,1,,,0,91,,5950,1,,,0,121,,5952,1,,,0,65,,5955,1,,,0,108,,5954,1,,,0,105,,5956,1,,,0,105,,5953,1,,,0
2400,'4480',544,,5923,1,,,0,104,,5924,1,,,0,72,,5925,1,,,0,104,,5926,1,,,0,30,,5928,1,,,0,70,,5927,1,,,0,108,,5929,1,,,0,104,,5930,1,,,0,104,,5931,1,,,0,106,,5932,1,,,0,111,,5934,1,,,0,72,,5935,1,,,0,72,,5936,1,,,0,32,,5933,1,,,0,72,,5938,1,,,0,32,,5937,1,,,0,80,,5939,1,,,0,97,,5940,1,,,0,116,,5942,1,,,0,101,,5941,1,,,0,104,,5943,1,,,0
2401,'4332',834,,5994,25,4,,0,100,,5991,25,4,,0,98,,5992,25,4,,0,111,,5989,25,4,,0,104,,5993,25,4,,0,107,,5990,25,4,,0,89,,5996,25,4,,0,164,,5997,25,4,,0,94,,5995,25,4,,0,102,,6000,25,4,,0,104,,5998,25,4,,0,105,,6001,25,4,,0,105,,5999,25,4,,0
2401,'4480',621,,5969,25,4,,0,105,,5970,25,4,,0,32,,5971,25,4,,0,146,,5972,25,4,,0,31,,5973,25,4,,0,72,,5974,25,4,,0,103,,5977,25,4,,0,104,,5975,25,4,,0,103,,5976,25,4,,0,108,,5978,25,4,,0,125,,5979,25,4,,0,62,,5981,25,4,,0,28,,5982,25,4,,0,71,,5980,25,4,,0,32,,5983,25,4,,0,72,,5984,25,4,,0,43,,5986,25,4,,0,94,,5985,25,4,,0,154,,5987,25,4,,0,101,,5988,25,4,,0
2500,'4332',915,,6016,1,,,0,132,,6018,1,,,0,173,,6017,1,,,0,131,,6019,1,,,0,403,,6020,1,,,0
2500,'4480',742,,6006,1,,,0,91,,6007,1,,,0,90,,6008,1,,,0,135,,6009,1,,,0,173,,6010,1,,,0,174,,6011,1,,,0,115,,6013,1,,,0,102,,6012,1,,,0,93,,6014,1,,,0,89,,6015,1,,,0
2501,'4332',1002,,6036,24,4,,0,132,,6037,24,4,,0,173,,6035,24,4,,0,141,,6039,24,4,,0,391,,6038,24,4,,0
2501,'4480',734,,6025,24,4,,0,94,,6026,24,4,,0,91,,6027,24,4,,0,134,,6028,24,4,,0,172,,6030,24,4,,0,177,,6029,24,4,,0,112,,6031,24,4,,0,100,,6032,24,4,,0,95,,6033,24,4,,0,50,,6034,24,4,,0
2600,'4332',727,,6062,1,,,0,114,,6061,1,,,0,168,,6066,1,,,0,133,,6067,1,,,0,172,,6068,1,,,0,136,,6063,1,,,0,163,,6065,1,,,0,90,,6064,1,,,0,197,,6069,1,,,0,28,,6070,1,,,0,177,,6071,1,,,0
2600,'4480',550,,6044,1,,,0,75,,6045,1,,,0,79,,6046,1,,,0,37,,6048,1,,,0,76,,6047,1,,,0,38,,6049,1,,,0,159,,6050,1,,,0,124,,6051,1,,,0,176,,6052,1,,,0,134,,6054,1,,,0,78,,6056,1,,,0,79,,6055,1,,,0,35,,6053,1,,,0,76,,6057,1,,,0,121,,6058,1,,,0,199,,6060,1,,,0,175,,6059,1,,,0
2601,'4332',747,,6095,19,4,,0,100,,6096,19,4,,0,195,,6099,19,4,,0,174,,6101,19,4,,0,132,,6100,19,4,,0,172,,6098,19,4,,0,91,,6097,19,4,,0,124,,6102,19,4,,0,198,,6104,19,4,,0,70,,6103,19,4,,0,134,,6105,19,4,,0
2601,'4480',621,,6078,19,4,,0,38,,6079,19,4,,0,75,,6080,19,4,,0,80,,6082,19,4,,0,39,,6081,19,4,,0,156,,6083,19,4,,0,126,,6084,19,4,,0,174,,6085,19,4,,0,137,,6086,19,4,,0,78,,6088,19,4,,0,35,,6089,19,4,,0,78,,6087,19,4,,0,75,,6090,19,4,,0,41,,6091,19,4,,0,72,,6092,19,4,,0,108,,6093,19,4,,0,174,,6094,19,4,,0
