2200,'4327',827,,5673,1,,,0,97,,5670,1,,,0,228,,5672,1,,,0,269,,5671,1,,,0,294,,5674,1,,,0,200,,5675,1,,,0,103,,5676,1,,,0,100,,5677,1,,,0,100,,5678,1,,,0
2200,'4795',616,,3476,1,,,0,23,,1793,1,,,0,95,,1794,1,,,0,91,,1792,1,,,0,177,,1797,1,,,0,100,,1795,1,,,0,130,,1798,1,,,0,100,,1796,1,,,0,171,,1799,1,,,0,140,,1800,1,,,0,93,,1802,1,,,0,93,,1801,1,,,0,175,,1803,1,,,0,137,,1804,1,,,0,169,,1805,1,,,0
2200,'4800',850,,1808,1,,,0,151,,1812,1,,,0,100,,1809,1,,,0,147,,1811,1,,,0,102,,1813,1,,,0,168,,1814,1,,,0,100,,1816,1,,,0,96,,1815,1,,,0,140,,1810,1,,,0,177,,1806,1,,,0,175,,1807,1,,,0,98,,1817,1,,,0
2200,'5102',616,,5679,1,,,0,23,,5681,1,,,0,95,,5682,1,,,0,91,,5680,1,,,0,177,,5685,1,,,0,100,,5683,1,,,0,130,,5686,1,,,0,100,,5684,1,,,0,171,,5688,1,,,0,140,,5687,1,,,0,93,,5690,1,,,0,93,,5689,1,,,0,175,,5691,1,,,0,137,,5692,1,,,0,169,,5693,1,,,0
2200,'5105',850,,5696,1,,,0,151,,5700,1,,,0,100,,5697,1,,,0,147,,5699,1,,,0,102,,5701,1,,,0,168,,5702,1,,,0,100,,5704,1,,,0,96,,5703,1,,,0,140,,5698,1,,,0,177,,5694,1,,,0,175,,5695,1,,,0,98,,5705,1,,,0
2201,'4327',827,,5710,24,4,,0,97,,5706,24,4,,0,228,,5707,24,4,,0,269,,5708,24,4,,0,294,,5709,24,4,,0,200,,5711,24,4,,0,103,,5712,24,4,,0,100,,5713,24,4,,0,100,,5714,24,4,,0
2201,'4795',616,,3477,16,4,,0,23,,1828,16,4,,0,95,,1830,24,4,,0,91,,1829,24,4,,0,177,,1833,24,4,,0,100,,1832,24,4,,0,130,,1834,24,4,,0,100,,1831,24,4,,0,171,,1835,24,4,,0,140,,1836,24,4,,0,93,,1837,24,4,,0,93,,1838,24,4,,0,175,,1839,24,4,,0,137,,1840,24,4,,0,169,,1841,24,4,,0
2201,'4800',850,,1845,24,4,,0,151,,1846,24,4,,0,100,,1844,24,4,,0,147,,1849,24,4,,0,102,,1847,24,4,,0,168,,1850,24,4,,0,100,,1852,24,4,,0,96,,1851,24,4,,0,140,,1848,24,4,,0,177,,1842,24,4,,0,175,,1843,24,4,,0,98,,1853,24,4,,0
2201,'5102',616,,5715,16,4,,0,23,,5716,16,4,,0,95,,5718,24,4,,0,91,,5717,24,4,,0,177,,5721,24,4,,0,100,,5719,24,4,,0,130,,5722,24,4,,0,100,,5720,24,4,,0,171,,5723,24,4,,0,140,,5724,24,4,,0,93,,5725,24,4,,0,93,,5726,24,4,,0,175,,5727,24,4,,0,137,,5728,24,4,,0,169,,5729,24,4,,0
2201,'5105',850,,5733,24,4,,0,151,,5734,24,4,,0,100,,5732,24,4,,0,147,,5738,24,4,,0,102,,5736,24,4,,0,168,,5735,24,4,,0,100,,5740,24,4,,0,96,,5739,24,4,,0,140,,5737,24,4,,0,177,,5730,24,4,,0,175,,5731,24,4,,0,98,,5741,24,4,,0
