801,'4327',622,,4554,3,,,0,37,,4555,17,,,0,75,,4556,17,,,0,75,,4557,17,,,0,36,,4558,17,,,0,75,,4559,17,,,0,35,,4560,17,,,0,75,,4561,17,,,0,75,,4563,17,,,0,30,,4564,17,,,0,70,,4565,17,,,0,30,,4562,17,,,0,70,,4568,17,,,0,30,,4569,17,,,0,70,,4566,17,,,0,30,,4567,17,,,0,70,,4570,17,,,0,30,,4571,17,,,0,70,,4572,17,,,0,30,,4574,17,,,0,70,,4575,17,,,0,30,,4576,17,,,0,69,,4573,17,,,0,30,,4577,17,,,0,70,,4578,17,,,0,30,,4579,17,,,0,69,,4580,17,,,0,45,,4581,17,,,0,85,,4582,17,,,0,85,,4583,17,,,0,85,,4552,17,,,0,45,,4553,17,,,0
801,'4795',600,,2938,17,,,0,39,,2939,3,,,0,11,,2940,17,,,0,55,,2941,3,,,0,7,,2942,17,,,0,16,,2943,17,,,0,15,,2944,17,,,0,15,,2945,17,,,0,55,,2946,17,,,0,15,,2947,17,,,0,15,,2948,17,,,0,15,,2949,17,,,0,55,,2950,17,,,0,15,,2951,17,,,0,15,,2952,17,,,0,15,,2953,17,,,0,55,,2954,17,,,0,15,,2955,17,,,0,15,,2956,17,,,0,15,,2957,17,,,0,55,,2958,17,,,0,15,,2959,17,,,0,15,,2960,17,,,0,15,,2961,17,,,0,55,,2962,17,,,0,15,,2963,17,,,0,15,,2964,17,,,0,15,,2965,17,,,0,55,,2966,17,,,0,15,,2967,17,,,0,15,,2968,17,,,0,15,,2969,17,,,0,55,,2970,17,,,0,15,,2971,17,,,0,15,,2972,17,,,0,16,,2973,17,,,0,55,,2974,17,,,0,16,,699,6,,,0,3,,2975,17,,,0,16,,2976,17,,,0,54,,2977,17,,,0,16,,2978,17,,,0,16,,2979,17,,,0,16,,2980,17,,,0,56,,2981,17,,,0,15,,2982,17,,,0,16,,2983,17,,,0,15,,2984,17,,,0,56,,2985,17,,,0,15,,2986,17,,,0,16,,2987,17,,,0,16,,2988,17,,,0,57,,2989,17,,,0,18,,2990,17,,,0,25,,2991,17,,,0,66,,2992,17,,,0,24,,2993,17,,,0,65,,2994,17,,,0,25,,2995,17,,,0,64,,2996,17,,,0,45,,2997,17,,,0,84,,2998,17,,,0,85,,2999,17,,,0,45,,3000,17,,,0
801,'4800',622,,3025,3,,,0,37,,3032,17,,,0,75,,3015,17,,,0,75,,3022,17,,,0,36,,3031,17,,,0,75,,3014,17,,,0,35,,3024,17,,,0,75,,3030,17,,,0,70,,3004,17,,,0,30,,3013,17,,,0,25,,3019,17,,,0,65,,3029,17,,,0,25,,761,17,,,0,60,,3002,17,,,0,20,,3012,17,,,0,20,,3034,17,,,0,60,,3018,17,,,0,20,,3027,17,,,0,20,,763,17,,,0,60,,3001,17,,,0,20,,3010,17,,,0,20,,3033,17,,,0,60,,3016,17,,,0,20,,3026,17,,,0,20,,764,17,,,0,60,,3003,17,,,0,20,,3011,17,,,0,19,,3035,17,,,0,60,,3017,17,,,0,20,,3028,17,,,0,20,,759,17,,,0,60,,3005,17,,,0,30,,3007,17,,,0,70,,3020,17,,,0,44,,3006,17,,,0,85,,3023,17,,,0,85,,3008,17,,,0,85,,3021,17,,,0,44,,3009,17,,,0,85,,749,17,,,0
801,'5102',600,,4584,17,,,0,39,,4585,3,,,0,11,,4586,17,,,0,55,,4587,3,,,0,7,,4588,17,,,0,16,,4589,17,,,0,15,,4591,17,,,0,15,,4592,17,,,0,55,,4593,17,,,0,15,,4590,17,,,0,15,,4595,17,,,0,15,,4596,17,,,0,55,,4597,17,,,0,15,,4594,17,,,0,15,,4598,17,,,0,15,,4599,17,,,0,55,,4600,17,,,0,15,,4601,17,,,0,15,,4602,17,,,0,15,,4603,17,,,0,55,,4604,17,,,0,15,,4606,17,,,0,15,,4607,17,,,0,15,,4609,17,,,0,55,,4605,17,,,0,15,,4610,17,,,0,15,,4611,17,,,0,15,,4608,17,,,0,55,,4612,17,,,0,15,,4613,17,,,0,15,,4614,17,,,0,15,,4615,17,,,0,55,,4616,17,,,0,15,,4617,17,,,0,15,,4619,17,,,0,16,,4621,17,,,0,55,,4618,17,,,0,16,,4622,6,,,0,3,,4623,17,,,0,16,,4624,17,,,0,54,,4625,17,,,0,16,,4626,17,,,0,16,,4627,17,,,0,16,,4628,17,,,0,56,,4630,17,,,0,15,,4632,17,,,0,16,,4633,17,,,0,15,,4629,17,,,0,56,,4634,17,,,0,15,,4631,17,,,0,16,,4635,17,,,0,16,,4636,17,,,0,57,,4637,17,,,0,18,,4638,17,,,0,25,,4639,17,,,0,66,,4640,17,,,0,24,,4641,17,,,0,65,,4642,17,,,0,25,,4643,17,,,0,64,,4644,17,,,0,45,,4646,17,,,0,84,,4647,17,,,0,85,,4648,17,,,0,45,,4645,17,,,0
801,'5105',622,,4674,3,,,0,37,,4681,17,,,0,75,,4663,17,,,0,75,,4670,17,,,0,36,,4680,17,,,0,75,,4662,17,,,0,35,,4673,17,,,0,75,,4679,17,,,0,70,,4652,17,,,0,30,,4661,17,,,0,25,,4667,17,,,0,65,,4678,17,,,0,25,,4684,17,,,0,60,,4650,17,,,0,20,,4660,17,,,0,20,,4685,17,,,0,60,,4666,17,,,0,20,,4676,17,,,0,20,,4686,17,,,0,60,,4649,17,,,0,20,,4658,17,,,0,20,,4683,17,,,0,60,,4664,17,,,0,20,,4675,17,,,0,20,,4687,17,,,0,60,,4651,17,,,0,20,,4659,17,,,0,19,,4688,17,,,0,60,,4665,17,,,0,20,,4677,17,,,0,20,,4682,17,,,0,60,,4653,17,,,0,30,,4655,17,,,0,70,,4668,17,,,0,44,,4654,17,,,0,85,,4671,17,,,0,85,,4656,17,,,0,85,,4669,17,,,0,44,,4657,17,,,0,85,,4672,17,,,0
1400,'4327',824,,5121,16,,,0,104,,5122,16,,,0,100,,5120,16,,,0,100,,5117,16,,,0,100,,5119,16,,,0,100,,5123,16,,,0,100,,5118,16,,,0,100,,5129,16,,,0,100,,5130,16,,,0,100,,5126,16,,,0,96,,5127,16,,,0,100,,5125,16,,,0,100,,5128,16,,,0,100,,5124,16,,,0
1400,'4795',702,,1247,16,,,0,30,,3353,16,,,0,70,,1250,16,,,0,33,,3352,16,,,0,70,,1249,16,,,0,30,,3363,16,,,0,100,,3364,16,,,0,100,,3365,16,,,0,100,,3366,16,,,0,100,,3357,16,,,0,99,,3358,16,,,0,100,,3354,16,,,0,70,,1251,16,,,0,30,,3355,16,,,0,70,,1254,16,,,0,30,,3356,16,,,0,70,,1262,16,,,0,28,,3362,16,,,0,100,,3361,16,,,0,100,,3360,16,,,0,100,,3359,16,,,0
1400,'4800',824,,3379,16,,,0,104,,3380,16,,,0,100,,3376,16,,,0,100,,3377,16,,,0,100,,3375,16,,,0,100,,3378,16,,,0,100,,3374,16,,,0,100,,3367,16,,,0,100,,3368,16,,,0,100,,3370,16,,,0,96,,3371,16,,,0,100,,3369,16,,,0,100,,3372,16,,,0,100,,3373,16,,,0
1400,'5102',702,,5133,16,,,0,30,,5134,16,,,0,70,,5135,16,,,0,33,,5131,16,,,0,70,,5132,16,,,0,30,,5149,16,,,0,100,,5148,16,,,0,100,,5150,16,,,0,100,,5151,16,,,0,100,,5141,16,,,0,99,,5142,16,,,0,100,,5137,16,,,0,70,,5136,16,,,0,30,,5138,16,,,0,70,,5139,16,,,0,30,,5140,16,,,0,70,,5147,16,,,0,28,,5146,16,,,0,100,,5145,16,,,0,100,,5144,16,,,0,100,,5143,16,,,0
1400,'5105',824,,5164,16,,,0,104,,5165,16,,,0,100,,5161,16,,,0,100,,5162,16,,,0,100,,5160,16,,,0,100,,5163,16,,,0,100,,5159,16,,,0,100,,5152,16,,,0,100,,5153,16,,,0,100,,5155,16,,,0,96,,5156,16,,,0,100,,5154,16,,,0,100,,5157,16,,,0,100,,5158,16,,,0
9801,'4327',956,,6464,8,,,0,87,,6471,8,,,0,85,,6463,8,,,0,85,,6467,8,,,0,45,,6462,8,,,0,85,,6469,8,,,0,85,,6461,8,,,0,85,,6465,8,,,0,45,,6460,8,,,0,85,,6468,8,,,0,169,,6466,8,,,0,129,,6470,8,,,0,170,,6472,8,,,0
9801,'4795',643,,2737,8,,,0,60,,2736,8,,,0,21,,2723,8,,,0,20,,2716,8,,,0,61,,2722,8,,,0,21,,2725,8,,,0,21,,2732,8,,,0,61,,2724,8,,,0,42,,2729,8,,,0,83,,2735,8,,,0,83,,2721,8,,,0,85,,2731,8,,,0,45,,2739,8,,,0,85,,2728,8,,,0,86,,2730,8,,,0,85,,2710,8,,,0,29,,2717,8,,,0,20,,2720,8,,,0,60,,2727,8,,,0,20,,2726,8,,,0,20,,2712,8,,,0,59,,2719,8,,,0,20,,2715,8,,,0,18,,2713,8,,,0,60,,2740,8,,,0,20,,2709,8,,,0,21,,2741,8,,,0,79,,2711,8,,,0,80,,2718,8,,,0,40,,2738,8,,,0,80,,2708,8,,,0,80,,2734,8,,,0,40,,2714,8,,,0,79,,2733,8,,,0
9801,'4800',959,,2744,8,,,0,85,,2755,8,,,0,85,,2743,8,,,0,85,,2751,8,,,0,45,,2746,8,,,0,85,,2750,8,,,0,85,,2745,8,,,0,85,,2749,8,,,0,45,,2742,8,,,0,85,,2748,8,,,0,85,,2747,8,,,0,84,,2752,8,,,0,128,,2753,8,,,0,170,,2754,8,,,0
9801,'5102',643,,6496,8,,,0,60,,6489,8,,,0,21,,6497,8,,,0,20,,6494,8,,,0,61,,6498,8,,,0,21,,6490,8,,,0,82,,6493,8,,,0,42,,6492,8,,,0,83,,6495,8,,,0,83,,6491,8,,,0,85,,6479,8,,,0,45,,6483,8,,,0,85,,6477,8,,,0,86,,6478,8,,,0,87,,6474,8,,,0,25,,6501,8,,,0,22,,6484,8,,,0,60,,6499,8,,,0,20,,6500,8,,,0,20,,6488,8,,,0,78,,6486,8,,,0,88,,6487,8,,,0,90,,6485,8,,,0,49,,6476,8,,,0,86,,6482,8,,,0,86,,6473,8,,,0,80,,6481,8,,,0,40,,6475,8,,,0,79,,6480,8,,,0
9801,'5105',959,,6504,8,,,0,85,,6515,8,,,0,85,,6503,8,,,0,85,,6511,8,,,0,45,,6506,8,,,0,85,,6510,8,,,0,85,,6505,8,,,0,85,,6509,8,,,0,45,,6502,8,,,0,85,,6508,8,,,0,85,,6507,8,,,0,84,,6512,8,,,0,128,,6513,8,,,0,170,,6514,8,,,0
