600,'4327',856,,4337,18,,,0,160,,4338,18,,,0,120,,4339,18,,,0,120,,4341,18,,,0,160,,4343,18,,,0,120,,4344,18,,,0,120,,4340,18,,,0,160,,4342,18,,,0
600,'4795',707,,417,18,,,0,35,,2765,18,,,0,75,,416,18,,,0,35,,2766,18,,,0,75,,424,18,,,0,110,,425,18,,,0,110,,426,18,,,0,110,,422,18,,,0,151,,423,18,,,0,35,,430,18,,,0,75,,421,18,,,0,35,,429,18,,,0,75,,420,18,,,0,75,,432,18,,,0,35,,419,18,,,0,74,,433,18,,,0,35,,418,18,,,0,110,,434,18,,,0,150,,431,18,,,0,112,,435,18,,,0
600,'4800',819,,445,18,,,0,100,,437,18,,,0,100,,2767,18,,,0,100,,439,18,,,0,100,,441,18,,,0,100,,438,18,,,0,100,,442,18,,,0,100,,443,18,,,0,100,,440,18,,,0,100,,2768,18,,,0
600,'5102',707,,4346,18,,,0,110,,4345,18,,,0,110,,4354,18,,,0,110,,4355,18,,,0,110,,4353,18,,,0,110,,4352,18,,,0,151,,4351,18,,,0,35,,4357,18,,,0,75,,4350,18,,,0,35,,4356,18,,,0,75,,4349,18,,,0,75,,4359,18,,,0,35,,4348,18,,,0,74,,4360,18,,,0,35,,4347,18,,,0,110,,4361,18,,,0,150,,4358,18,,,0
600,'5105',819,,4371,18,,,0,100,,4363,18,,,0,100,,4362,18,,,0,100,,4365,18,,,0,100,,4367,18,,,0,100,,4364,18,,,0,100,,4368,18,,,0,100,,4369,18,,,0,100,,4366,18,,,0,100,,4370,18,,,0
1801,'4327',822,,5332,12,,,0,115,,5333,12,,,0,120,,5330,12,,,0,155,,5331,12,,,0,120,,5329,12,,,0,115,,5328,12,,,0,160,,5334,12,,,0,115,,5335,12,,,0,120,,5336,12,,,0,115,,5337,12,,,0,155,,5338,12,,,0,115,,5339,12,,,0
1801,'4795',634,,3434,12,,,0,108,,1474,12,,,0,66,,1454,12,,,0,26,,1475,12,,,0,69,,1455,12,,,0,28,,1478,12,,,0,27,,1457,12,,,0,80,,1456,12,,,0,80,,1461,12,,,0,40,,1462,12,,,0,80,,1464,12,,,0,80,,1463,12,,,0,40,,1458,12,,,0,80,,1459,12,,,0,68,,1477,12,,,0,28,,1460,12,,,0,68,,1476,12,,,0,28,,1473,12,,,0,70,,1479,12,,,0,27,,1467,12,,,0,30,,1480,12,,,0,68,,1466,12,,,0,95,,1470,12,,,0,37,,1469,12,,,0,80,,1468,12,,,0,120,,1471,12,,,0,149,,1465,12,,,0
1801,'4800',753,,3437,12,,,0,102,,1487,12,,,0,100,,1488,12,,,0,100,,3441,12,,,0,100,,1492,12,,,0,100,,1489,12,,,0,100,,1490,12,,,0,100,,1493,12,,,0,100,,1494,12,,,0,100,,1495,12,,,0,100,,3442,12,,,0,167,,3438,12,,,0,115,,3440,12,,,0,115,,3436,12,,,0,155,,3439,12,,,0,115,,3435,12,,,0
1801,'5102',634,,5358,12,,,0,108,,5360,12,,,0,66,,5340,12,,,0,26,,5361,12,,,0,69,,5341,12,,,0,28,,5364,12,,,0,27,,5343,12,,,0,80,,5342,12,,,0,80,,5347,12,,,0,40,,5348,12,,,0,80,,5350,12,,,0,80,,5349,12,,,0,40,,5345,12,,,0,80,,5346,12,,,0,68,,5363,12,,,0,28,,5344,12,,,0,68,,5362,12,,,0,28,,5359,12,,,0,70,,5365,12,,,0,27,,5353,12,,,0,30,,5366,12,,,0,68,,5352,12,,,0,95,,5356,12,,,0,37,,5355,12,,,0,80,,5354,12,,,0,120,,5357,12,,,0,149,,5351,12,,,0
1801,'5105',753,,5369,12,,,0,102,,5373,12,,,0,100,,5374,12,,,0,100,,5377,12,,,0,100,,5378,12,,,0,100,,5375,12,,,0,100,,5376,12,,,0,100,,5379,12,,,0,100,,5380,12,,,0,100,,5381,12,,,0,100,,5382,12,,,0,167,,5370,12,,,0,115,,5372,12,,,0,115,,5368,12,,,0,155,,5371,12,,,0,115,,5367,12,,,0
