901,'4327',821,,4701,12,,,0,230,,4702,12,,,0,270,,4703,12,,,0,230,,4705,12,,,0,270,,4704,12,,,0
901,'4795',926,,784,12,,,0,225,,785,12,,,0,300,,786,12,,,0
901,'4800',821,,788,12,,,0,230,,787,12,,,0,270,,789,12,,,0,230,,791,12,,,0,270,,790,12,,,0
901,'5102',1151,,4706,12,,,0,300,,4707,12,,,0
901,'5105',821,,4709,12,,,0,230,,4708,12,,,0,270,,4710,12,,,0,230,,4712,12,,,0,270,,4711,12,,,0
1001,'4327',750,,4802,27,,,0,86,,4808,27,,,0,87,,4815,27,,,0,86,,4805,27,,,0,46,,4803,27,,,0,87,,4804,27,,,0,85,,4816,27,,,0,85,,4807,27,,,0,45,,4806,27,,,0,85,,4813,27,,,0,85,,4817,27,,,0,85,,4809,27,,,0,45,,4814,27,,,0,84,,4811,27,,,0,83,,4818,27,,,0,84,,4812,27,,,0,44,,4810,27,,,0,85,,4822,27,,,0,83,,4821,27,,,0,85,,4823,27,,,0,44,,4820,27,,,0,85,,4824,27,,,0,85,,4819,27,,,0
1001,'4795',543,,3149,27,,,0,61,,3172,27,,,0,20,,3150,27,,,0,20,,3151,27,,,0,60,,3152,27,,,0,21,,3153,27,,,0,16,,3154,27,,,0,16,,3155,27,,,0,63,,3156,27,,,0,20,,3157,27,,,0,60,,3158,27,,,0,19,,3159,27,,,0,20,,3160,27,,,0,20,,3161,27,,,0,68,,3162,27,,,0,32,,3173,27,,,0,72,,3163,27,,,0,72,,3164,27,,,0,32,,3165,27,,,0,72,,3166,27,,,0,32,,3167,27,,,0,72,,3174,27,,,0,33,,3168,27,,,0,70,,3182,27,,,0,29,,943,27,,,0,61,,3169,27,,,0,20,,3175,27,,,0,20,,3176,27,,,0,60,,3177,27,,,0,19,,937,27,,,0,18,,3178,27,,,0,18,,3179,27,,,0,59,,3180,27,,,0,20,,3181,27,,,0,68,,3186,27,,,0,40,,3187,27,,,0,79,,3183,27,,,0,79,,3170,27,,,0,40,,3171,27,,,0,79,,3184,27,,,0,80,,3148,27,,,0,40,,3145,27,,,0,80,,3185,27,,,0,80,,3146,27,,,0
1001,'4800',753,,3191,27,,,0,85,,3189,27,,,0,86,,3190,27,,,0,86,,3205,27,,,0,47,,3197,27,,,0,88,,3203,27,,,0,85,,3201,27,,,0,85,,3210,27,,,0,85,,3194,27,,,0,45,,3206,27,,,0,85,,3200,27,,,0,84,,3198,27,,,0,45,,3188,27,,,0,84,,3193,27,,,0,83,,3202,27,,,0,85,,3199,27,,,0,43,,3208,27,,,0,84,,3192,27,,,0,84,,3196,27,,,0,85,,3204,27,,,0,43,,3195,27,,,0,85,,3207,27,,,0,85,,3209,27,,,0
1001,'5102',543,,4829,27,,,0,61,,4852,27,,,0,20,,4830,27,,,0,20,,4831,27,,,0,60,,4832,27,,,0,21,,4833,27,,,0,16,,4834,27,,,0,16,,4835,27,,,0,63,,4836,27,,,0,20,,4837,27,,,0,60,,4838,27,,,0,19,,4839,27,,,0,20,,4840,27,,,0,20,,4841,27,,,0,68,,4843,27,,,0,32,,4853,27,,,0,72,,4844,27,,,0,72,,4845,27,,,0,32,,4842,27,,,0,72,,4846,27,,,0,32,,4848,27,,,0,72,,4854,27,,,0,33,,4849,27,,,0,70,,4864,27,,,0,29,,4865,27,,,0,61,,4850,27,,,0,20,,4855,27,,,0,20,,4856,27,,,0,60,,4857,27,,,0,19,,4858,27,,,0,18,,4859,27,,,0,18,,4860,27,,,0,59,,4861,27,,,0,20,,4862,27,,,0,68,,4868,27,,,0,40,,4869,27,,,0,79,,4866,27,,,0,79,,4847,27,,,0,40,,4851,27,,,0,79,,4863,27,,,0,80,,4828,27,,,0,40,,4825,27,,,0,80,,4867,27,,,0,80,,4826,27,,,0
1001,'5105',753,,4873,27,,,0,85,,4871,27,,,0,86,,4872,27,,,0,86,,4887,27,,,0,47,,4879,27,,,0,88,,4885,27,,,0,85,,4883,27,,,0,85,,4892,27,,,0,85,,4876,27,,,0,45,,4888,27,,,0,85,,4882,27,,,0,84,,4880,27,,,0,45,,4870,27,,,0,84,,4875,27,,,0,83,,4884,27,,,0,85,,4881,27,,,0,43,,4890,27,,,0,84,,4874,27,,,0,84,,4878,27,,,0,85,,4886,27,,,0,43,,4877,27,,,0,85,,4889,27,,,0,85,,4891,27,,,0
