2401,'4327',737,,5960,22,,,0,103,,5957,22,,,0,107,,5959,22,,,0,104,,5958,22,,,0,108,,5961,22,,,0,141,,5963,22,,,0,109,,5964,22,,,0,102,,5962,22,,,0,93,,5965,22,,,0,107,,5966,22,,,0,101,,5967,22,,,0,99,,5968,22,,,0
2401,'4795',619,,2081,22,,,0,105,,2082,22,,,0,32,,2083,22,,,0,146,,2084,22,,,0,31,,2085,22,,,0,72,,3575,22,,,0,103,,2089,22,,,0,104,,3576,22,,,0,103,,2088,22,,,0,108,,3577,22,,,0,124,,2091,22,,,0,63,,3578,22,,,0,28,,2094,22,,,0,71,,2092,22,,,0,32,,2095,22,,,0,72,,2096,22,,,0,43,,3579,22,,,0,94,,2097,22,,,0,154,,3580,22,,,0,101,,2100,22,,,0
2401,'4800',832,,2106,22,,,0,100,,2103,22,,,0,98,,2104,22,,,0,111,,2101,22,,,0,104,,2105,22,,,0,107,,2102,22,,,0,89,,2108,22,,,0,164,,2109,22,,,0,54,,2107,22,,,0,142,,2112,22,,,0,104,,2110,22,,,0,105,,2113,22,,,0,105,,2111,22,,,0
2401,'5102',619,,5969,22,,,0,105,,5970,22,,,0,32,,5971,22,,,0,146,,5972,22,,,0,31,,5973,22,,,0,72,,5974,22,,,0,103,,5977,22,,,0,104,,5975,22,,,0,103,,5976,22,,,0,108,,5978,22,,,0,124,,5979,22,,,0,63,,5981,22,,,0,28,,5982,22,,,0,71,,5980,22,,,0,32,,5983,22,,,0,72,,5984,22,,,0,43,,5986,22,,,0,94,,5985,22,,,0,154,,5987,22,,,0,101,,5988,22,,,0
2401,'5105',832,,5994,22,,,0,100,,5991,22,,,0,98,,5992,22,,,0,111,,5989,22,,,0,104,,5993,22,,,0,107,,5990,22,,,0,89,,5996,22,,,0,164,,5997,22,,,0,54,,5995,22,,,0,142,,6000,22,,,0,104,,5998,22,,,0,105,,6001,22,,,0,105,,5999,22,,,0
2501,'4327',1044,,6021,21,,,0,268,,6022,21,,,0,291,,6023,21,,,0,229,,6024,21,,,0
2501,'4795',732,,2137,21,,,0,94,,2138,21,,,0,91,,2139,21,,,0,134,,2140,21,,,0,171,,2142,21,,,0,137,,2141,21,,,0,152,,2143,21,,,0,100,,2144,21,,,0,95,,2145,21,,,0,51,,2146,21,,,0
2501,'4800',1000,,2148,21,,,0,132,,2149,21,,,0,173,,2147,21,,,0,141,,2151,21,,,0,391,,2150,21,,,0
2501,'5102',732,,6025,21,,,0,94,,6026,21,,,0,91,,6027,21,,,0,134,,6028,21,,,0,171,,6030,21,,,0,137,,6029,21,,,0,152,,6031,21,,,0,100,,6032,21,,,0,95,,6033,21,,,0,51,,6034,21,,,0
2501,'5105',1000,,6036,21,,,0,132,,6037,21,,,0,173,,6035,21,,,0,141,,6039,21,,,0,391,,6038,21,,,0
2601,'4327',724,,6073,16,,,0,76,,6072,16,,,0,324,,6074,16,,,0,231,,6075,16,,,0,288,,6076,16,,,0,303,,6077,16,,,0
2601,'4795',619,,2191,16,,,0,38,,2190,16,,,0,75,,2192,16,,,0,80,,2194,16,,,0,39,,2193,16,,,0,156,,2195,16,,,0,126,,2196,16,,,0,174,,2197,16,,,0,137,,2198,16,,,0,78,,2200,16,,,0,35,,2201,16,,,0,78,,2199,16,,,0,75,,2202,16,,,0,41,,2203,16,,,0,72,,2204,16,,,0,108,,2205,16,,,0,174,,2206,16,,,0
2601,'4800',745,,2207,16,,,0,100,,2208,16,,,0,195,,2211,16,,,0,174,,2213,16,,,0,132,,2212,16,,,0,172,,2210,16,,,0,91,,2209,16,,,0,124,,2214,16,,,0,198,,2216,16,,,0,70,,2215,16,,,0,134,,2217,16,,,0
2601,'5102',619,,6078,16,,,0,38,,6079,16,,,0,75,,6080,16,,,0,80,,6082,16,,,0,39,,6081,16,,,0,156,,6083,16,,,0,126,,6084,16,,,0,174,,6085,16,,,0,137,,6086,16,,,0,78,,6088,16,,,0,35,,6089,16,,,0,78,,6087,16,,,0,75,,6090,16,,,0,41,,6091,16,,,0,72,,6092,16,,,0,108,,6093,16,,,0,174,,6094,16,,,0
2601,'5105',745,,6095,16,,,0,100,,6096,16,,,0,195,,6099,16,,,0,174,,6101,16,,,0,132,,6100,16,,,0,172,,6098,16,,,0,91,,6097,16,,,0,124,,6102,16,,,0,198,,6104,16,,,0,70,,6103,16,,,0,134,,6105,16,,,0
