2401,'4327',736,,5960,20,,,0,103,,5957,20,,,0,107,,5959,20,,,0,104,,5958,20,,,0,108,,5961,20,,,0,101,,5963,20,,,0,149,,5964,20,,,0,102,,5962,20,,,0,93,,5965,20,,,0,107,,5966,20,,,0,101,,5967,20,,,0,99,,5968,20,,,0
2401,'4795',618,,2081,20,,,0,105,,2082,20,,,0,32,,2083,20,,,0,146,,2084,20,,,0,31,,2085,20,,,0,72,,3575,20,,,0,103,,2089,20,,,0,104,,3576,20,,,0,103,,2088,20,,,0,108,,3577,20,,,0,123,,2091,20,,,0,63,,3578,20,,,0,29,,2094,20,,,0,71,,2092,20,,,0,32,,2095,20,,,0,72,,2096,20,,,0,43,,3579,20,,,0,94,,2097,20,,,0,154,,3580,20,,,0,101,,2100,20,,,0
2401,'4800',831,,2106,20,,,0,100,,2103,20,,,0,98,,2104,20,,,0,111,,2101,20,,,0,104,,2105,20,,,0,107,,2102,20,,,0,89,,2108,20,,,0,164,,2109,20,,,0,54,,2107,20,,,0,142,,2112,20,,,0,104,,2110,20,,,0,105,,2113,20,,,0,105,,2111,20,,,0
2401,'5102',618,,5969,20,,,0,105,,5970,20,,,0,32,,5971,20,,,0,146,,5972,20,,,0,31,,5973,20,,,0,72,,5974,20,,,0,103,,5977,20,,,0,104,,5975,20,,,0,103,,5976,20,,,0,108,,5978,20,,,0,123,,5979,20,,,0,63,,5981,20,,,0,29,,5982,20,,,0,71,,5980,20,,,0,32,,5983,20,,,0,72,,5984,20,,,0,43,,5986,20,,,0,94,,5985,20,,,0,154,,5987,20,,,0,101,,5988,20,,,0
2401,'5105',831,,5994,20,,,0,100,,5991,20,,,0,98,,5992,20,,,0,111,,5989,20,,,0,104,,5993,20,,,0,107,,5990,20,,,0,89,,5996,20,,,0,164,,5997,20,,,0,54,,5995,20,,,0,142,,6000,20,,,0,104,,5998,20,,,0,105,,6001,20,,,0,105,,5999,20,,,0
2601,'4327',724,,6073,14,,,0,35,,6072,14,,,0,364,,6074,14,,,0,231,,6075,14,,,0,288,,6076,14,,,0,303,,6077,14,,,0
2601,'4795',619,,2191,14,,,0,37,,2190,14,,,0,75,,2192,14,,,0,80,,2194,14,,,0,38,,2193,14,,,0,157,,2195,14,,,0,126,,2196,14,,,0,174,,2197,14,,,0,137,,2198,14,,,0,77,,2200,14,,,0,35,,2201,14,,,0,79,,2199,14,,,0,75,,2202,14,,,0,41,,2203,14,,,0,72,,2204,14,,,0,108,,2205,14,,,0,174,,2206,14,,,0
2601,'4800',744,,2207,14,,,0,100,,2208,14,,,0,195,,2211,14,,,0,174,,2213,14,,,0,132,,2212,14,,,0,172,,2210,14,,,0,91,,2209,14,,,0,124,,2214,14,,,0,198,,2216,14,,,0,70,,2215,14,,,0,134,,2217,14,,,0
2601,'5102',619,,6078,14,,,0,37,,6079,14,,,0,75,,6080,14,,,0,80,,6082,14,,,0,38,,6081,14,,,0,157,,6083,14,,,0,126,,6084,14,,,0,174,,6085,14,,,0,137,,6086,14,,,0,77,,6088,14,,,0,35,,6089,14,,,0,79,,6087,14,,,0,75,,6090,14,,,0,41,,6091,14,,,0,72,,6092,14,,,0,108,,6093,14,,,0,174,,6094,14,,,0
2601,'5105',744,,6095,14,,,0,100,,6096,14,,,0,195,,6099,14,,,0,174,,6101,14,,,0,132,,6100,14,,,0,172,,6098,14,,,0,91,,6097,14,,,0,124,,6102,14,,,0,198,,6104,14,,,0,70,,6103,14,,,0,134,,6105,14,,,0
