2200,'4327',841,,5673,19,,,0,97,,5670,19,,,0,268,,5672,19,,,0,229,,5671,19,,,0,294,,5674,19,,,0,200,,5675,19,,,0,103,,5676,19,,,0,100,,5677,19,,,0,100,,5678,19,,,0
2200,'4795',653,,1793,19,,,0,96,,1794,19,,,0,94,,1792,19,,,0,177,,1797,19,,,0,100,,1795,19,,,0,130,,1798,19,,,0,100,,1796,19,,,0,171,,1799,19,,,0,137,,1800,19,,,0,93,,1802,19,,,0,92,,1801,19,,,0,175,,1803,19,,,0,137,,1804,19,,,0
2200,'4800',905,,1808,19,,,0,111,,1812,19,,,0,100,,1809,19,,,0,195,,1811,19,,,0,96,,1813,19,,,0,131,,1814,19,,,0,97,,1816,19,,,0,96,,1815,19,,,0,177,,1810,19,,,0,137,,1806,19,,,0,175,,1807,19,,,0,98,,1817,19,,,0
2200,'5102',653,,5681,19,,,0,96,,5682,19,,,0,94,,5680,19,,,0,177,,5685,19,,,0,100,,5683,19,,,0,130,,5686,19,,,0,100,,5684,19,,,0,171,,5688,19,,,0,137,,5687,19,,,0,93,,5690,19,,,0,92,,5689,19,,,0,175,,5691,19,,,0,137,,5692,19,,,0
2200,'5105',905,,5696,19,,,0,111,,5700,19,,,0,100,,5697,19,,,0,195,,5699,19,,,0,96,,5701,19,,,0,131,,5702,19,,,0,97,,5704,19,,,0,96,,5703,19,,,0,177,,5698,19,,,0,137,,5694,19,,,0,175,,5695,19,,,0,98,,5705,19,,,0
2201,'4327',816,,5710,6,,,0,96,,5706,6,,,0,228,,5707,6,,,0,269,,5708,6,,,0,295,,5709,6,,,0,200,,5711,6,,,0,100,,5712,6,,,0,100,,5713,6,,,0,100,,5714,6,,,0
2201,'4795',723,,1830,6,,,0,91,,1829,6,,,0,136,,1833,6,,,0,100,,1832,6,,,0,170,,1834,6,,,0,101,,1831,6,,,0,131,,1835,6,,,0,180,,1836,6,,,0,93,,1837,6,,,0,93,,1838,6,,,0,134,,1839,6,,,0,175,,1840,6,,,0,129,,1841,6,,,0
2201,'4800',839,,1845,6,,,0,110,,1846,6,,,0,100,,1844,6,,,0,187,,1849,6,,,0,102,,1847,6,,,0,168,,1850,6,,,0,100,,1852,6,,,0,97,,1851,6,,,0,140,,1848,6,,,0,174,,1842,6,,,0,135,,1843,6,,,0,98,,1853,6,,,0
2201,'5102',723,,5718,6,,,0,91,,5717,6,,,0,136,,5721,6,,,0,100,,5719,6,,,0,170,,5722,6,,,0,101,,5720,6,,,0,131,,5723,6,,,0,180,,5724,6,,,0,93,,5725,6,,,0,93,,5726,6,,,0,134,,5727,6,,,0,175,,5728,6,,,0,129,,5729,6,,,0
2201,'5105',839,,5733,6,,,0,110,,5734,6,,,0,100,,5732,6,,,0,187,,5738,6,,,0,102,,5736,6,,,0,168,,5735,6,,,0,100,,5740,6,,,0,97,,5739,6,,,0,140,,5737,6,,,0,174,,5730,6,,,0,135,,5731,6,,,0,98,,5741,6,,,0
