2501,'4327',1029,,6021,5,,,0,228,,6022,5,,,0,291,,6023,5,,,0,269,,6024,5,,,0
2501,'4795',717,,2137,5,,,0,94,,2138,5,,,0,91,,2139,5,,,0,134,,2140,5,,,0,171,,2142,5,,,0,137,,2141,5,,,0,112,,2143,5,,,0,100,,2144,5,,,0,95,,2145,5,,,0,91,,2146,5,,,0
2501,'4800',945,,2148,5,,,0,172,,2149,5,,,0,133,,2147,5,,,0,181,,2151,5,,,0,391,,2150,5,,,0
2501,'5102',717,,6025,5,,,0,94,,6026,5,,,0,91,,6027,5,,,0,134,,6028,5,,,0,171,,6030,5,,,0,137,,6029,5,,,0,112,,6031,5,,,0,100,,6032,5,,,0,95,,6033,5,,,0,91,,6034,5,,,0
2501,'5105',945,,6036,5,,,0,172,,6037,5,,,0,133,,6035,5,,,0,181,,6039,5,,,0,391,,6038,5,,,0
2601,'4327',717,,6073,5,,,0,34,,6072,5,,,0,364,,6074,5,,,0,231,,6075,5,,,0,288,,6076,5,,,0,303,,6077,5,,,0
2601,'4795',611,,2191,5,,,0,37,,2190,5,,,0,75,,2192,5,,,0,80,,2194,5,,,0,36,,2193,5,,,0,119,,2195,5,,,0,166,,2196,5,,,0,134,,2197,5,,,0,176,,2198,5,,,0,77,,2200,5,,,0,35,,2201,5,,,0,79,,2199,5,,,0,75,,2202,5,,,0,42,,2203,5,,,0,72,,2204,5,,,0,108,,2205,5,,,0,135,,2206,5,,,0
2601,'4800',736,,2207,5,,,0,100,,2208,5,,,0,195,,2211,5,,,0,173,,2213,5,,,0,132,,2212,5,,,0,172,,2210,5,,,0,51,,2209,5,,,0,164,,2214,5,,,0,199,,2216,5,,,0,30,,2215,5,,,0,175,,2217,5,,,0
2601,'5102',611,,6078,5,,,0,37,,6079,5,,,0,75,,6080,5,,,0,80,,6082,5,,,0,36,,6081,5,,,0,119,,6083,5,,,0,166,,6084,5,,,0,134,,6085,5,,,0,176,,6086,5,,,0,77,,6088,5,,,0,35,,6089,5,,,0,79,,6087,5,,,0,75,,6090,5,,,0,42,,6091,5,,,0,72,,6092,5,,,0,108,,6093,5,,,0,135,,6094,5,,,0
2601,'5105',736,,6095,5,,,0,100,,6096,5,,,0,195,,6099,5,,,0,173,,6101,5,,,0,132,,6100,5,,,0,172,,6098,5,,,0,51,,6097,5,,,0,164,,6102,5,,,0,199,,6104,5,,,0,30,,6103,5,,,0,175,,6105,5,,,0
