1101,'4327',731,,4987,2,,,0,100,,4990,2,,,0,100,,4975,2,,,0,100,,4977,2,,,0,100,,4981,2,,,0,100,,4976,2,,,0,100,,4974,2,,,0,100,,4979,2,,,0,100,,4978,2,,,0,100,,4984,2,,,0,100,,4982,2,,,0,100,,4980,2,,,0,100,,4983,2,,,0,100,,4985,2,,,0,100,,4986,2,,,0,100,,4988,2,,,0,100,,4989,2,,,0
1101,'4795',531,,3288,2,,,0,70,,1087,2,,,0,30,,3284,2,,,0,70,,3282,2,,,0,30,,3278,2,,,0,71,,1088,2,,,0,30,,3283,2,,,0,70,,3279,2,,,0,30,,3291,2,,,0,69,,3277,2,,,0,30,,3287,2,,,0,70,,3294,2,,,0,30,,3275,2,,,0,70,,3286,2,,,0,30,,3280,2,,,0,70,,3292,2,,,0,30,,3285,2,,,0,70,,3281,2,,,0,31,,3293,2,,,0,70,,3276,2,,,0,30,,3289,2,,,0,75,,3274,2,,,0,35,,3290,2,,,0,70,,3295,2,,,0,30,,3296,2,,,0,69,,3297,2,,,0,30,,3298,2,,,0,70,,3299,2,,,0,30,,3305,2,,,0,70,,3300,2,,,0,100,,3301,2,,,0,100,,3302,2,,,0,100,,3303,2,,,0,90,,3304,2,0,5 6,0
1101,'4800',701,,3311,2,,,0,30,,3308,2,,,0,70,,3309,2,,,0,30,,3306,2,,,0,70,,3313,2,,,0,30,,3315,2,,,0,70,,3317,2,,,0,30,,3310,2,,,0,70,,3307,2,,,0,30,,3314,2,,,0,70,,3318,2,,,0,30,,3312,2,,,0,70,,3319,2,,,0,30,,3320,2,,,0,70,,3321,2,,,0,30,,3322,2,,,0,70,,3316,2,,,0,30,,3323,2,,,0,70,,3324,2,,,0,30,,3326,2,,,0,70,,3327,2,,,0,30,,3328,2,,,0,70,,3325,2,,,0,30,,3329,2,,,0,70,,3330,2,,,0,100,,3331,2,,,0,100,,3332,2,,,0,100,,3333,2,,,0,100,,3334,2,,,0,100,,3335,2,,,0
1101,'5102',531,,5005,2,,,0,70,,5008,2,,,0,30,,5003,2,,,0,70,,4999,2,,,0,30,,4995,2,,,0,71,,5009,2,,,0,30,,5002,2,,,0,70,,4996,2,,,0,30,,5010,2,,,0,69,,4994,2,,,0,30,,5001,2,,,0,70,,5013,2,,,0,30,,4992,2,,,0,70,,5000,2,,,0,30,,4997,2,,,0,70,,5011,2,,,0,30,,5004,2,,,0,70,,4998,2,,,0,31,,5012,2,,,0,70,,4993,2,,,0,30,,5006,2,,,0,75,,4991,2,,,0,35,,5007,2,,,0,70,,5014,2,,,0,30,,5015,2,,,0,69,,5016,2,,,0,30,,5017,2,,,0,70,,5018,2,,,0,30,,5024,2,,,0,70,,5019,2,,,0,100,,5020,2,,,0,100,,5021,2,,,0,100,,5022,2,,,0,90,,5023,2,0,5 6,0
1101,'5105',701,,5030,2,,,0,30,,5026,2,,,0,70,,5028,2,,,0,30,,5025,2,,,0,70,,5032,2,,,0,30,,5034,2,,,0,70,,5036,2,,,0,30,,5029,2,,,0,70,,5027,2,,,0,30,,5033,2,,,0,70,,5037,2,,,0,30,,5031,2,,,0,70,,5038,2,,,0,30,,5039,2,,,0,70,,5040,2,,,0,30,,5041,2,,,0,70,,5035,2,,,0,30,,5042,2,,,0,70,,5043,2,,,0,30,,5045,2,,,0,70,,5046,2,,,0,30,,5047,2,,,0,70,,5044,2,,,0,30,,5048,2,,,0,70,,5049,2,,,0,100,,5050,2,,,0,100,,5051,2,,,0,100,,5052,2,,,0,100,,5053,2,,,0,100,,5054,2,,,0
1401,'4327',801,,5166,3,,,0,100,,5169,3,,,0,100,,5168,3,,,0,100,,5171,3,,,0,100,,5172,3,,,0,100,,5170,3,,,0,100,,5167,3,,,0,100,,5175,3,,,0,100,,5176,3,,,0,100,,5173,3,,,0,100,,5178,3,,,0,100,,5179,3,,,0,100,,5177,3,,,0,100,,5174,3,,,0
1401,'4795',636,,1296,3,,,0,70,,3396,3,,,0,30,,1299,3,,,0,70,,3395,3,,,0,30,,1297,3,,,0,70,,3401,3,,,0,100,,3402,3,,,0,100,,3403,3,,,0,100,,3404,3,,,0,100,,3405,3,,,0,100,,3406,3,,,0,100,,3398,3,,,0,30,,1303,3,,,0,70,,3397,3,,,0,30,,1302,3,,,0,70,,3399,3,,,0,30,,1312,3,,,0,70,,3407,3,,,0,100,,3408,3,,,0,100,,3409,3,,,0,100,,3400,3,,,0
1401,'4800',801,,3418,3,,,0,100,,3420,3,,,0,100,,3419,3,,,0,100,,3422,3,,,0,100,,3423,3,,,0,100,,3421,3,,,0,100,,3417,3,,,0,100,,3411,3,,,0,100,,3412,3,,,0,100,,3413,3,,,0,100,,3410,3,,,0,100,,3415,3,,,0,100,,3414,3,,,0,100,,3416,3,,,0
1401,'5102',636,,5181,3,,,0,70,,5183,3,,,0,30,,5184,3,,,0,70,,5180,3,,,0,30,,5182,3,,,0,70,,5191,3,,,0,100,,5192,3,,,0,100,,5193,3,,,0,100,,5194,3,,,0,100,,5195,3,,,0,100,,5196,3,,,0,100,,5186,3,,,0,30,,5189,3,,,0,70,,5185,3,,,0,30,,5187,3,,,0,70,,5188,3,,,0,30,,5197,3,,,0,70,,5198,3,,,0,100,,5199,3,,,0,100,,5200,3,,,0,100,,5190,3,,,0
1401,'5105',801,,5209,3,,,0,100,,5211,3,,,0,100,,5210,3,,,0,100,,5213,3,,,0,100,,5214,3,,,0,100,,5212,3,,,0,100,,5208,3,,,0,100,,5202,3,,,0,100,,5203,3,,,0,100,,5204,3,,,0,100,,5201,3,,,0,100,,5206,3,,,0,100,,5205,3,,,0,100,,5207,3,,,0
