100,'4528',610,,6791,13,,,0,30,,6803,13,,,0,70,,6792,13,,,0,15,,6784,13,,,0,16,,6802,13,,,0,16,,6782,13,,,0,56,,6789,13,,,0,17,,6783,13,,,0,16,,6801,13,,,0,55,,6779,13,,,0,16,,6793,13,,,0,16,,6785,13,0,13,0,16,,6804,13,,,0,72,,6794,13,,,0,32,,6805,13,,,0,72,,6790,13,,,0,33,,6800,13,,,0,73,,6795,13,,,0,73,,6806,13,,,0,33,,6796,13,,,0,73,,6808,13,,,0,17,,6777,13,,,0,17,,6788,13,,,0,58,,6767,13,,,0,20,,6799,13,,,0,20,,6778,13,,,0,60,,6797,13,,,0,19,,6768,13,,,0,20,,6798,13,,,0,60,,6776,13,,,0,17,,6786,13,,,0,17,,6775,13,,,0,17,,6807,13,,,0,56,,6781,13,,,0,17,,6787,13,,,0,15,,6774,13,,,0,70,,6780,13,,,0,30,,6770,13,,,0,100,,6772,13,,,0,99,,6771,13,,,0,100,,6773,13,,,0,100,,6769,13,,,0
100,'5272',743,,6824,13,,,0,100,,6809,13,,,0,100,,6810,13,,,0,100,,6811,13,,,0,100,,6812,13,,,0,100,,6813,13,,,0,100,,6814,13,,,0,100,,6815,13,,,0,100,,6816,13,,,0,100,,6817,13,,,0,100,,6818,13,,,0,99,,6819,13,,,0,100,,6820,13,,,0,99,,6821,13,,,0,100,,6822,13,,,0,100,,6823,13,,,0
100,'5282',743,,6855,13,,,0,71,,6825,13,,,0,30,,6826,13,,,0,70,,6827,13,,,0,31,,6828,13,,,0,70,,6829,13,,,0,30,,6830,13,,,0,70,,6851,13,,,0,30,,6831,13,,,0,70,,6832,13,,,0,30,,6833,13,,,0,70,,6834,13,,,0,30,,6835,13,,,0,70,,6836,13,,,0,30,,6837,13,,,0,70,,6838,13,,,0,30,,6839,13,,,0,70,,6840,13,,,0,30,,6841,13,,,0,70,,6842,13,,,0,30,,6843,13,,,0,69,,6844,13,,,0,30,,6852,13,,,0,70,,6846,13,,,0,30,,6853,13,,,0,70,,6847,13,,,0,30,,6854,13,,,0,72,,6848,13,,,0,99,,6845,13,,,0,100,,6849,13,,,0,98,,6850,13,,,0
101,'4528',609,,6886,12,,,0,31,,6875,12,,,0,70,,6890,12,,,0,16,,6871,12,,,0,16,,6878,12,,,0,17,,6872,12,,,0,56,,6885,12,,,0,16,,6870,12,,,0,16,,6880,12,,,0,55,,6873,12,,,0,16,,6888,12,,,0,32,,6876,12,,,0,72,,6892,12,,,0,32,,6877,12,,,0,73,,6887,12,,,0,74,,6881,12,,,0,33,,6889,12,,,0,73,,6879,12,,,0,33,,6891,12,,,0,17,,6865,12,,,0,57,,6882,12,,,0,34,,6893,12,,,0,60,,6869,12,,,0,20,,6874,12,,,0,20,,6863,12,,,0,60,,6894,12,,,0,20,,6866,12,,,0,19,,6883,12,,,0,57,,6864,12,,,0,17,,6895,12,,,0,16,,6868,12,,,0,17,,6884,12,,,0,56,,6861,12,,,0,30,,6867,12,,,0,69,,6860,12,,,0,100,,6862,12,,,0,100,,6857,12,,,0,99,,6858,12,,,0,100,,6859,12,,,0,100,,6856,12,,,0
101,'5272',714,,6911,12,,,0,100,,6896,12,,,0,100,,6897,12,,,0,101,,6898,12,,,0,100,,6899,12,,,0,100,,6900,12,,,0,100,,6901,12,,,0,100,,6902,12,,,0,100,,6903,12,,,0,100,,6904,12,,,0,100,,6905,12,,,0,100,,6906,12,,,0,99,,6907,12,,,0,99,,6908,12,,,0,100,,6909,12,,,0,100,,6910,12,,,0
101,'5282',714,,6943,12,,,0,30,,6942,12,,,0,70,,6914,12,,,0,30,,6915,12,,,0,70,,6912,12,,,0,31,,6913,12,,,0,70,,6916,12,,,0,30,,6917,12,,,0,70,,6922,12,,,0,30,,6921,12,,,0,70,,6920,12,,,0,30,,6919,12,,,0,70,,6924,12,,,0,30,,6918,12,,,0,70,,6925,12,,,0,30,,6937,12,,,0,70,,6938,12,,,0,30,,6928,12,,,0,70,,6927,12,,,0,30,,6929,12,,,0,70,,6923,12,,,0,30,,6926,12,,,0,70,,6939,12,,,0,30,,6932,12,,,0,69,,6940,12,,,0,30,,6930,12,,,0,70,,6941,12,,,0,35,,6933,12,,,0,100,,6931,12,,,0,100,,6934,12,,,0,99,,6935,12,,,0,96,,6936,12,,,0
801,'4528',626,,7355,46,,,0,80,,7356,32,,,0,12,,7357,46,,,0,17,,7358,32,,,0,7,,7359,46,,,0,16,,7360,46,,,0,56,,7362,46,,,0,15,,7363,46,,,0,15,,7364,46,,,0,15,,7361,46,,,0,54,,7366,46,,,0,14,,7367,46,,,0,15,,7368,46,,,0,15,,7365,46,,,0,55,,7369,46,,,0,15,,7370,46,,,0,16,,7371,46,,,0,15,,7372,46,,,0,55,,7373,46,,,0,15,,7374,46,,,0,15,,7375,46,,,0,15,,7378,46,,,0,56,,7379,46,,,0,15,,7380,46,,,0,15,,7377,46,,,0,15,,7381,46,,,0,55,,7382,46,,,0,15,,7376,46,,,0,15,,7383,46,,,0,15,,7384,46,,,0,55,,7385,46,,,0,15,,7386,46,,,0,15,,7387,46,,,0,56,,7388,46,,,0,16,,7390,46,,,0,16,,7391,46,,,0,17,,7389,46,,,0,59,,7392,46,,,0,16,,7393,46,,,0,14,,7394,46,,,0,14,,7395,46,,,0,56,,7396,46,,,0,15,,7397,46,,,0,15,,7399,46,,,0,14,,7401,46,,,0,54,,7402,46,,,0,15,,7398,46,,,0,16,,7403,46,,,0,14,,7400,46,,,0,55,,7404,46,,,0,16,,7405,46,,,0,16,,7406,46,,,0,18,,7407,46,,,0,65,,7408,46,,,0,26,,7409,46,,,0,64,,7410,46,,,0,24,,7411,46,,,0,65,,7412,46,,,0,23,,7413,46,,,0,85,,7415,46,,,0,43,,7416,46,,,0,83,,7417,46,,,0,85,,7414,46,,,0
801,'5272',646,,7420,32,,,0,77,,7421,46,,,0,35,,7422,46,,,0,77,,7423,46,,,0,77,,7424,46,,,0,35,,7425,46,,,0,75,,7426,46,,,0,37,,7427,46,,,0,75,,7429,46,,,0,70,,7430,46,,,0,31,,7431,46,,,0,70,,7428,46,,,0,30,,7434,46,,,0,70,,7435,46,,,0,30,,7432,46,,,0,70,,7433,46,,,0,30,,7436,46,,,0,70,,7437,46,,,0,29,,7438,46,,,0,70,,7440,46,,,0,29,,7441,46,,,0,70,,7442,46,,,0,29,,7439,46,,,0,69,,7443,46,,,0,28,,7444,46,,,0,29,,7445,46,,,0,68,,7446,46,,,0,85,,7447,46,,,0,44,,7448,46,,,0,85,,7449,46,,,0,84,,7418,46,,,0,85,,7419,46,,,0
801,'5282',647,,7475,32,,,0,80,,7482,46,,,0,75,,7464,46,,,0,35,,7471,46,,,0,76,,7481,46,,,0,36,,7463,46,,,0,75,,7474,46,,,0,76,,7480,46,,,0,30,,7453,46,,,0,71,,7462,46,,,0,26,,7468,46,,,0,25,,7479,46,,,0,65,,7485,46,,,0,20,,7451,46,,,0,20,,7461,46,,,0,60,,7486,46,,,0,19,,7467,46,,,0,20,,7477,46,,,0,60,,7487,46,,,0,20,,7450,46,,,0,20,,7459,46,,,0,60,,7484,46,,,0,19,,7465,46,,,0,20,,7476,46,,,0,60,,7488,46,,,0,19,,7452,46,,,0,20,,7460,46,,,0,59,,7489,46,,,0,20,,7466,46,,,0,20,,7478,46,,,0,59,,7483,46,,,0,19,,7454,46,,,0,28,,7456,46,,,0,69,,7469,46,,,0,84,,7455,46,,,0,45,,7472,46,,,0,84,,7457,46,,,0,84,,7470,46,,,0,84,,7458,46,,,0,44,,7473,46,,,0
1200,'4528',656,,7858,3,,,0,81,,7856,3,,,0,80,,7857,3,,,0,635,,7859,3,,,0,84,,7860,3,,,0,85,,7861,3,,,0,84,,7862,3,,,0,46,,7863,3,,,0
