200,'4327',840,,4115,18,,,0,100,,4120,18,,,0,170,,4114,18,,,0,100,,4123,18,,,0,130,,4117,18,,,0,115,,4122,18,,,0,155,,4118,18,,,0,115,,4124,18,,,0,129,,4116,18,,,0,255,,4119,18,,,0,145,,4121,18,,,0
200,'4332',725,,4150,18,,,0,115,,4145,18,,,0,115,,4151,18,,,0,155,,4144,18,,,0,115,,4152,18,,,0,115,,4147,18,,,0,115,,6517,18,,,0,155,,4148,18,,,0,115,,4153,18,,,0,114,,4146,18,,,0,100,,4156,18,,,0,170,,4149,18,,,0,145,,4155,18,,,0
200,'4480',738,,4126,18,,,0,63,,4136,18,,,0,31,,4125,18,,,0,69,,4137,18,,,0,28,,4127,18,,,0,182,,4143,18,,,0,235,,4142,18,,,0,90,,4140,18,,,0,67,,4132,18,,,0,23,,4139,18,,,0,33,,4130,18,,,0,69,,4138,18,,,0,28,,4128,18,,,0,70,,4141,18,,,0,25,,4131,18,,,0,99,,4129,18,,,0,350,,4133,18,,,0
200,'5368',1951,,6518,18,,,0,154,,6519,18,,,0
900,'4327',902,,4689,2,,,0,230,,4690,2,,,0,270,,4691,2,,,0,230,,4693,2,,,0,270,,4692,2,,,0
900,'4332',902,,4697,2,,,0,230,,4696,2,,,0,270,,4698,2,,,0,230,,4700,2,,,0,270,,4699,2,,,0
900,'4480',1117,,4694,2,,,0,300,,4695,2,,,0
1100,'4327',737,,6552,2,,,0,100,,6539,2,,,0,100,,6540,2,,,0,100,,6543,2,,,0,100,,6544,2,,,0,100,,6542,2,,,0,100,,6545,2,,,0,100,,6541,2,,,0,100,,6548,2,,,0,100,,6549,2,,,0,100,,6546,2,,,0,100,,6550,2,,,0,100,,6547,2,,,0,100,,6551,2,,,0,100,,6555,2,,,0,100,,6553,2,,,0,100,,6554,2,,,0
1100,'4332',642,,6577,2,,,0,70,,6578,2,,,0,30,,6560,2,,,0,70,,6557,2,,,0,30,,6558,2,,,0,70,,6561,2,,,0,30,,6562,2,,,0,70,,6559,2,,,0,30,,6556,2,,,0,70,,6563,2,,,0,30,,6564,2,,,0,70,,6565,2,,,0,30,,6566,2,,,0,70,,6567,2,,,0,30,,6569,2,,,0,70,,6570,2,,,0,30,,6571,2,,,0,70,,6568,2,,,0,30,,6572,2,,,0,70,,6574,2,,,0,30,,6575,2,,,0,70,,6573,2,,,0,30,,6576,2,,,0,70,,6579,2,,,0,30,,6580,2,,,0,70,,6581,2,,,0,100,,6582,2,,,0,100,,6583,2,,,0,100,,6584,2,,,0,100,,6585,2,,,0,90,,6586,2,,,0
1100,'5368',539,,6601,2,,,0,70,,6602,2,,,0,30,,6599,2,,,0,70,,6603,2,,,0,30,,6604,2,,,0,70,,6605,2,,,0,31,,6606,2,,,0,69,,6607,2,,,0,30,,6608,2,,,0,70,,6609,2,,,0,30,,6598,2,,,0,70,,6595,2,,,0,30,,6597,2,,,0,70,,6587,2,,,0,30,,6594,2,,,0,70,,6592,2,,,0,30,,6600,2,,,0,70,,6590,2,,,0,30,,6593,2,,,0,71,,6591,2,,,0,35,,6588,2,,,0,75,,6589,2,,,0,30,,6596,2,,,0,69,,6610,2,,,0,30,,6612,2,,,0,70,,6613,2,,,0,30,,6614,2,,,0,70,,6611,2,,,0,100,,6615,2,,,0,100,,6616,2,,,0,100,,6617,2,,,0,100,,6618,2,,,0,83,,6619,2,0,5 6,0
