1001,'4327',744,,4802,19,,,0,86,,4808,19,,,0,87,,4815,19,,,0,85,,4805,19,,,0,46,,4803,19,,,0,86,,4804,19,,,0,85,,4816,19,,,0,85,,4807,19,,,0,45,,4806,19,,,0,85,,4813,19,,,0,85,,4817,19,,,0,85,,4809,19,,,0,45,,4814,19,,,0,85,,4811,19,,,0,83,,4818,19,,,0,85,,4812,19,,,0,44,,4810,19,,,0,85,,4822,19,,,0,83,,4821,19,,,0,45,,4823,19,,,0,84,,4820,19,,,0,85,,4824,19,,,0,85,,4819,19,,,0
1001,'4795',538,,3149,19,,,0,20,,3172,19,,,0,60,,3150,19,,,0,20,,3151,19,,,0,20,,3152,19,,,0,61,,3153,19,,,0,16,,3154,19,,,0,15,,3155,19,,,0,62,,3156,19,,,0,20,,3157,19,,,0,20,,3158,19,,,0,59,,3159,19,,,0,20,,3160,19,,,0,20,,3161,19,,,0,68,,3162,19,,,0,32,,3173,19,,,0,72,,3163,19,,,0,32,,3164,19,,,0,72,,3165,19,,,0,32,,3166,19,,,0,72,,3167,19,,,0,72,,3174,19,,,0,33,,3168,19,,,0,70,,3182,19,,,0,28,,943,19,,,0,21,,3169,19,,,0,60,,3175,19,,,0,20,,3176,19,,,0,20,,3177,19,,,0,60,,937,19,,,0,18,,3178,19,,,0,18,,3179,19,,,0,60,,3180,19,,,0,20,,3181,19,,,0,69,,3186,19,,,0,40,,3187,19,,,0,80,,3183,19,,,0,39,,3170,19,,,0,80,,3171,19,,,0,79,,3184,19,,,0,40,,3148,19,,,0,80,,3145,19,,,0,80,,3185,19,,,0,40,,3146,19,,,0
1001,'4800',747,,3191,19,,,0,85,,3189,19,,,0,86,,3190,19,,,0,85,,3205,19,,,0,47,,3197,19,,,0,87,,3203,19,,,0,85,,3201,19,,,0,85,,3210,19,,,0,45,,3194,19,,,0,85,,3206,19,,,0,85,,3200,19,,,0,84,,3198,19,,,0,45,,3188,19,,,0,85,,3193,19,,,0,83,,3202,19,,,0,85,,3199,19,,,0,43,,3208,19,,,0,85,,3192,19,,,0,84,,3196,19,,,0,85,,3204,19,,,0,43,,3195,19,,,0,85,,3207,19,,,0,85,,3209,19,,,0
1001,'5102',538,,4829,19,,,0,20,,4852,19,,,0,60,,4830,19,,,0,20,,4831,19,,,0,20,,4832,19,,,0,61,,4833,19,,,0,16,,4834,19,,,0,15,,4835,19,,,0,62,,4836,19,,,0,20,,4837,19,,,0,20,,4838,19,,,0,59,,4839,19,,,0,20,,4840,19,,,0,20,,4841,19,,,0,68,,4843,19,,,0,32,,4853,19,,,0,72,,4844,19,,,0,32,,4845,19,,,0,72,,4842,19,,,0,32,,4846,19,,,0,72,,4848,19,,,0,72,,4854,19,,,0,33,,4849,19,,,0,70,,4864,19,,,0,28,,4865,19,,,0,21,,4850,19,,,0,60,,4855,19,,,0,20,,4856,19,,,0,20,,4857,19,,,0,60,,4858,19,,,0,18,,4859,19,,,0,18,,4860,19,,,0,60,,4861,19,,,0,20,,4862,19,,,0,69,,4868,19,,,0,40,,4869,19,,,0,80,,4866,19,,,0,39,,4847,19,,,0,80,,4851,19,,,0,79,,4863,19,,,0,40,,4828,19,,,0,80,,4825,19,,,0,80,,4867,19,,,0,40,,4826,19,,,0
1001,'5105',747,,4873,19,,,0,85,,4871,19,,,0,86,,4872,19,,,0,85,,4887,19,,,0,47,,4879,19,,,0,87,,4885,19,,,0,85,,4883,19,,,0,85,,4892,19,,,0,45,,4876,19,,,0,85,,4888,19,,,0,85,,4882,19,,,0,84,,4880,19,,,0,45,,4870,19,,,0,85,,4875,19,,,0,83,,4884,19,,,0,85,,4881,19,,,0,43,,4890,19,,,0,85,,4874,19,,,0,84,,4878,19,,,0,85,,4886,19,,,0,43,,4877,19,,,0,85,,4889,19,,,0,85,,4891,19,,,0
1900,'4327',801,,5388,3,,,0,115,,5387,3,,,0,120,,5386,3,,,0,115,,5385,3,,,0,160,,5384,3,,,0,115,,5383,3,,,0,120,,5389,3,,,0,155,,5390,3,,,0,120,,5392,3,,,0,115,,5391,3,,,0,115,,5393,3,,,0,155,,5394,3,,,0
1900,'4795',706,,1541,3,,,0,20,,1540,3,,,0,20,,1537,3,,,0,60,,1538,3,,,0,20,,1515,3,,,0,20,,1535,3,,,0,61,,1514,3,,,0,35,,1521,3,,,0,75,,1518,3,,,0,35,,1517,3,,,0,75,,1516,3,,,0,75,,1519,3,,,0,35,,1520,3,,,0,75,,1523,3,,,0,35,,1524,3,,,0,75,,1527,3,,,0,20,,1509,3,,,0,60,,1525,3,,,0,20,,1510,3,,,0,20,,1526,3,,,0,60,,1512,3,,,0,20,,1522,3,,,0,20,,1511,3,,,0,60,,1529,3,,,0,20,,1513,3,,,0,20,,1528,3,,,0,75,,1530,3,,,0,35,,1532,3,,,0,74,,1533,3,,,0,75,,1531,3,,,0,35,,1534,3,,,0,100,,1539,3,,,0,110,,1536,3,,,0
1900,'4800',731,,1543,3,,,0,75,,1544,3,,,0,35,,1545,3,,,0,75,,1542,3,,,0,35,,1546,3,,,0,75,,1548,3,,,0,75,,1549,3,,,0,35,,1550,3,,,0,75,,1547,3,,,0,35,,1551,3,,,0,75,,1553,3,,,0,35,,1554,3,,,0,75,,1555,3,,,0,75,,1552,3,,,0,35,,1556,3,,,0,75,,1557,3,,,0,35,,1558,3,,,0,75,,1559,3,,,0,75,,1560,3,,,0,100,,3443,3,,,0,115,,3444,3,,,0,115,,3445,3,,,0,115,,3447,3,,,0,155,,3446,3,,,0
1900,'5102',706,,5427,3,,,0,20,,5426,3,,,0,20,,5423,3,,,0,60,,5424,3,,,0,20,,5401,3,,,0,20,,5421,3,,,0,61,,5400,3,,,0,35,,5407,3,,,0,75,,5404,3,,,0,35,,5402,3,,,0,75,,5403,3,,,0,75,,5405,3,,,0,35,,5406,3,,,0,75,,5409,3,,,0,35,,5410,3,,,0,75,,5414,3,,,0,23,,5395,3,,,0,57,,5411,3,,,0,20,,5396,3,,,0,20,,5412,3,,,0,60,,5398,3,,,0,20,,5408,3,,,0,20,,5397,3,,,0,60,,5415,3,,,0,20,,5399,3,,,0,20,,5413,3,,,0,75,,5416,3,,,0,35,,5418,3,,,0,74,,5419,3,,,0,75,,5417,3,,,0,35,,5420,3,,,0,100,,5425,3,,,0,110,,5422,3,,,0
1900,'5105',731,,5430,3,,,0,75,,5431,3,,,0,35,,5432,3,,,0,75,,5429,3,,,0,35,,5433,3,,,0,75,,5435,3,,,0,75,,5436,3,,,0,35,,5437,3,,,0,75,,5434,3,,,0,35,,5438,3,,,0,75,,5440,3,,,0,35,,5441,3,,,0,75,,5442,3,,,0,75,,5439,3,,,0,35,,5443,3,,,0,75,,5444,3,,,0,35,,5445,3,,,0,75,,5446,3,,,0,75,,5447,3,,,0,100,,5448,3,,,0,115,,5449,3,,,0,115,,5450,3,,,0,115,,5452,3,,,0,155,,5451,3,,,0
