2401,'4327',735,,5960,18,,,0,103,,5957,18,,,0,107,,5959,18,,,0,104,,5958,18,,,0,108,,5961,18,,,0,101,,5963,18,,,0,149,,5964,18,,,0,102,,5962,18,,,0,93,,5965,18,,,0,107,,5966,18,,,0,101,,5967,18,,,0,99,,5968,18,,,0
2401,'4795',617,,2081,18,,,0,105,,2082,18,,,0,32,,2083,18,,,0,146,,2084,18,,,0,31,,2085,18,,,0,72,,3575,18,,,0,103,,2089,18,,,0,104,,3576,18,,,0,103,,2088,18,,,0,108,,3577,18,,,0,122,,2091,18,,,0,64,,3578,18,,,0,29,,2094,18,,,0,71,,2092,18,,,0,32,,2095,18,,,0,72,,2096,18,,,0,43,,3579,18,,,0,94,,2097,18,,,0,154,,3580,18,,,0,101,,2100,18,,,0
2401,'4800',830,,2106,18,,,0,100,,2103,18,,,0,98,,2104,18,,,0,111,,2101,18,,,0,104,,2105,18,,,0,107,,2102,18,,,0,89,,2108,18,,,0,164,,2109,18,,,0,54,,2107,18,,,0,102,,2112,18,,,0,144,,2110,18,,,0,105,,2113,18,,,0,105,,2111,18,,,0
2401,'5102',617,,5969,18,,,0,105,,5970,18,,,0,32,,5971,18,,,0,146,,5972,18,,,0,31,,5973,18,,,0,72,,5974,18,,,0,103,,5977,18,,,0,104,,5975,18,,,0,103,,5976,18,,,0,108,,5978,18,,,0,122,,5979,18,,,0,64,,5981,18,,,0,29,,5982,18,,,0,71,,5980,18,,,0,32,,5983,18,,,0,72,,5984,18,,,0,43,,5986,18,,,0,94,,5985,18,,,0,154,,5987,18,,,0,101,,5988,18,,,0
2401,'5105',830,,5994,18,,,0,100,,5991,18,,,0,98,,5992,18,,,0,111,,5989,18,,,0,104,,5993,18,,,0,107,,5990,18,,,0,89,,5996,18,,,0,164,,5997,18,,,0,54,,5995,18,,,0,102,,6000,18,,,0,144,,5998,18,,,0,105,,6001,18,,,0,105,,5999,18,,,0
2601,'4327',723,,6073,12,,,0,35,,6072,12,,,0,364,,6074,12,,,0,231,,6075,12,,,0,288,,6076,12,,,0,303,,6077,12,,,0
2601,'4795',618,,2191,12,,,0,37,,2190,12,,,0,75,,2192,12,,,0,80,,2194,12,,,0,38,,2193,12,,,0,157,,2195,12,,,0,126,,2196,12,,,0,174,,2197,12,,,0,137,,2198,12,,,0,77,,2200,12,,,0,35,,2201,12,,,0,79,,2199,12,,,0,75,,2202,12,,,0,41,,2203,12,,,0,72,,2204,12,,,0,108,,2205,12,,,0,174,,2206,12,,,0
2601,'4800',743,,2207,12,,,0,100,,2208,12,,,0,195,,2211,12,,,0,174,,2213,12,,,0,132,,2212,12,,,0,172,,2210,12,,,0,91,,2209,12,,,0,124,,2214,12,,,0,198,,2216,12,,,0,30,,2215,12,,,0,174,,2217,12,,,0
2601,'5102',618,,6078,12,,,0,37,,6079,12,,,0,75,,6080,12,,,0,80,,6082,12,,,0,38,,6081,12,,,0,157,,6083,12,,,0,126,,6084,12,,,0,174,,6085,12,,,0,137,,6086,12,,,0,77,,6088,12,,,0,35,,6089,12,,,0,79,,6087,12,,,0,75,,6090,12,,,0,41,,6091,12,,,0,72,,6092,12,,,0,108,,6093,12,,,0,174,,6094,12,,,0
2601,'5105',743,,6095,12,,,0,100,,6096,12,,,0,195,,6099,12,,,0,174,,6101,12,,,0,132,,6100,12,,,0,172,,6098,12,,,0,91,,6097,12,,,0,124,,6102,12,,,0,198,,6104,12,,,0,30,,6103,12,,,0,174,,6105,12,,,0
