601,'4327',802,,4374,3,,,0,120,,4373,3,,,0,120,,4372,3,,,0,160,,4376,3,,,0,120,,4377,3,,,0,120,,4378,3,,,0,160,,4375,3,,,0,120,,4379,3,,,0
601,'4795',617,,459,3,,,0,35,,2769,3,,,0,75,,458,3,,,0,75,,2770,3,,,0,35,,457,3,,,0,75,,2771,3,,,0,35,,462,3,,,0,110,,461,3,,,0,150,,464,3,,,0,110,,463,3,,,0,35,,469,3,,,0,75,,460,3,,,0,75,,471,3,,,0,35,,456,3,,,0,75,,470,3,,,0,35,,454,3,,,0,75,,472,3,,,0,35,,455,3,,,0,150,,473,3,,,0,110,,474,3,,,0,210,,2773,3,,,0
601,'4800',807,,2774,3,,,0,100,,478,3,,,0,100,,480,3,,,0,100,,2775,3,,,0,100,,479,3,,,0,100,,484,3,,,0,100,,483,3,,,0,100,,482,3,,,0,200,,485,3,,,0
601,'5102',617,,4385,3,,,0,110,,4384,3,,,0,110,,4383,3,,,0,110,,4387,3,,,0,110,,4388,3,,,0,150,,4390,3,,,0,110,,4389,3,,,0,35,,4392,3,,,0,75,,4386,3,,,0,75,,4394,3,,,0,35,,4382,3,,,0,75,,4393,3,,,0,35,,4380,3,,,0,75,,4395,3,,,0,35,,4381,3,,,0,150,,4396,3,,,0,110,,4397,3,,,0
601,'5105',807,,4399,3,,,0,100,,4400,3,,,0,100,,4402,3,,,0,100,,4403,3,,,0,100,,4401,3,,,0,100,,4406,3,,,0,100,,4405,3,,,0,100,,4404,3,,,0,200,,4407,3,,,0
1800,'4327',731,,5283,3,,,0,102,,5276,3,,,0,115,,5275,3,,,0,160,,5274,3,,,0,115,,5273,3,,,0,120,,5272,3,,,0,115,,5271,3,,,0,160,,5277,3,,,0,115,,5278,3,,,0,118,,5279,3,,,0,155,,5280,3,,,0,115,,5281,3,,,0,115,,5282,3,,,0
1800,'4795',612,,3424,3,,,0,106,,1418,3,,,0,26,,1399,3,,,0,66,,1419,3,,,0,29,,1400,3,,,0,68,,1422,3,,,0,27,,1401,3,,,0,80,,1405,3,,,0,40,,1404,3,,,0,80,,1402,3,,,0,80,,1403,3,,,0,40,,1398,3,,,0,80,,1409,3,,,0,80,,1407,3,,,0,28,,1421,3,,,0,67,,1410,3,,,0,28,,1420,3,,,0,68,,1408,3,,,0,30,,1423,3,,,0,67,,1406,3,,,0,30,,1424,3,,,0,70,,1411,3,,,0,55,,1413,3,,,0,77,,1412,3,,,0,80,,1414,3,,,0,43,,1415,3,,,0,155,,1416,3,,,0
1800,'4800',731,,3427,3,,,0,101,,1427,3,,,0,100,,1428,3,,,0,100,,3425,3,,,0,100,,1425,3,,,0,100,,1429,3,,,0,100,,1430,3,,,0,100,,1431,3,,,0,100,,1432,3,,,0,100,,1433,3,,,0,100,,3426,3,,,0,84,,3428,3,,,0,115,,3429,3,,,0,115,,3430,3,,,0,155,,3431,3,,,0,115,,3432,3,,,0,115,,3433,3,,,0
1800,'5102',612,,5303,3,,,0,106,,5304,3,,,0,26,,5285,3,,,0,66,,5305,3,,,0,29,,5286,3,,,0,68,,5308,3,,,0,27,,5287,3,,,0,80,,5292,3,,,0,40,,5291,3,,,0,80,,5288,3,,,0,80,,5289,3,,,0,40,,5284,3,,,0,80,,5296,3,,,0,80,,5290,3,,,0,28,,5307,3,,,0,67,,5295,3,,,0,28,,5306,3,,,0,68,,5294,3,,,0,30,,5309,3,,,0,67,,5293,3,,,0,30,,5310,3,,,0,70,,5297,3,,,0,55,,5299,3,,,0,77,,5298,3,,,0,80,,5301,3,,,0,43,,5300,3,,,0,155,,5302,3,,,0
1800,'5105',731,,5321,3,,,0,101,,5313,3,,,0,100,,5314,3,,,0,100,,5312,3,,,0,100,,5311,3,,,0,100,,5315,3,,,0,100,,5316,3,,,0,100,,5317,3,,,0,100,,5318,3,,,0,100,,5319,3,,,0,100,,5320,3,,,0,84,,5322,3,,,0,115,,5323,3,,,0,115,,5324,3,,,0,155,,5325,3,,,0,115,,5326,3,,,0,115,,5327,3,,,0
