801,'4327',624,,4554,6,,,0,77,,4555,20,,,0,35,,4556,20,,,0,75,,4557,20,,,0,36,,4558,20,,,0,75,,4559,20,,,0,35,,4560,20,,,0,75,,4561,20,,,0,75,,4563,20,,,0,30,,4564,20,,,0,70,,4565,20,,,0,30,,4562,20,,,0,70,,4568,20,,,0,30,,4569,20,,,0,70,,4566,20,,,0,30,,4567,20,,,0,70,,4570,20,,,0,30,,4571,20,,,0,70,,4572,20,,,0,30,,4574,20,,,0,70,,4575,20,,,0,30,,4576,20,,,0,69,,4573,20,,,0,30,,4577,20,,,0,70,,4578,20,,,0,29,,4579,20,,,0,70,,4580,20,,,0,45,,4581,20,,,0,85,,4582,20,,,0,85,,4583,20,,,0,85,,4552,20,,,0,45,,4553,20,,,0
801,'4795',602,,2938,20,,,0,39,,2939,6,,,0,11,,2940,20,,,0,55,,2941,6,,,0,7,,2942,20,,,0,16,,2943,20,,,0,15,,2944,20,,,0,55,,2945,20,,,0,15,,2946,20,,,0,15,,2947,20,,,0,15,,2948,20,,,0,55,,2949,20,,,0,15,,2950,20,,,0,15,,2951,20,,,0,15,,2952,20,,,0,55,,2953,20,,,0,15,,2954,20,,,0,15,,2955,20,,,0,15,,2956,20,,,0,55,,2957,20,,,0,15,,2958,20,,,0,15,,2959,20,,,0,15,,2960,20,,,0,55,,2961,20,,,0,15,,2962,20,,,0,15,,2963,20,,,0,15,,2964,20,,,0,55,,2965,20,,,0,15,,2966,20,,,0,15,,2967,20,,,0,15,,2968,20,,,0,55,,2969,20,,,0,15,,2970,20,,,0,15,,2971,20,,,0,15,,2972,20,,,0,56,,2973,20,,,0,16,,2974,20,,,0,16,,699,9,,,0,3,,2975,20,,,0,16,,2976,20,,,0,54,,2977,20,,,0,15,,2978,20,,,0,16,,2979,20,,,0,16,,2980,20,,,0,56,,2981,20,,,0,15,,2982,20,,,0,16,,2983,20,,,0,15,,2984,20,,,0,56,,2985,20,,,0,15,,2986,20,,,0,16,,2987,20,,,0,16,,2988,20,,,0,57,,2989,20,,,0,18,,2990,20,,,0,25,,2991,20,,,0,66,,2992,20,,,0,24,,2993,20,,,0,64,,2994,20,,,0,25,,2995,20,,,0,65,,2996,20,,,0,45,,2997,20,,,0,84,,2998,20,,,0,85,,2999,20,,,0,85,,3000,20,,,0
801,'4800',624,,3025,6,,,0,77,,3032,20,,,0,35,,3015,20,,,0,75,,3022,20,,,0,36,,3031,20,,,0,75,,3014,20,,,0,35,,3024,20,,,0,75,,3030,20,,,0,70,,3004,20,,,0,30,,3013,20,,,0,25,,3019,20,,,0,65,,3029,20,,,0,25,,761,20,,,0,60,,3002,20,,,0,20,,3012,20,,,0,20,,3034,20,,,0,60,,3018,20,,,0,20,,3027,20,,,0,20,,763,20,,,0,60,,3001,20,,,0,20,,3010,20,,,0,20,,3033,20,,,0,60,,3016,20,,,0,20,,3026,20,,,0,20,,764,20,,,0,60,,3003,20,,,0,20,,3011,20,,,0,19,,3035,20,,,0,60,,3017,20,,,0,20,,3028,20,,,0,20,,759,20,,,0,60,,3005,20,,,0,30,,3007,20,,,0,69,,3020,20,,,0,45,,3006,20,,,0,85,,3023,20,,,0,85,,3008,20,,,0,85,,3021,20,,,0,44,,3009,20,,,0,85,,749,20,,,0
801,'5102',602,,4584,20,,,0,39,,4585,6,,,0,11,,4586,20,,,0,55,,4587,6,,,0,7,,4588,20,,,0,16,,4589,20,,,0,15,,4591,20,,,0,55,,4592,20,,,0,15,,4593,20,,,0,15,,4590,20,,,0,15,,4595,20,,,0,55,,4596,20,,,0,15,,4597,20,,,0,15,,4594,20,,,0,15,,4598,20,,,0,55,,4599,20,,,0,15,,4600,20,,,0,15,,4601,20,,,0,15,,4602,20,,,0,55,,4603,20,,,0,15,,4604,20,,,0,15,,4606,20,,,0,15,,4607,20,,,0,55,,4609,20,,,0,15,,4605,20,,,0,15,,4610,20,,,0,15,,4611,20,,,0,55,,4608,20,,,0,15,,4612,20,,,0,15,,4613,20,,,0,15,,4614,20,,,0,55,,4615,20,,,0,15,,4616,20,,,0,15,,4617,20,,,0,15,,4619,20,,,0,56,,4621,20,,,0,16,,4618,20,,,0,16,,4622,9,,,0,3,,4623,20,,,0,16,,4624,20,,,0,54,,4625,20,,,0,15,,4626,20,,,0,16,,4627,20,,,0,16,,4628,20,,,0,56,,4630,20,,,0,15,,4632,20,,,0,16,,4633,20,,,0,15,,4629,20,,,0,56,,4634,20,,,0,15,,4631,20,,,0,16,,4635,20,,,0,16,,4636,20,,,0,57,,4637,20,,,0,18,,4638,20,,,0,25,,4639,20,,,0,66,,4640,20,,,0,24,,4641,20,,,0,64,,4642,20,,,0,25,,4643,20,,,0,65,,4644,20,,,0,45,,4646,20,,,0,84,,4647,20,,,0,85,,4648,20,,,0,85,,4645,20,,,0
801,'5105',624,,4674,6,,,0,77,,4681,20,,,0,35,,4663,20,,,0,75,,4670,20,,,0,36,,4680,20,,,0,75,,4662,20,,,0,35,,4673,20,,,0,75,,4679,20,,,0,70,,4652,20,,,0,30,,4661,20,,,0,25,,4667,20,,,0,65,,4678,20,,,0,25,,4684,20,,,0,60,,4650,20,,,0,20,,4660,20,,,0,20,,4685,20,,,0,60,,4666,20,,,0,20,,4676,20,,,0,20,,4686,20,,,0,60,,4649,20,,,0,20,,4658,20,,,0,20,,4683,20,,,0,60,,4664,20,,,0,20,,4675,20,,,0,20,,4687,20,,,0,60,,4651,20,,,0,20,,4659,20,,,0,19,,4688,20,,,0,60,,4665,20,,,0,20,,4677,20,,,0,20,,4682,20,,,0,60,,4653,20,,,0,30,,4655,20,,,0,69,,4668,20,,,0,45,,4654,20,,,0,85,,4671,20,,,0,85,,4656,20,,,0,85,,4669,20,,,0,44,,4657,20,,,0,85,,4672,20,,,0
9801,'4327',958,,6464,9,,,0,86,,6471,9,,,0,85,,6463,9,,,0,85,,6467,9,,,0,45,,6462,9,,,0,85,,6469,9,,,0,85,,6461,9,,,0,85,,6465,9,,,0,45,,6460,9,,,0,85,,6468,9,,,0,169,,6466,9,,,0,130,,6470,9,,,0,170,,6472,9,,,0
9801,'4795',645,,2737,9,,,0,60,,2736,9,,,0,21,,2723,9,,,0,20,,2716,9,,,0,61,,2722,9,,,0,21,,2725,9,,,0,21,,2732,9,,,0,61,,2724,9,,,0,42,,2729,9,,,0,83,,2735,9,,,0,83,,2721,9,,,0,85,,2731,9,,,0,45,,2739,9,,,0,85,,2728,9,,,0,85,,2730,9,,,0,85,,2710,9,,,0,29,,2717,9,,,0,20,,2720,9,,,0,60,,2727,9,,,0,20,,2726,9,,,0,20,,2712,9,,,0,59,,2719,9,,,0,20,,2715,9,,,0,19,,2713,9,,,0,60,,2740,9,,,0,20,,2709,9,,,0,21,,2741,9,,,0,79,,2711,9,,,0,80,,2718,9,,,0,40,,2738,9,,,0,80,,2708,9,,,0,80,,2734,9,,,0,40,,2714,9,,,0,79,,2733,9,,,0
9801,'4800',1000,,2744,9,,,0,45,,2755,9,,,0,85,,2743,9,,,0,85,,2751,9,,,0,85,,2746,9,,,0,45,,2750,9,,,0,85,,2745,9,,,0,85,,2749,9,,,0,85,,2742,9,,,0,45,,2748,9,,,0,85,,2747,9,,,0,84,,2752,9,,,0,129,,2753,9,,,0,170,,2754,9,,,0
9801,'5102',645,,6496,9,,,0,60,,6489,9,,,0,21,,6497,9,,,0,20,,6494,9,,,0,61,,6498,9,,,0,21,,6490,9,,,0,82,,6493,9,,,0,42,,6492,9,,,0,83,,6495,9,,,0,83,,6491,9,,,0,85,,6479,9,,,0,45,,6483,9,,,0,85,,6477,9,,,0,85,,6478,9,,,0,87,,6474,9,,,0,25,,6501,9,,,0,22,,6484,9,,,0,60,,6499,9,,,0,20,,6500,9,,,0,20,,6488,9,,,0,78,,6486,9,,,0,89,,6487,9,,,0,90,,6485,9,,,0,49,,6476,9,,,0,86,,6482,9,,,0,86,,6473,9,,,0,80,,6481,9,,,0,40,,6475,9,,,0,79,,6480,9,,,0
9801,'5105',1000,,6504,9,,,0,45,,6515,9,,,0,85,,6503,9,,,0,85,,6511,9,,,0,85,,6506,9,,,0,45,,6510,9,,,0,85,,6505,9,,,0,85,,6509,9,,,0,85,,6502,9,,,0,45,,6508,9,,,0,85,,6507,9,,,0,84,,6512,9,,,0,129,,6513,9,,,0,170,,6514,9,,,0
