800,'4528',616,,7219,29,,,0,20,,7220,29,,,0,16,,7221,13,,,0,51,,7222,29,,,0,23,,7223,29,,,0,17,,7224,29,,,0,15,,7225,29,,,0,56,,7226,29,,,0,15,,7227,29,,,0,16,,7228,29,,,0,55,,7229,29,,,0,14,,7230,29,,,0,16,,7232,29,,,0,15,,7233,29,,,0,55,,7234,29,,,0,15,,7231,29,,,0,15,,7235,29,,,0,15,,7237,29,,,0,55,,7238,29,,,0,16,,7239,29,,,0,15,,7236,29,,,0,15,,7240,29,,,0,55,,7241,29,,,0,15,,7242,29,,,0,15,,7243,29,,,0,15,,7244,29,,,0,55,,7245,29,,,0,15,,7246,29,,,0,15,,7247,29,,,0,15,,7248,29,,,0,55,,7249,29,,,0,15,,7251,29,,,0,16,,7252,29,,,0,15,,7253,29,,,0,55,,7250,29,,,0,16,,7254,29,,,0,16,,7255,29,,,0,17,,7256,29,,,0,56,,7257,29,,,0,16,,7258,29,,,0,16,,7259,29,,,0,15,,7260,29,,,0,55,,7261,29,,,0,15,,7262,29,,,0,16,,7263,29,,,0,14,,7264,29,,,0,56,,7265,29,,,0,15,,7267,29,,,0,14,,7268,29,,,0,16,,7269,29,,,0,56,,7266,29,,,0,18,,7270,29,,,0,20,,7272,29,,,0,60,,7273,29,,,0,23,,7271,29,,,0,25,,7274,29,,,0,64,,7275,29,,,0,24,,7276,29,,,0,65,,7277,29,,,0,43,,7278,29,,,0,85,,7217,29,,,0,83,,7216,29,,,0,85,,7218,29,,,0
800,'5272',616,,7279,13,,,0,33,,7280,29,,,0,75,,7281,29,,,0,35,,7282,29,,,0,76,,7283,29,,,0,78,,7285,29,,,0,35,,7286,29,,,0,71,,7287,29,,,0,30,,7284,29,,,0,72,,7289,29,,,0,30,,7290,29,,,0,70,,7291,29,,,0,30,,7288,29,,,0,70,,7292,29,,,0,30,,7293,29,,,0,70,,7294,29,,,0,30,,7297,29,,,0,70,,7304,29,,,0,30,,7298,29,,,0,70,,7305,29,,,0,30,,7295,29,,,0,69,,7296,29,,,0,29,,7299,29,,,0,69,,7306,29,,,0,30,,7300,29,,,0,69,,7301,29,,,0,29,,7302,29,,,0,70,,7303,29,,,0,85,,7307,29,,,0,43,,7308,29,,,0,84,,7309,29,,,0,84,,7310,29,,,0,45,,7311,29,,,0
800,'5282',616,,7346,13,,,0,36,,7327,29,,,0,76,,7336,29,,,0,75,,7345,29,,,0,36,,7326,29,,,0,75,,7338,29,,,0,37,,7344,29,,,0,70,,7312,29,,,0,29,,7323,29,,,0,66,,7329,29,,,0,25,,7340,29,,,0,60,,7348,29,,,0,20,,7317,29,,,0,20,,7325,29,,,0,60,,7347,29,,,0,20,,7330,29,,,0,20,,7343,29,,,0,60,,7351,29,,,0,20,,7314,29,,,0,20,,7322,29,,,0,60,,7349,29,,,0,20,,7331,29,,,0,20,,7339,29,,,0,60,,7352,29,,,0,20,,7315,29,,,0,20,,7324,29,,,0,60,,7353,29,,,0,19,,7332,29,,,0,20,,7342,29,,,0,60,,7354,29,,,0,20,,7316,29,,,0,19,,7320,29,,,0,18,,7350,29,,,0,60,,7328,29,,,0,30,,7341,29,,,0,69,,7319,29,,,0,85,,7334,29,,,0,44,,7321,29,,,0,83,,7335,29,,,0,85,,7318,29,,,0,44,,7333,29,,,0,83,,7313,29,,,0,80,,7337,29,,,0
1000,'4528',548,,7539,33,,,0,80,,7533,33,,,0,20,,7521,33,,,0,60,,7530,33,,,0,21,,7524,33,,,0,23,,7536,33,,,0,60,,7522,33,,,0,20,,7531,33,,,0,20,,7520,33,,,0,61,,7526,33,,,0,25,,7537,33,,,0,74,,7523,33,,,0,32,,7525,33,,,0,73,,7534,33,,,0,32,,7532,33,,,0,72,,7528,33,,,0,32,,7535,33,,,0,72,,7529,33,,,0,32,,7527,33,,,0,72,,7538,33,,,0,28,,7553,33,,,0,61,,7519,33,,,0,20,,7541,33,,,0,21,,7542,33,,,0,60,,7543,33,,,0,20,,7544,33,,,0,20,,7545,33,,,0,59,,7546,33,,,0,18,,7548,33,,,0,18,,7549,33,,,0,58,,7550,33,,,0,19,,7547,33,,,0,79,,7551,33,,,0,39,,7552,33,,,0,80,,7517,33,,,0,78,,7554,33,,,0,39,,7518,33,,,0,78,,7516,33,,,0,80,,7555,33,,,0,40,,7515,33,,,0,79,,7514,33,,,0,80,,7556,33,,,0
1000,'5272',755,,7569,33,,,0,87,,7557,33,,,0,86,,7570,33,,,0,85,,7558,33,,,0,46,,7559,33,,,0,85,,7561,33,,,0,85,,7571,33,,,0,85,,7562,33,,,0,45,,7560,33,,,0,85,,7563,33,,,0,85,,7572,33,,,0,85,,7564,33,,,0,45,,7567,33,,,0,85,,7568,33,,,0,82,,7573,33,,,0,85,,7566,33,,,0,44,,7565,33,,,0,85,,7576,33,,,0,82,,7577,33,,,0,85,,7574,33,,,0,45,,7579,33,,,0,85,,7575,33,,,0,85,,7578,33,,,0
1000,'5282',758,,7601,33,,,0,85,,7588,33,,,0,87,,7589,33,,,0,87,,7583,33,,,0,86,,7582,33,,,0,45,,7590,33,,,0,85,,7591,33,,,0,85,,7584,33,,,0,85,,7597,33,,,0,45,,7598,33,,,0,85,,7595,33,,,0,85,,7600,33,,,0,85,,7593,33,,,0,44,,7587,33,,,0,83,,7602,33,,,0,84,,7592,33,,,0,44,,7580,33,,,0,85,,7596,33,,,0,83,,7585,33,,,0,84,,7581,33,,,0,43,,7599,33,,,0,84,,7586,33,,,0,85,,7594,33,,,0
1100,'4528',608,,7708,39,,,0,30,,7709,39,,,0,71,,7706,39,,,0,33,,7710,39,,,0,70,,7711,39,,,0,33,,7712,39,,,0,70,,7713,39,,,0,28,,7714,39,,,0,70,,7715,39,,,0,30,,7716,39,,,0,70,,7705,39,,,0,30,,7702,39,,,0,71,,7704,39,,,0,31,,7694,39,,,0,70,,7701,39,,,0,30,,7699,39,,,0,70,,7707,39,,,0,31,,7697,39,,,0,73,,7700,39,,,0,31,,7698,39,,,0,75,,7695,39,,,0,34,,7696,39,,,0,68,,7703,39,,,0,27,,7717,39,,,0,69,,7719,39,,,0,30,,7720,39,,,0,66,,7721,39,,,0,30,,7718,39,,,0,100,,7722,39,,,0,100,,7723,39,,,0,98,,7724,39,,,0,100,,7725,39,,,0
1100,'5272',802,,7740,39,,,0,104,,7727,39,,,0,101,,7728,39,,,0,101,,7731,39,,,0,100,,7732,39,,,0,101,,7730,39,,,0,99,,7733,39,,,0,100,,7729,39,,,0,101,,7736,39,,,0,100,,7737,39,,,0,99,,7734,39,,,0,98,,7738,39,,,0,99,,7735,39,,,0,99,,7739,39,,,0,99,,7743,39,,,0,99,,7741,39,,,0,99,,7742,39,,,0
1100,'5282',707,,7765,39,,,0,32,,7766,39,,,0,70,,7748,39,,,0,31,,7745,39,,,0,71,,7746,39,,,0,30,,7749,39,,,0,72,,7750,39,,,0,30,,7747,39,,,0,71,,7744,39,,,0,31,,7751,39,,,0,71,,7752,39,,,0,30,,7753,39,,,0,70,,7754,39,,,0,30,,7755,39,,,0,70,,7757,39,,,0,30,,7758,39,,,0,70,,7759,39,,,0,30,,7756,39,,,0,70,,7760,39,,,0,30,,7762,39,,,0,70,,7763,39,,,0,30,,7761,39,,,0,69,,7764,39,,,0,29,,7767,39,,,0,69,,7768,39,,,0,30,,7769,39,,,0,99,,7770,39,,,0,100,,7771,39,,,0,96,,7772,39,,,0,99,,7773,39,,,0,89,,7774,39,,,0
1400,'4528',720,,7920,41,,,0,30,,7921,41,,,0,71,,7922,41,,,0,33,,7918,41,,,0,70,,7919,41,,,0,30,,7936,41,,,0,100,,7935,41,,,0,100,,7937,41,,,0,100,,7938,41,,,0,100,,7928,41,,,0,100,,7929,41,,,0,100,,7924,41,,,0,69,,7923,41,,,0,30,,7925,41,,,0,70,,7926,41,,,0,30,,7927,41,,,0,69,,7934,41,,,0,28,,7933,41,,,0,100,,7932,41,,,0,100,,7931,41,,,0,100,,7930,41,,,0
1400,'5272',841,,7943,41,,,0,105,,7944,41,,,0,100,,7942,41,,,0,100,,7939,41,,,0,100,,7941,41,,,0,100,,7945,41,,,0,100,,7940,41,,,0,100,,7951,41,,,0,100,,7952,41,,,0,100,,7948,41,,,0,95,,7949,41,,,0,100,,7947,41,,,0,100,,7950,41,,,0,100,,7946,41,,,0
1400,'5282',841,,7965,41,,,0,105,,7966,41,,,0,100,,7962,41,,,0,100,,7963,41,,,0,100,,7961,41,,,0,100,,7964,41,,,0,100,,7960,41,,,0,100,,7953,41,,,0,100,,7954,41,,,0,100,,7956,41,,,0,95,,7957,41,,,0,100,,7955,41,,,0,100,,7958,41,,,0,100,,7959,41,,,0
