1001,'4327',744,,4802,20,,,0,86,,4808,20,,,0,87,,4815,20,,,0,86,,4805,20,,,0,46,,4803,20,,,0,86,,4804,20,,,0,85,,4816,20,,,0,85,,4807,20,,,0,45,,4806,20,,,0,85,,4813,20,,,0,85,,4817,20,,,0,85,,4809,20,,,0,45,,4814,20,,,0,84,,4811,20,,,0,83,,4818,20,,,0,85,,4812,20,,,0,44,,4810,20,,,0,85,,4822,20,,,0,83,,4821,20,,,0,45,,4823,20,,,0,84,,4820,20,,,0,85,,4824,20,,,0,85,,4819,20,,,0
1001,'4795',538,,3149,20,,,0,20,,3172,20,,,0,60,,3150,20,,,0,20,,3151,20,,,0,20,,3152,20,,,0,61,,3153,20,,,0,16,,3154,20,,,0,16,,3155,20,,,0,62,,3156,20,,,0,20,,3157,20,,,0,20,,3158,20,,,0,59,,3159,20,,,0,20,,3160,20,,,0,20,,3161,20,,,0,68,,3162,20,,,0,32,,3173,20,,,0,72,,3163,20,,,0,32,,3164,20,,,0,72,,3165,20,,,0,72,,3166,20,,,0,32,,3167,20,,,0,72,,3174,20,,,0,33,,3168,20,,,0,70,,3182,20,,,0,29,,943,20,,,0,21,,3169,20,,,0,60,,3175,20,,,0,20,,3176,20,,,0,20,,3177,20,,,0,59,,937,20,,,0,18,,3178,20,,,0,18,,3179,20,,,0,60,,3180,20,,,0,20,,3181,20,,,0,68,,3186,20,,,0,40,,3187,20,,,0,80,,3183,20,,,0,39,,3170,20,,,0,80,,3171,20,,,0,79,,3184,20,,,0,40,,3148,20,,,0,80,,3145,20,,,0,80,,3185,20,,,0,40,,3146,20,,,0
1001,'4800',747,,3191,20,,,0,85,,3189,20,,,0,86,,3190,20,,,0,86,,3205,20,,,0,47,,3197,20,,,0,87,,3203,20,,,0,85,,3201,20,,,0,85,,3210,20,,,0,45,,3194,20,,,0,85,,3206,20,,,0,85,,3200,20,,,0,84,,3198,20,,,0,45,,3188,20,,,0,84,,3193,20,,,0,83,,3202,20,,,0,85,,3199,20,,,0,43,,3208,20,,,0,85,,3192,20,,,0,84,,3196,20,,,0,85,,3204,20,,,0,43,,3195,20,,,0,85,,3207,20,,,0,85,,3209,20,,,0
1001,'5102',538,,4829,20,,,0,20,,4852,20,,,0,60,,4830,20,,,0,20,,4831,20,,,0,20,,4832,20,,,0,61,,4833,20,,,0,16,,4834,20,,,0,16,,4835,20,,,0,62,,4836,20,,,0,20,,4837,20,,,0,20,,4838,20,,,0,59,,4839,20,,,0,20,,4840,20,,,0,20,,4841,20,,,0,68,,4843,20,,,0,32,,4853,20,,,0,72,,4844,20,,,0,32,,4845,20,,,0,72,,4842,20,,,0,72,,4846,20,,,0,32,,4848,20,,,0,72,,4854,20,,,0,33,,4849,20,,,0,70,,4864,20,,,0,29,,4865,20,,,0,21,,4850,20,,,0,60,,4855,20,,,0,20,,4856,20,,,0,20,,4857,20,,,0,59,,4858,20,,,0,18,,4859,20,,,0,18,,4860,20,,,0,60,,4861,20,,,0,20,,4862,20,,,0,68,,4868,20,,,0,40,,4869,20,,,0,80,,4866,20,,,0,39,,4847,20,,,0,80,,4851,20,,,0,79,,4863,20,,,0,40,,4828,20,,,0,80,,4825,20,,,0,80,,4867,20,,,0,40,,4826,20,,,0
1001,'5105',747,,4873,20,,,0,85,,4871,20,,,0,86,,4872,20,,,0,86,,4887,20,,,0,47,,4879,20,,,0,87,,4885,20,,,0,85,,4883,20,,,0,85,,4892,20,,,0,45,,4876,20,,,0,85,,4888,20,,,0,85,,4882,20,,,0,84,,4880,20,,,0,45,,4870,20,,,0,84,,4875,20,,,0,83,,4884,20,,,0,85,,4881,20,,,0,43,,4890,20,,,0,85,,4874,20,,,0,84,,4878,20,,,0,85,,4886,20,,,0,43,,4877,20,,,0,85,,4889,20,,,0,85,,4891,20,,,0
1900,'4327',802,,5388,4,,,0,115,,5387,4,,,0,120,,5386,4,,,0,115,,5385,4,,,0,160,,5384,4,,,0,115,,5383,4,,,0,120,,5389,4,,,0,155,,5390,4,,,0,120,,5392,4,,,0,115,,5391,4,,,0,115,,5393,4,,,0,155,,5394,4,,,0
1900,'4795',707,,1541,4,,,0,20,,1540,4,,,0,20,,1537,4,,,0,60,,1538,4,,,0,20,,1515,4,,,0,20,,1535,4,,,0,60,,1514,4,,,0,35,,1521,4,,,0,75,,1518,4,,,0,35,,1517,4,,,0,75,,1516,4,,,0,75,,1519,4,,,0,35,,1520,4,,,0,75,,1523,4,,,0,35,,1524,4,,,0,75,,1527,4,,,0,20,,1509,4,,,0,60,,1525,4,,,0,20,,1510,4,,,0,20,,1526,4,,,0,60,,1512,4,,,0,20,,1522,4,,,0,20,,1511,4,,,0,60,,1529,4,,,0,20,,1513,4,,,0,20,,1528,4,,,0,75,,1530,4,,,0,35,,1532,4,,,0,75,,1533,4,,,0,75,,1531,4,,,0,35,,1534,4,,,0,100,,1539,4,,,0,110,,1536,4,,,0
1900,'4800',732,,1543,4,,,0,75,,1544,4,,,0,35,,1545,4,,,0,75,,1542,4,,,0,35,,1546,4,,,0,75,,1548,4,,,0,75,,1549,4,,,0,35,,1550,4,,,0,75,,1547,4,,,0,35,,1551,4,,,0,75,,1553,4,,,0,35,,1554,4,,,0,75,,1555,4,,,0,75,,1552,4,,,0,35,,1556,4,,,0,75,,1557,4,,,0,35,,1558,4,,,0,75,,1559,4,,,0,75,,1560,4,,,0,100,,3443,4,,,0,115,,3444,4,,,0,115,,3445,4,,,0,115,,3447,4,,,0,155,,3446,4,,,0
1900,'5102',707,,5427,4,,,0,20,,5426,4,,,0,20,,5423,4,,,0,60,,5424,4,,,0,20,,5401,4,,,0,20,,5421,4,,,0,60,,5400,4,,,0,35,,5407,4,,,0,75,,5404,4,,,0,35,,5402,4,,,0,75,,5403,4,,,0,75,,5405,4,,,0,35,,5406,4,,,0,75,,5409,4,,,0,35,,5410,4,,,0,75,,5414,4,,,0,23,,5395,4,,,0,57,,5411,4,,,0,20,,5396,4,,,0,20,,5412,4,,,0,60,,5398,4,,,0,20,,5408,4,,,0,20,,5397,4,,,0,60,,5415,4,,,0,20,,5399,4,,,0,20,,5413,4,,,0,75,,5416,4,,,0,35,,5418,4,,,0,75,,5419,4,,,0,75,,5417,4,,,0,35,,5420,4,,,0,100,,5425,4,,,0,110,,5422,4,,,0
1900,'5105',732,,5430,4,,,0,75,,5431,4,,,0,35,,5432,4,,,0,75,,5429,4,,,0,35,,5433,4,,,0,75,,5435,4,,,0,75,,5436,4,,,0,35,,5437,4,,,0,75,,5434,4,,,0,35,,5438,4,,,0,75,,5440,4,,,0,35,,5441,4,,,0,75,,5442,4,,,0,75,,5439,4,,,0,35,,5443,4,,,0,75,,5444,4,,,0,35,,5445,4,,,0,75,,5446,4,,,0,75,,5447,4,,,0,100,,5448,4,,,0,115,,5449,4,,,0,115,,5450,4,,,0,115,,5452,4,,,0,155,,5451,4,,,0
