900,'4327',920,,4689,18,4,,0,230,,4690,18,4,,0,270,,4691,18,4,,0,230,,4693,18,4,,0,270,,4692,18,4,,0
900,'4795',910,,771,18,4,,0,225,,772,18,4,,0,300,,773,18,4,,0
900,'4800',920,,775,18,4,,0,230,,774,18,4,,0,270,,776,18,4,,0,230,,778,18,4,,0,270,,777,18,4,,0
900,'5102',1135,,4694,18,4,,0,300,,4695,18,4,,0
900,'5105',920,,4697,18,4,,0,230,,4696,18,4,,0,270,,4698,18,4,,0,230,,4700,18,4,,0,270,,4699,18,4,,0
901,'4327',810,,4701,1,,,0,230,,4702,1,,,0,270,,4703,1,,,0,230,,4705,1,,,0,270,,4704,1,,,0
901,'4795',915,,784,1,,,0,225,,785,1,,,0,300,,786,1,,,0
901,'4800',810,,788,1,,,0,230,,787,1,,,0,270,,789,1,,,0,230,,791,1,,,0,270,,790,1,,,0
901,'5102',1140,,4706,1,,,0,300,,4707,1,,,0
901,'5105',810,,4709,1,,,0,230,,4708,1,,,0,270,,4710,1,,,0,230,,4712,1,,,0,270,,4711,1,,,0
1001,'4327',742,,4802,17,,,0,86,,4808,17,,,0,87,,4815,17,,,0,85,41,4805,17,,,0,46,,4803,17,,,0,86,,4804,17,,,0,85,,4816,17,,,0,85,,4807,17,,,0,45,,4806,17,,,0,85,,4813,17,,,0,85,,4817,17,,,0,85,,4809,17,,,0,45,,4814,17,,,0,85,,4811,17,,,0,83,,4818,17,,,0,85,41,4812,17,,,0,44,,4810,17,,,0,85,,4822,17,,,0,83,,4821,17,,,0,45,,4823,17,,,0,84,,4820,17,,,0,85,,4824,17,,,0,85,,4819,17,,,0
1001,'4795',536,,3149,17,,,0,20,,3172,17,,,0,60,,3150,17,,,0,20,,3151,17,,,0,20,,3152,17,,,0,61,2,3153,17,,,0,16,2,3154,17,,,0,15,2,3155,17,,,0,62,2,3156,17,,,0,20,2,3157,17,,,0,20,2,3158,17,,,0,59,,3159,17,,,0,20,,3160,17,,,0,20,,3161,17,,,0,68,,3162,17,,,0,32,,3173,17,,,0,72,,3163,17,,,0,32,,3164,17,,,0,72,,3165,17,,,0,32,,3166,17,,,0,72,,3167,17,,,0,72,,3174,17,,,0,33,2,3168,17,,,0,70,2,3182,17,,,0,28,2,943,17,,,0,21,2,3169,17,,,0,60,2,3175,17,,,0,20,2,3176,17,,,0,20,2,3177,17,,,0,60,2,937,17,,,0,18,2,3178,17,,,0,18,,3179,17,,,0,60,,3180,17,,,0,20,,3181,17,,,0,29,,3186,17,,,0,80,,3187,17,,,0,80,,3183,17,,,0,39,,3170,17,,,0,80,,3171,17,,,0,79,,3184,17,,,0,40,,3148,17,,,0,80,,3145,17,,,0,80,,3185,17,,,0,40,,3146,17,,,0,73,,3147,17,4,,0
1001,'4800',745,,3191,17,,,0,85,,3189,17,,,0,86,,3190,17,,,0,85,,3205,17,,,0,47,,3197,17,,,0,87,,3203,17,,,0,85,,3201,17,,,0,85,,3210,17,,,0,45,,3194,17,,,0,85,,3206,17,,,0,85,,3200,17,,,0,84,,3198,17,,,0,45,,3188,17,,,0,85,,3193,17,,,0,83,,3202,17,,,0,85,,3199,17,,,0,43,,3208,17,,,0,85,,3192,17,,,0,84,,3196,17,,,0,45,,3204,17,,,0,83,,3195,17,,,0,85,,3207,17,,,0,85,,3209,17,,,0
1001,'5102',536,,4829,17,,,0,20,,4852,17,,,0,60,,4830,17,,,0,20,,4831,17,,,0,20,,4832,17,,,0,61,2,4833,17,,,0,16,2,4834,17,,,0,15,2,4835,17,,,0,62,2,4836,17,,,0,20,2,4837,17,,,0,20,2,4838,17,,,0,59,,4839,17,,,0,20,,4840,17,,,0,20,,4841,17,,,0,68,,4843,17,,,0,32,,4853,17,,,0,72,,4844,17,,,0,32,,4845,17,,,0,72,,4842,17,,,0,32,,4846,17,,,0,72,,4848,17,,,0,72,,4854,17,,,0,33,2,4849,17,,,0,70,2,4864,17,,,0,28,2,4865,17,,,0,21,2,4850,17,,,0,60,2,4855,17,,,0,20,2,4856,17,,,0,20,2,4857,17,,,0,60,2,4858,17,,,0,18,2,4859,17,,,0,18,,4860,17,,,0,60,,4861,17,,,0,20,,4862,17,,,0,29,,4868,17,,,0,80,,4869,17,,,0,80,,4866,17,,,0,39,,4847,17,,,0,80,,4851,17,,,0,79,,4863,17,,,0,40,,4828,17,,,0,80,,4825,17,,,0,80,,4867,17,,,0,40,,4826,17,,,0,73,,4827,17,4,,0
1001,'5105',745,,4873,17,,,0,85,,4871,17,,,0,86,,4872,17,,,0,85,,4887,17,,,0,47,,4879,17,,,0,87,,4885,17,,,0,85,,4883,17,,,0,85,,4892,17,,,0,45,,4876,17,,,0,85,,4888,17,,,0,85,,4882,17,,,0,84,,4880,17,,,0,45,,4870,17,,,0,85,,4875,17,,,0,83,,4884,17,,,0,85,,4881,17,,,0,43,,4890,17,,,0,85,,4874,17,,,0,84,,4878,17,,,0,45,,4886,17,,,0,83,,4877,17,,,0,85,,4889,17,,,0,85,,4891,17,,,0
