600,'4327',851,,4337,12,,,0,160,,4338,12,,,0,120,,4339,12,,,0,120,,4341,12,,,0,160,,4343,12,,,0,120,,4344,12,,,0,120,,4340,12,,,0,160,,4342,12,,,0
600,'4795',701,,417,12,,,0,35,,2765,12,,,0,75,,416,12,,,0,35,,2766,12,,,0,75,,424,12,,,0,110,,425,12,,,0,110,,426,12,,,0,110,,422,12,,,0,150,,423,12,,,0,35,,430,12,,,0,75,,421,12,,,0,35,,429,12,,,0,75,,420,12,,,0,35,,432,12,,,0,75,,419,12,,,0,75,,433,12,,,0,35,,418,12,,,0,110,,434,12,,,0,150,,431,12,,,0,113,,435,12,,,0
600,'4800',814,,445,12,,,0,100,,437,12,,,0,100,,2767,12,,,0,100,,439,12,,,0,100,,441,12,,,0,100,,438,12,,,0,100,,442,12,,,0,100,,443,12,,,0,100,,440,12,,,0,100,,2768,12,,,0
600,'5102',701,,4346,12,,,0,110,,4345,12,,,0,110,,4354,12,,,0,110,,4355,12,,,0,110,,4353,12,,,0,110,,4352,12,,,0,150,,4351,12,,,0,35,,4357,12,,,0,75,,4350,12,,,0,35,,4356,12,,,0,75,,4349,12,,,0,35,,4359,12,,,0,75,,4348,12,,,0,75,,4360,12,,,0,35,,4347,12,,,0,110,,4361,12,,,0,150,,4358,12,,,0
600,'5105',814,,4371,12,,,0,100,,4363,12,,,0,100,,4362,12,,,0,100,,4365,12,,,0,100,,4367,12,,,0,100,,4364,12,,,0,100,,4368,12,,,0,100,,4369,12,,,0,100,,4366,12,,,0,100,,4370,12,,,0
1801,'4327',817,,5332,6,,,0,115,,5333,6,,,0,120,,5330,6,,,0,155,,5331,6,,,0,120,,5329,6,,,0,115,,5328,6,,,0,160,,5334,6,,,0,115,,5335,6,,,0,120,,5336,6,,,0,115,,5337,6,,,0,155,,5338,6,,,0,115,,5339,6,,,0
1801,'4795',629,,3434,6,,,0,107,,1474,6,,,0,66,,1454,6,,,0,26,,1475,6,,,0,29,,1455,6,,,0,68,,1478,6,,,0,27,,1457,6,,,0,80,,1456,6,,,0,80,,1461,6,,,0,40,,1462,6,,,0,80,,1464,6,,,0,80,,1463,6,,,0,40,,1458,6,,,0,80,,1459,6,,,0,68,,1477,6,,,0,28,,1460,6,,,0,28,,1476,6,,,0,68,,1473,6,,,0,30,,1479,6,,,0,67,,1467,6,,,0,30,,1480,6,,,0,69,,1466,6,,,0,95,,1470,6,,,0,37,,1469,6,,,0,80,,1468,6,,,0,120,,1471,6,,,0,149,,1465,6,,,0
1801,'4800',748,,3437,6,,,0,102,,1487,6,,,0,100,,1488,6,,,0,100,,3441,6,,,0,100,,1492,6,,,0,100,,1489,6,,,0,100,,1490,6,,,0,100,,1493,6,,,0,100,,1494,6,,,0,100,,1495,6,,,0,100,,3442,6,,,0,167,,3438,6,,,0,115,,3440,6,,,0,115,,3436,6,,,0,155,,3439,6,,,0,115,,3435,6,,,0
1801,'5102',629,,5358,6,,,0,107,,5360,6,,,0,66,,5340,6,,,0,26,,5361,6,,,0,29,,5341,6,,,0,68,,5364,6,,,0,27,,5343,6,,,0,80,,5342,6,,,0,80,,5347,6,,,0,40,,5348,6,,,0,80,,5350,6,,,0,80,,5349,6,,,0,40,,5345,6,,,0,80,,5346,6,,,0,68,,5363,6,,,0,28,,5344,6,,,0,28,,5362,6,,,0,68,,5359,6,,,0,30,,5365,6,,,0,67,,5353,6,,,0,30,,5366,6,,,0,69,,5352,6,,,0,95,,5356,6,,,0,37,,5355,6,,,0,80,,5354,6,,,0,120,,5357,6,,,0,149,,5351,6,,,0
1801,'5105',748,,5369,6,,,0,102,,5373,6,,,0,100,,5374,6,,,0,100,,5377,6,,,0,100,,5378,6,,,0,100,,5375,6,,,0,100,,5376,6,,,0,100,,5379,6,,,0,100,,5380,6,,,0,100,,5381,6,,,0,100,,5382,6,,,0,167,,5370,6,,,0,115,,5372,6,,,0,115,,5368,6,,,0,155,,5371,6,,,0,115,,5367,6,,,0
1901,'4327',749,,5465,6,,,0,103,,5458,6,,,0,155,,5457,6,,,0,120,,5456,6,,,0,115,,5455,6,,,0,160,,5454,6,,,0,115,,5453,6,,,0,120,,5459,6,,,0,115,,5460,6,,,0,157,,5461,6,,,0,115,,5462,6,,,0,115,,5463,6,,,0,115,,5464,6,,,0
1901,'4795',724,,1611,6,,,0,20,,1607,6,,,0,60,,1608,6,,,0,20,,1606,6,,,0,19,,1587,6,,,0,60,,1602,6,,,0,21,,1585,6,,,0,35,,1586,6,,,0,75,,1583,6,,,0,75,,1588,6,,,0,35,,1589,6,,,0,75,,1590,6,,,0,35,,1594,6,,,0,75,,1591,6,,,0,75,,1592,6,,,0,36,,1595,6,,,0,60,,1580,6,,,0,20,,1593,6,,,0,20,,1579,6,,,0,60,,1598,6,,,0,20,,1581,6,,,0,20,,1599,6,,,0,60,,1582,6,,,0,20,,1597,6,,,0,19,,1584,6,,,0,20,,1601,6,,,0,75,,1605,6,,,0,75,,1603,6,,,0,34,,1596,6,,,0,75,,1600,6,,,0,35,,1604,6,,,0,63,,1610,6,,,0,115,,1609,6,,,0
1901,'4800',748,,1620,6,,,0,75,,1622,6,,,0,35,,1624,6,,,0,75,,1621,6,,,0,75,,1626,6,,,0,35,,1623,6,,,0,75,,1627,6,,,0,35,,1628,6,,,0,75,,1631,6,,,0,75,,1632,6,,,0,35,,1625,6,,,0,75,,1629,6,,,0,35,,1633,6,,,0,75,,1634,6,,,0,35,,1630,6,,,0,75,,1635,6,,,0,75,,1636,6,,,0,35,,1618,6,,,0,75,,1619,6,,,0,16,,3448,6,,,0,115,,3450,6,,,0,155,,3451,6,,,0,115,,3452,6,,,0,115,,3449,6,,,0,115,,3453,6,,,0
1901,'5102',724,,5498,6,,,0,20,,5494,6,,,0,60,,5495,6,,,0,20,,5493,6,,,0,19,,5474,6,,,0,60,,5489,6,,,0,21,,5472,6,,,0,35,,5473,6,,,0,75,,5470,6,,,0,75,,5475,6,,,0,35,,5476,6,,,0,75,,5477,6,,,0,35,,5481,6,,,0,75,,5478,6,,,0,75,,5479,6,,,0,36,,5482,6,,,0,61,,5499,6,,,0,2,,5467,6,,,0,17,,5480,6,,,0,20,,5466,6,,,0,60,,5485,6,,,0,20,,5468,6,,,0,20,,5486,6,,,0,60,,5469,6,,,0,20,,5484,6,,,0,19,,5471,6,,,0,20,,5488,6,,,0,75,,5491,6,,,0,75,,5490,6,,,0,34,,5483,6,,,0,75,,5487,6,,,0,35,,5492,6,,,0,63,,5497,6,,,0,115,,5496,6,,,0
1901,'5105',748,,5508,6,,,0,75,,5510,6,,,0,35,,5512,6,,,0,75,,5509,6,,,0,75,,5514,6,,,0,35,,5511,6,,,0,75,,5515,6,,,0,35,,5516,6,,,0,75,,5519,6,,,0,75,,5520,6,,,0,35,,5513,6,,,0,75,,5517,6,,,0,35,,5521,6,,,0,75,,5522,6,,,0,35,,5518,6,,,0,75,,5523,6,,,0,75,,5524,6,,,0,35,,5506,6,,,0,75,,5507,6,,,0,16,,5500,6,,,0,115,,5502,6,,,0,155,,5503,6,,,0,115,,5504,6,,,0,115,,5501,6,,,0,115,,5505,6,,,0
