800,'4794',635,,2969,,,0,75,,2970,,,0,35,,2971,,,0,75,,2972,,,0,37,,2974,,,0,75,,2975,,,0,70,,2976,,,0,30,,2973,,,0,70,,2978,,,0,30,,2979,,,0,70,,2980,,,0,30,,2977,,,0,70,,2981,,,0,30,,2982,,,0,70,,2983,,,0,30,,2986,,,0,70,,2993,,,0,30,,2987,,,0,70,,2994,,,0,30,,2984,,,0,70,,2985,,,0,30,,2988,,,0,69,,2995,,,0,30,,2989,,,0,69,,2990,,,0,30,,2991,,,0,70,,2992,,,0,45,,2996,,,0,85,,2997,,,0,85,,2998,,,0,44,,2999,,,0,85,,3000,,,0
800,'4795',904,,585,,,0,642,,561,,,0,84,,565,,,0
800,'4800',638,,3016,,,0,75,,3025,,,0,35,,3034,,,0,75,,3015,,,0,35,,3027,,,0,75,,3033,,,0,70,,3001,,,0,29,,3012,,,0,25,,3018,,,0,65,,3029,,,0,20,,3037,,,0,60,,3006,,,0,20,,3014,,,0,20,,3036,,,0,60,,3019,,,0,20,,3032,,,0,20,,3040,,,0,60,,3003,,,0,20,,3011,,,0,20,,3038,,,0,60,,3020,,,0,20,,3028,,,0,20,,3041,,,0,60,,3004,,,0,20,,3013,,,0,20,,3042,,,0,60,,3021,,,0,20,,3031,,,0,20,,3043,,,0,60,,3005,,,0,19,,3009,,,0,19,,3039,,,0,60,,3017,,,0,30,,3030,,,0,70,,3008,,,0,45,,3023,,,0,85,,3010,,,0,85,,3024,,,0,85,,3007,,,0,44,,3022,,,0,85,,3002,,,0,80,,3026,,,0
800,'4960',601,,522,,,0,20,,523,,,0,27,,525,,,0,63,,527,,,0,16,,528,,,0,15,,529,,,0,15,,530,,,0,55,,531,,,0,15,,532,,,0,15,,533,,,0,15,,534,,,0,55,,535,,,0,15,,536,,,0,15,,537,,,0,15,,538,,,0,55,,539,,,0,15,,540,,,0,15,,541,,,0,15,,542,,,0,55,,543,,,0,15,,544,,,0,15,,545,,,0,15,,546,,,0,55,,547,,,0,15,,548,,,0,15,,549,,,0,15,,550,,,0,55,,551,,,0,15,,552,,,0,15,,553,,,0,15,,554,,,0,56,,555,,,0,14,,556,,,0,15,,557,,,0,16,,558,,,0,56,,559,,,0,17,,560,,,0,16,,562,,,0,56,,563,,,0,16,,564,,,0,15,,566,,,0,15,,567,,,0,55,,568,,,0,16,,569,,,0,15,,570,,,0,16,,571,,,0,56,,572,,,0,15,,573,,,0,16,,574,,,0,16,,575,,,0,58,,576,,,0,20,,577,,,0,21,,578,,,0,63,,579,,,0,25,,580,,,0,65,,581,,,0,24,,582,,,0,25,,583,,,0,85,,584,,,0,85,,520,,,0,84,,519,,,0,45,,521,,,0
800,'4961',601,,3047,,,0,20,,3048,,,0,27,,3050,,,0,63,,3052,,,0,16,,3053,,,0,15,,3054,,,0,15,,3055,,,0,55,,3056,,,0,15,,3057,,,0,15,,3058,,,0,15,,3059,,,0,55,,3060,,,0,15,,3061,,,0,15,,3062,,,0,15,,3063,,,0,55,,3064,,,0,15,,3065,,,0,15,,3066,,,0,15,,3067,,,0,55,,3068,,,0,15,,3069,,,0,15,,3070,,,0,15,,3071,,,0,55,,3072,,,0,15,,3073,,,0,15,,3074,,,0,15,,3075,,,0,55,,3076,,,0,15,,3077,,,0,15,,3078,,,0,15,,3079,,,0,56,,3080,,,0,14,,3081,,,0,15,,3082,,,0,16,,3083,,,0,56,,3084,,,0,17,,3085,,,0,16,,3086,,,0,56,,3087,,,0,16,,3088,,,0,15,,3089,,,0,15,,3090,,,0,55,,3091,,,0,16,,3092,,,0,15,,3093,,,0,16,,3094,,,0,56,,3095,,,0,15,,3096,,,0,16,,3097,,,0,16,,3098,,,0,58,,3099,,,0,20,,3100,,,0,21,,3101,,,0,63,,3102,,,0,25,,3103,,,0,65,,3104,,,0,24,,3105,,,0,25,,3106,,,0,85,,3107,,,0,85,,3045,,,0,84,,3044,,,0,45,,3046,,,0
1100,'4794',743,,985,,,0,102,,972,,,0,101,,973,,,0,100,,976,,,0,100,,977,,,0,101,,975,,,0,99,,978,,,0,100,,974,,,0,100,,981,,,0,100,,982,,,0,99,,979,,,0,99,,983,,,0,100,,980,,,0,99,,984,,,0,100,,988,,,0,100,,986,,,0,100,,987,,,0
1100,'4795',547,,1002,,,0,70,,1003,,,0,31,,1004,,,0,70,,1005,,,0,30,,1006,,,0,71,,1007,,,0,31,,1008,,,0,99,,1010,,,0,70,,1011,,,0,30,,1000,,,0,100,,999,,,0,71,,989,,,0,30,,996,,,0,100,,1001,,,0,70,,992,,,0,30,,995,,,0,106,,990,,,0,75,,991,,,0,70,,998,,,0,58,,1013,,,0,70,,1014,,,0,29,,1015,,,0,170,,1017,,,0,199,,1019,,,0,183,,1021,0,5 6,0
1100,'4800',649,,1043,,,0,70,,1044,,,0,30,,1026,,,0,70,,1023,,,0,31,,1024,,,0,70,,1027,,,0,31,,1028,,,0,70,,1025,,,0,31,,1022,,,0,70,,1029,,,0,30,,1030,,,0,70,,1031,,,0,30,,1032,,,0,70,,1033,,,0,30,,1035,,,0,70,,1036,,,0,30,,1037,,,0,70,,1034,,,0,30,,1038,,,0,70,,1040,,,0,30,,1041,,,0,70,,1039,,,0,30,,1042,,,0,69,,1045,,,0,29,,1046,,,0,70,,1047,,,0,99,,1048,,,0,100,,1049,,,0,99,,1050,,,0,100,,1051,,,0,90,,1052,,,0
1100,'4960',919,,1009,,,0,200,,997,,,0,201,,994,,,0,201,,993,,,0,208,,1012,,,0,199,,1016,,,0,200,,1018,,,0,199,,1020,,,0
1100,'4961',919,,3248,,,0,200,,3247,,,0,201,,3246,,,0,201,,3245,,,0,208,,3249,,,0,199,,3250,,,0,200,,3251,,,0,199,,3252,,,0
