601,'4327',801,,4374,2,,,0,120,,4373,2,,,0,120,,4372,2,,,0,160,,4376,2,,,0,120,,4377,2,,,0,120,,4378,2,,,0,160,,4375,2,,,0,120,,4379,2,,,0
601,'4795',616,,459,2,,,0,35,,2769,2,,,0,75,,458,2,,,0,75,,2770,2,,,0,35,,457,2,,,0,75,,2771,2,,,0,35,,462,2,,,0,110,,461,2,,,0,150,,464,2,,,0,110,,463,2,,,0,35,,469,2,,,0,75,,460,2,,,0,75,,471,2,,,0,35,,456,2,,,0,75,,470,2,,,0,35,,454,2,,,0,75,,472,2,,,0,35,,455,2,,,0,150,,473,2,,,0,110,,474,2,,,0,210,,2773,2,,,0
601,'4800',806,,2774,2,,,0,100,,478,2,,,0,100,,480,2,,,0,100,,2775,2,,,0,100,,479,2,,,0,100,,484,2,,,0,100,,483,2,,,0,100,,482,2,,,0,200,,485,2,,,0
601,'5102',616,,4385,2,,,0,110,,4384,2,,,0,110,,4383,2,,,0,110,,4387,2,,,0,110,,4388,2,,,0,150,,4390,2,,,0,110,,4389,2,,,0,35,,4392,2,,,0,75,,4386,2,,,0,75,,4394,2,,,0,35,,4382,2,,,0,75,,4393,2,,,0,35,,4380,2,,,0,75,,4395,2,,,0,35,,4381,2,,,0,150,,4396,2,,,0,110,,4397,2,,,0
601,'5105',806,,4399,2,,,0,100,,4400,2,,,0,100,,4402,2,,,0,100,,4403,2,,,0,100,,4401,2,,,0,100,,4406,2,,,0,100,,4405,2,,,0,100,,4404,2,,,0,200,,4407,2,,,0
1800,'4327',731,,5283,2,,,0,101,,5276,2,,,0,115,,5275,2,,,0,160,,5274,2,,,0,115,,5273,2,,,0,120,,5272,2,,,0,115,,5271,2,,,0,160,,5277,2,,,0,115,,5278,2,,,0,119,,5279,2,,,0,155,,5280,2,,,0,115,,5281,2,,,0,115,,5282,2,,,0
1800,'4795',611,,3424,2,,,0,106,,1418,2,,,0,26,,1399,2,,,0,66,,1419,2,,,0,29,,1400,2,,,0,68,,1422,2,,,0,27,,1401,2,,,0,80,,1405,2,,,0,40,,1404,2,,,0,80,,1402,2,,,0,80,,1403,2,,,0,40,,1398,2,,,0,80,,1409,2,,,0,80,,1407,2,,,0,28,,1421,2,,,0,67,,1410,2,,,0,28,,1420,2,,,0,68,,1408,2,,,0,30,,1423,2,,,0,67,,1406,2,,,0,30,,1424,2,,,0,70,,1411,2,,,0,55,,1413,2,,,0,77,,1412,2,,,0,80,,1414,2,,,0,43,,1415,2,,,0,155,,1416,2,,,0
1800,'4800',731,,3427,2,,,0,100,,1427,2,,,0,100,,1428,2,,,0,100,,3425,2,,,0,100,,1425,2,,,0,100,,1429,2,,,0,100,,1430,2,,,0,100,,1431,2,,,0,100,,1432,2,,,0,100,,1433,2,,,0,100,,3426,2,,,0,85,,3428,2,,,0,115,,3429,2,,,0,115,,3430,2,,,0,155,,3431,2,,,0,115,,3432,2,,,0,115,,3433,2,,,0
1800,'5102',611,,5303,2,,,0,106,,5304,2,,,0,26,,5285,2,,,0,66,,5305,2,,,0,29,,5286,2,,,0,68,,5308,2,,,0,27,,5287,2,,,0,80,,5292,2,,,0,40,,5291,2,,,0,80,,5288,2,,,0,80,,5289,2,,,0,40,,5284,2,,,0,80,,5296,2,,,0,80,,5290,2,,,0,28,,5307,2,,,0,67,,5295,2,,,0,28,,5306,2,,,0,68,,5294,2,,,0,30,,5309,2,,,0,67,,5293,2,,,0,30,,5310,2,,,0,70,,5297,2,,,0,55,,5299,2,,,0,77,,5298,2,,,0,80,,5301,2,,,0,43,,5300,2,,,0,155,,5302,2,,,0
1800,'5105',731,,5321,2,,,0,100,,5313,2,,,0,100,,5314,2,,,0,100,,5312,2,,,0,100,,5311,2,,,0,100,,5315,2,,,0,100,,5316,2,,,0,100,,5317,2,,,0,100,,5318,2,,,0,100,,5319,2,,,0,100,,5320,2,,,0,85,,5322,2,,,0,115,,5323,2,,,0,115,,5324,2,,,0,155,,5325,2,,,0,115,,5326,2,,,0,115,,5327,2,,,0
