2401,'4327',738,,5960,23,,,0,103,,5957,23,,,0,107,,5959,23,,,0,104,,5958,23,,,0,148,,5961,23,,,0,101,,5963,23,,,0,109,,5964,23,,,0,102,,5962,23,,,0,93,,5965,23,,,0,107,,5966,23,,,0,101,,5967,23,,,0,99,,5968,23,,,0
2401,'4795',620,,2081,23,,,0,105,,2082,23,,,0,32,,2083,23,,,0,146,,2084,23,,,0,31,,2085,23,,,0,72,,3575,23,,,0,103,,2089,23,,,0,104,,3576,23,,,0,103,,2088,23,,,0,108,,3577,23,,,0,124,,2091,23,,,0,63,,3578,23,,,0,28,,2094,23,,,0,71,,2092,23,,,0,32,,2095,23,,,0,72,,2096,23,,,0,43,,3579,23,,,0,94,,2097,23,,,0,154,,3580,23,,,0,101,,2100,23,,,0
2401,'4800',833,,2106,23,,,0,100,,2103,23,,,0,98,,2104,23,,,0,111,,2101,23,,,0,104,,2105,23,,,0,107,,2102,23,,,0,89,,2108,23,,,0,164,,2109,23,,,0,94,,2107,23,,,0,102,,2112,23,,,0,104,,2110,23,,,0,105,,2113,23,,,0,105,,2111,23,,,0
2401,'5102',620,,5969,23,,,0,105,,5970,23,,,0,32,,5971,23,,,0,146,,5972,23,,,0,31,,5973,23,,,0,72,,5974,23,,,0,103,,5977,23,,,0,104,,5975,23,,,0,103,,5976,23,,,0,108,,5978,23,,,0,124,,5979,23,,,0,63,,5981,23,,,0,28,,5982,23,,,0,71,,5980,23,,,0,32,,5983,23,,,0,72,,5984,23,,,0,43,,5986,23,,,0,94,,5985,23,,,0,154,,5987,23,,,0,101,,5988,23,,,0
2401,'5105',833,,5994,23,,,0,100,,5991,23,,,0,98,,5992,23,,,0,111,,5989,23,,,0,104,,5993,23,,,0,107,,5990,23,,,0,89,,5996,23,,,0,164,,5997,23,,,0,94,,5995,23,,,0,102,,6000,23,,,0,104,,5998,23,,,0,105,,6001,23,,,0,105,,5999,23,,,0
2501,'4327',1045,,6021,22,,,0,268,,6022,22,,,0,291,,6023,22,,,0,229,,6024,22,,,0
2501,'4795',733,,2137,22,,,0,94,,2138,22,,,0,91,,2139,22,,,0,134,,2140,22,,,0,171,,2142,22,,,0,177,,2141,22,,,0,112,,2143,22,,,0,100,,2144,22,,,0,95,,2145,22,,,0,51,,2146,22,,,0
2501,'4800',1001,,2148,22,,,0,132,,2149,22,,,0,173,,2147,22,,,0,141,,2151,22,,,0,391,,2150,22,,,0
2501,'5102',733,,6025,22,,,0,94,,6026,22,,,0,91,,6027,22,,,0,134,,6028,22,,,0,171,,6030,22,,,0,177,,6029,22,,,0,112,,6031,22,,,0,100,,6032,22,,,0,95,,6033,22,,,0,51,,6034,22,,,0
2501,'5105',1001,,6036,22,,,0,132,,6037,22,,,0,173,,6035,22,,,0,141,,6039,22,,,0,391,,6038,22,,,0
2601,'4327',725,,6073,17,,,0,76,,6072,17,,,0,324,,6074,17,,,0,231,,6075,17,,,0,288,,6076,17,,,0,303,,6077,17,,,0
2601,'4795',620,,2191,17,,,0,38,,2190,17,,,0,75,,2192,17,,,0,80,,2194,17,,,0,39,,2193,17,,,0,156,,2195,17,,,0,126,,2196,17,,,0,174,,2197,17,,,0,137,,2198,17,,,0,78,,2200,17,,,0,35,,2201,17,,,0,78,,2199,17,,,0,75,,2202,17,,,0,41,,2203,17,,,0,72,,2204,17,,,0,108,,2205,17,,,0,174,,2206,17,,,0
2601,'4800',746,,2207,17,,,0,100,,2208,17,,,0,195,,2211,17,,,0,174,,2213,17,,,0,132,,2212,17,,,0,172,,2210,17,,,0,91,,2209,17,,,0,124,,2214,17,,,0,198,,2216,17,,,0,70,,2215,17,,,0,134,,2217,17,,,0
2601,'5102',620,,6078,17,,,0,38,,6079,17,,,0,75,,6080,17,,,0,80,,6082,17,,,0,39,,6081,17,,,0,156,,6083,17,,,0,126,,6084,17,,,0,174,,6085,17,,,0,137,,6086,17,,,0,78,,6088,17,,,0,35,,6089,17,,,0,78,,6087,17,,,0,75,,6090,17,,,0,41,,6091,17,,,0,72,,6092,17,,,0,108,,6093,17,,,0,174,,6094,17,,,0
2601,'5105',746,,6095,17,,,0,100,,6096,17,,,0,195,,6099,17,,,0,174,,6101,17,,,0,132,,6100,17,,,0,172,,6098,17,,,0,91,,6097,17,,,0,124,,6102,17,,,0,198,,6104,17,,,0,70,,6103,17,,,0,134,,6105,17,,,0
