800,'4327',613,,4408,8,,,0,33,,4409,24,,,0,75,,4410,24,,,0,35,,4411,24,,,0,76,,4412,24,,,0,78,,4414,24,,,0,35,,4415,24,,,0,70,,4416,24,,,0,30,,4413,24,,,0,72,,4418,24,,,0,30,,4419,24,,,0,70,,4420,24,,,0,30,,4417,24,,,0,70,,4421,24,,,0,30,,4422,24,,,0,70,,4423,24,,,0,30,,4426,24,,,0,70,,4433,24,,,0,30,,4427,24,,,0,70,,4434,24,,,0,30,,4424,24,,,0,69,,4425,24,,,0,29,,4428,24,,,0,69,,4435,24,,,0,30,,4429,24,,,0,69,,4430,24,,,0,30,,4431,24,,,0,70,,4432,24,,,0,45,,4436,24,,,0,83,,4437,24,,,0,84,,4438,24,,,0,84,,4439,24,,,0,45,,4440,24,,,0
800,'4795',613,,2810,24,,,0,20,,2811,24,,,0,16,,2812,8,,,0,51,,2813,24,,,0,11,,2814,8,,,0,12,,2815,24,,,0,17,,2816,24,,,0,15,,2817,24,,,0,56,,2818,24,,,0,15,,2819,24,,,0,16,,2820,24,,,0,15,,2821,24,,,0,54,,2822,24,,,0,7,,585,24,,,0,8,,2823,24,,,0,15,,2824,24,,,0,15,,2825,24,,,0,55,,2826,24,,,0,15,,2827,24,,,0,15,,2828,24,,,0,15,,2829,24,,,0,56,,2830,24,,,0,15,,2831,24,,,0,15,,2832,24,,,0,15,,2833,24,,,0,55,,2834,24,,,0,15,,2835,24,,,0,15,,2836,24,,,0,15,,2837,24,,,0,55,,2838,24,,,0,15,,2839,24,,,0,15,,2840,24,,,0,15,,2841,24,,,0,56,,2842,24,,,0,16,,2843,24,,,0,15,,2844,24,,,0,15,,2845,24,,,0,56,,2846,24,,,0,16,,2847,24,,,0,17,,2848,24,,,0,55,,561,24,,,0,1,,2849,24,,,0,16,,2850,24,,,0,16,,2851,24,,,0,11,,565,24,,,0,4,,2852,24,,,0,55,,2853,24,,,0,14,,2854,24,,,0,16,,2855,24,,,0,14,,2856,24,,,0,56,,2857,24,,,0,15,,2858,24,,,0,14,,2859,24,,,0,16,,2860,24,,,0,56,,2861,24,,,0,18,,2862,24,,,0,20,,2863,24,,,0,61,,2864,24,,,0,23,,2865,24,,,0,25,,2866,24,,,0,64,,2867,24,,,0,24,,2868,24,,,0,65,,2869,24,,,0,43,,2870,24,,,0,85,,2808,24,,,0,83,,2807,24,,,0,85,,2809,24,,,0
800,'4800',613,,2904,8,,,0,36,,2886,24,,,0,76,,2895,24,,,0,75,,2903,24,,,0,36,,2885,24,,,0,75,,2896,24,,,0,36,,2902,24,,,0,70,,2871,24,,,0,29,,2882,24,,,0,66,,2888,24,,,0,25,,2898,24,,,0,20,,622,24,,,0,60,,2876,24,,,0,20,,2884,24,,,0,20,,2905,24,,,0,60,,2889,24,,,0,20,,2901,24,,,0,20,,625,24,,,0,60,,2873,24,,,0,20,,2881,24,,,0,20,,2906,24,,,0,60,,2890,24,,,0,20,,2897,24,,,0,20,,626,24,,,0,60,,2874,24,,,0,20,,2883,24,,,0,20,,2908,24,,,0,59,,2891,24,,,0,20,,2900,24,,,0,20,,628,24,,,0,60,,2875,24,,,0,19,,2879,24,,,0,18,,2907,24,,,0,60,,2887,24,,,0,30,,2899,24,,,0,70,,2878,24,,,0,45,,2893,24,,,0,84,,2880,24,,,0,83,,2894,24,,,0,85,,2877,24,,,0,44,,2892,24,,,0,83,,2872,24,,,0,80,,611,24,,,0
800,'5102',613,,4444,24,,,0,20,,4446,24,,,0,16,,4447,8,,,0,51,,4448,24,,,0,11,,4445,8,,,0,12,,4449,24,,,0,17,,4450,24,,,0,15,,4451,24,,,0,56,,4452,24,,,0,15,,4453,24,,,0,16,,4454,24,,,0,15,,4455,24,,,0,54,,4456,24,,,0,7,,4507,24,,,0,8,,4458,24,,,0,15,,4459,24,,,0,15,,4460,24,,,0,55,,4457,24,,,0,15,,4461,24,,,0,15,,4463,24,,,0,15,,4464,24,,,0,56,,4465,24,,,0,15,,4462,24,,,0,15,,4466,24,,,0,15,,4467,24,,,0,55,,4468,24,,,0,15,,4469,24,,,0,15,,4470,24,,,0,15,,4471,24,,,0,55,,4472,24,,,0,15,,4473,24,,,0,15,,4474,24,,,0,15,,4475,24,,,0,56,,4477,24,,,0,16,,4478,24,,,0,15,,4479,24,,,0,15,,4476,24,,,0,56,,4480,24,,,0,16,,4481,24,,,0,17,,4482,24,,,0,55,,4483,24,,,0,1,,4484,24,,,0,16,,4485,24,,,0,8,,4508,24,,,0,8,,4486,24,,,0,11,,4487,24,,,0,4,,4488,24,,,0,55,,4489,24,,,0,14,,4490,24,,,0,16,,4491,24,,,0,14,,4492,24,,,0,56,,4493,24,,,0,15,,4495,24,,,0,14,,4496,24,,,0,16,,4497,24,,,0,56,,4494,24,,,0,18,,4498,24,,,0,20,,4500,24,,,0,61,,4501,24,,,0,23,,4499,24,,,0,25,,4502,24,,,0,64,,4503,24,,,0,24,,4504,24,,,0,65,,4505,24,,,0,43,,4506,24,,,0,85,,4442,24,,,0,83,,4441,24,,,0,85,,4443,24,,,0
800,'5105',613,,4543,8,,,0,36,,4524,24,,,0,76,,4533,24,,,0,75,,4542,24,,,0,36,,4523,24,,,0,75,,4535,24,,,0,36,,4541,24,,,0,70,,4509,24,,,0,29,,4520,24,,,0,66,,4526,24,,,0,25,,4537,24,,,0,20,,4545,24,,,0,60,,4514,24,,,0,20,,4522,24,,,0,20,,4544,24,,,0,60,,4527,24,,,0,20,,4540,24,,,0,20,,4548,24,,,0,60,,4511,24,,,0,20,,4519,24,,,0,20,,4546,24,,,0,60,,4528,24,,,0,20,,4536,24,,,0,20,,4549,24,,,0,60,,4512,24,,,0,20,,4521,24,,,0,20,,4550,24,,,0,59,,4529,24,,,0,20,,4539,24,,,0,20,,4551,24,,,0,60,,4513,24,,,0,19,,4517,24,,,0,18,,4547,24,,,0,60,,4525,24,,,0,30,,4538,24,,,0,70,,4516,24,,,0,45,,4531,24,,,0,84,,4518,24,,,0,83,,4532,24,,,0,85,,4515,24,,,0,44,,4530,24,,,0,83,,4510,24,,,0,80,,4534,24,,,0
9800,'4327',914,,6407,8,,,0,86,,6415,8,,,0,47,,6406,8,,,0,85,,6408,8,,,0,85,,6405,8,,,0,85,,6410,8,,,0,45,,6404,8,,,0,85,,6409,8,,,0,85,,6402,8,,,0,85,,6411,8,,,0,45,,6403,8,,,0,85,,6412,8,,,0,170,,6413,8,,,0,128,,6414,8,,,0
9800,'4795',645,,2670,8,,,0,60,,2666,8,,,0,20,,2669,8,,,0,22,,2668,8,,,0,61,,2680,8,,,0,21,,2657,8,,,0,21,,2660,8,,,0,61,,2655,8,,,0,42,,2648,8,,,0,83,,2671,8,,,0,84,,2675,8,,,0,83,,2656,8,,,0,45,,2658,8,,,0,85,,2677,8,,,0,86,,2649,8,,,0,88,,2659,8,,,0,20,,2673,8,,,0,20,,2678,8,,,0,60,,2665,8,,,0,20,,2652,8,,,0,20,,2663,8,,,0,60,,2661,8,,,0,17,,2654,8,,,0,19,,2650,8,,,0,60,,2651,8,,,0,20,,2672,8,,,0,28,,2679,8,,,0,80,,2664,8,,,0,80,,2676,8,,,0,40,,2674,8,,,0,79,,2647,8,,,0,80,,2667,8,,,0,40,,2653,8,,,0,79,,2662,8,,,0
9800,'4800',914,,2685,8,,,0,86,,2694,8,,,0,49,,2686,8,,,0,85,,2689,8,,,0,85,,2683,8,,,0,85,,2688,8,,,0,45,,2684,8,,,0,85,,2691,8,,,0,85,,2681,8,,,0,84,,2690,8,,,0,45,,2682,8,,,0,85,,2687,8,,,0,169,,2692,8,,,0,130,,2693,8,,,0
9800,'5102',645,,6437,8,,,0,60,,6433,8,,,0,20,,6440,8,,,0,22,,6435,8,,,0,61,,6441,8,,,0,21,,6439,8,,,0,82,,6434,8,,,0,42,,6438,8,,,0,83,,6436,8,,,0,84,,6432,8,,,0,83,,6419,8,,,0,45,,6420,8,,,0,85,,6426,8,,,0,86,,6416,8,,,0,88,,6431,8,,,0,20,,6443,8,,,0,20,,6442,8,,,0,60,,6430,8,,,0,20,,6445,8,,,0,20,,6428,8,,,0,60,,6444,8,,,0,32,,6427,8,,,0,82,,6429,8,,,0,88,,6422,8,,,0,50,,6425,8,,,0,86,,6424,8,,,0,85,,6417,8,,,0,80,,6423,8,,,0,40,,6418,8,,,0,79,,6421,8,,,0
9800,'5105',914,,6450,8,,,0,86,,6459,8,,,0,49,,6451,8,,,0,85,,6454,8,,,0,85,,6448,8,,,0,85,,6453,8,,,0,45,,6449,8,,,0,85,,6456,8,,,0,85,,6446,8,,,0,84,,6455,8,,,0,45,,6447,8,,,0,85,,6452,8,,,0,169,,6457,8,,,0,130,,6458,8,,,0
