'3328',800,62900,4,'',0,7600,4,'',0,3600,4,'',0,7500,4,'',0,3600,4,'',0,7500,4,'',0,7700,4,'',0,9900,4,'',0,2600,4,'',0,2600,4,'',0,6000,4,'',0,4000,4,'',0,6000,4,'',0,2000,4,'',0,2000,4,'',0,6000,4,'',0,4000,4,'',0,6000,4,'',0,2000,4,'',0,2000,4,'',0,6000,4,'',0,4000,4,'',0,6000,4,'',0,1900,4,'',0,2000,4,'',0,6000,4,'',0,3900,4,'',0,5700,4,'',0,2000,4,'',0,7000,4,'',0,11400,4,'',0,12600,4,'',0,16800,4,'',0,12300,4,'',0
'3328',801,64500,,'',0,7500,,'',0,3500,,'',0,7500,,'',0,7500,,'',0,3500,,'',0,7500,,'',0,10000,,'',0,2500,,'',0,6500,,'',0,2500,,'',0,8000,,'',0,2000,,'',0,2000,,'',0,6000,,'',0,2000,,'',0,8000,,'',0,2000,,'',0,2000,,'',0,6000,,'',0,2000,,'',0,8000,,'',0,2000,,'',0,2000,,'',0,6000,,'',0,2000,,'',0,9000,,'',0,3000,,'',0,17000,,'',0,13000,,'',0,17000,,'',0
'3606',800,63400,4,'',0,2000,4,'',0,8400,4,'',0,1900,4,'',0,5800,4,'',0,1300,4,'',0,1200,4,'',0,1300,4,'',0,6400,4,'',0,1200,4,'',0,1500,4,'',0,1500,4,'',0,5800,4,'',0,1800,4,'',0,1800,4,'',0,5800,4,'',0,1900,4,'',0,1800,4,'',0,5800,4,'',0,1800,4,'',0,1800,4,'',0,5800,4,'',0,1900,4,'',0,900,4,'',0,900,4,'',0,1800,4,'',0,5800,4,'',0,1900,4,'',0,1500,4,'',0,5300,4,'',0,1700,4,'',0,1700,4,'',0,1400,4,'',0,5500,4,'',0,1400,4,'',0,1300,4,'',0,1400,4,'',0,1400,4,'',0,5200,4,'',0,1300,4,'',0,1300,4,'',0,1200,4,'',0,5300,4,'',0,1300,4,'',0,1500,4,'',0,1300,4,'',0,5900,4,'',0,2000,4,'',0,2000,4,'',0,6000,4,'',0,2100,4,'',0,2300,4,'',0,6500,4,'',0,2400,4,'',0,2400,4,'',0,6500,4,'',0,8200,4,'',0,4400,4,'',0,8200,4,'',0,8500,4,'',0
'3606',801,55500,,'',0,8500,,'',0,6000,,'',0,1200,,'',0,2400,,'',0,1200,,'',0,5200,,'',0,1200,,'',0,1200,,'',0,1200,,'',0,1200,,'',0,5200,,'',0,3000,,'',0,1800,,'',0,5800,,'',0,1800,,'',0,1800,,'',0,5800,,'',0,1800,,'',0,1900,,'',0,1800,,'',0,5800,,'',0,1800,,'',0,1800,,'',0,5800,,'',0,1900,,'',0,1600,,'',0,1500,,'',0,5500,,'',0,1500,,'',0,1500,,'',0,1500,,'',0,5500,,'',0,1500,,'',0,1500,,'',0,1400,,'',0,5400,,'',0,1400,,'',0,1400,,'',0,1400,,'',0,5400,,'',0,1400,,'',0,1400,,'',0,1400,,'',0,5400,,'',0,1500,,'',0,1500,,'',0,2000,,'',0,6500,,'',0,2500,,'',0,6500,,'',0,2500,,'',0,2500,,'',0,6500,,'',0,2500,,'',0,8500,,'',0,8500,,'',0,8500,,'',0,4500,,'',0
'3921',800,62900,4,'',0,7300,4,'',0,3500,4,'',0,7500,4,'',0,3600,4,'',0,7800,4,'',0,7500,4,'',0,3100,4,'',0,7000,4,'',0,3200,4,'',0,7000,4,'',0,3000,4,'',0,7100,4,'',0,3000,4,'',0,7000,4,'',0,3000,4,'',0,7000,4,'',0,3000,4,'',0,7000,4,'',0,3000,4,'',0,7000,4,'',0,2900,4,'',0,6900,4,'',0,2900,4,'',0,7000,4,'',0,2800,4,'',0,2900,4,'',0,6900,4,'',0,8500,4,'',0,4300,4,'',0,8400,4,'',0,8400,4,'',0,8500,4,'',0
'3921',801,64500,,'',0,7500,,'',0,3500,,'',0,7500,,'',0,7500,,'',0,3500,,'',0,7500,,'',0,3500,,'',0,7000,,'',0,3000,,'',0,7000,,'',0,3000,,'',0,7000,,'',0,3000,,'',0,7000,,'',0,3000,,'',0,7000,,'',0,3000,,'',0,7000,,'',0,3000,,'',0,7000,,'',0,3000,,'',0,7000,,'',0,3000,,'',0,7000,,'',0,3000,,'',0,8500,,'',0,8500,,'',0,8500,,'',0,4500,,'',0,8500,,'',0
'4386',800,71600,4,'',0,18900,4,'',0
'4386',801,72400,,'',0,19000,,'',0
'4387',800,71600,4,'',0,18900,4,'',0
'4387',801,72400,,'',0,19000,,'',0
'4388',800,103400,4,'',0,20100,4,'',0,20000,4,'',0,20000,4,'',0,19900,4,'',0,19500,4,'',0,12900,4,'',0,16700,4,'',0,12600,4,'',0
'4388',801,104500,,'',0,20500,,'',0,20000,,'',0,20000,,'',0,20000,,'',0,18500,,'',0,17000,,'',0,13000,,'',0
