1400,'4327',814,,5121,1,,,0,102,,5122,1,,,0,100,,5120,1,,,0,100,,5117,1,,,0,100,,5119,1,,,0,100,,5123,1,,,0,100,,5118,1,,,0,100,,5129,1,,,0,100,,5130,1,,,0,100,,5126,1,,,0,98,,5127,1,,,0,100,,5125,1,,,0,100,,5128,1,,,0,100,,5124,1,,,0
1400,'4795',650,,1247,1,,,0,70,,3353,1,,,0,30,,1250,1,,,0,72,,3352,1,,,0,30,,1249,1,,,0,70,,3363,1,,,0,100,,3364,1,,,0,100,,3365,1,,,0,100,,3366,1,,,0,100,,3357,1,,,0,100,,3358,1,,,0,100,,3354,1,,,0,30,,1251,1,,,0,70,,3355,1,,,0,30,,1254,1,,,0,70,,3356,1,,,0,30,,1262,1,,,0,68,,3362,1,,,0,100,,3361,1,,,0,100,,3360,1,,,0,100,,3359,1,,,0
1400,'4800',814,,3379,1,,,0,102,,3380,1,,,0,100,,3376,1,,,0,100,,3377,1,,,0,100,,3375,1,,,0,100,,3378,1,,,0,100,,3374,1,,,0,100,,3367,1,,,0,100,,3368,1,,,0,100,,3370,1,,,0,98,,3371,1,,,0,100,,3369,1,,,0,100,,3372,1,,,0,100,,3373,1,,,0
1400,'5102',650,,5133,1,,,0,70,,5134,1,,,0,30,,5135,1,,,0,72,,5131,1,,,0,30,,5132,1,,,0,70,,5149,1,,,0,100,,5148,1,,,0,100,,5150,1,,,0,100,,5151,1,,,0,100,,5141,1,,,0,100,,5142,1,,,0,100,,5137,1,,,0,30,,5136,1,,,0,70,,5138,1,,,0,30,,5139,1,,,0,70,,5140,1,,,0,30,,5147,1,,,0,68,,5146,1,,,0,100,,5145,1,,,0,100,,5144,1,,,0,100,,5143,1,,,0
1400,'5105',814,,5164,1,,,0,102,,5165,1,,,0,100,,5161,1,,,0,100,,5162,1,,,0,100,,5160,1,,,0,100,,5163,1,,,0,100,,5159,1,,,0,100,,5152,1,,,0,100,,5153,1,,,0,100,,5155,1,,,0,98,,5156,1,,,0,100,,5154,1,,,0,100,,5157,1,,,0,100,,5158,1,,,0
1401,'4327',814,,5166,17,4,,0,102,,5169,17,4,,0,100,,5168,17,4,,0,100,,5171,17,4,,0,100,,5172,17,4,,0,100,,5170,17,4,,0,100,,5167,17,4,,0,100,,5175,17,4,,0,100,,5176,17,4,,0,100,,5173,17,4,,0,98,,5178,17,4,,0,100,,5179,17,4,,0,100,,5177,17,4,,0,100,,5174,17,4,,0
1401,'4795',650,,1296,17,4,,0,70,,3396,17,4,,0,30,,1299,17,4,,0,72,,3395,17,4,,0,30,,1297,17,4,,0,70,,3401,17,4,,0,100,,3402,17,4,,0,100,,3403,17,4,,0,100,,3404,17,4,,0,100,,3405,17,4,,0,100,,3406,17,4,,0,100,,3398,17,4,,0,30,,1303,17,4,,0,70,,3397,17,4,,0,30,,1302,17,4,,0,70,,3399,17,4,,0,30,,1312,17,4,,0,68,,3407,17,4,,0,100,,3408,17,4,,0,100,,3409,17,4,,0,100,,3400,17,4,,0
1401,'4800',814,,3418,17,4,,0,102,,3420,17,4,,0,100,,3419,17,4,,0,100,,3422,17,4,,0,100,,3423,17,4,,0,100,,3421,17,4,,0,100,,3417,17,4,,0,100,,3411,17,4,,0,100,,3412,17,4,,0,100,,3413,17,4,,0,98,,3410,17,4,,0,100,,3415,17,4,,0,100,,3414,17,4,,0,100,,3416,17,4,,0
1401,'5102',650,,5181,17,4,,0,70,,5183,17,4,,0,30,,5184,17,4,,0,72,,5180,17,4,,0,30,,5182,17,4,,0,70,,5191,17,4,,0,100,,5192,17,4,,0,100,,5193,17,4,,0,100,,5194,17,4,,0,100,,5195,17,4,,0,100,,5196,17,4,,0,100,,5186,17,4,,0,30,,5189,17,4,,0,70,,5185,17,4,,0,30,,5187,17,4,,0,70,,5188,17,4,,0,30,,5197,17,4,,0,68,,5198,17,4,,0,100,,5199,17,4,,0,100,,5200,17,4,,0,100,,5190,17,4,,0
1401,'5105',814,,5209,17,4,,0,102,,5211,17,4,,0,100,,5210,17,4,,0,100,,5213,17,4,,0,100,,5214,17,4,,0,100,,5212,17,4,,0,100,,5208,17,4,,0,100,,5202,17,4,,0,100,,5203,17,4,,0,100,,5204,17,4,,0,98,,5201,17,4,,0,100,,5206,17,4,,0,100,,5205,17,4,,0,100,,5207,17,4,,0
