500,'4327',816,,4213,15,,,0,101,,4210,15,,,0,100,,4207,15,,,0,100,,4209,15,,,0,100,,4203,15,,,0,100,,4212,15,,,0,100,,4211,15,,,0,100,,4206,15,,,0,100,,4205,15,,,0,99,,4200,15,,,0,100,,4201,15,,,0,99,,4204,15,,,0,100,,4202,15,,,0,99,,4208,15,,,0
500,'4795',628,,303,15,,,0,30,,308,15,,,0,72,,306,15,,,0,71,,307,15,,,0,31,,305,15,,,0,15,,2764,15,,,0,55,,301,15,,,0,28,,309,15,,,0,70,,302,15,,,0,30,,299,15,,,0,101,,312,15,,,0,100,,300,15,,,0,100,,286,15,,,0,100,,310,15,,,0,72,,294,15,,,0,32,,298,15,,,0,15,,287,15,,,0,55,,289,15,,,0,26,,304,15,,,0,70,,288,15,,,0,30,,311,15,,,0,28,,292,15,,,0,99,,295,15,,,0,100,,290,15,,,0,99,,297,15,,,0,99,,296,15,,,0,100,,293,15,,,0,100,,291,15,,,0
500,'4800',800,,314,15,,,0,30,,315,15,,,0,71,,316,15,,,0,30,,317,15,,,0,70,,318,15,,,0,30,,319,15,,,0,70,,320,15,,,0,30,,321,15,,,0,70,,322,15,,,0,30,,323,15,,,0,70,,324,15,,,0,30,,325,15,,,0,70,,326,15,,,0,30,,327,15,,,0,70,,328,15,,,0,30,,329,15,,,0,70,,330,15,,,0,30,,331,15,,,0,70,,332,15,,,0,30,,333,15,,,0,69,,334,15,,,0,49,,335,15,,,0,100,,336,15,,,0,99,,337,15,,,0,100,,338,15,,,0
500,'5102',628,,4230,15,,,0,30,,4236,15,,,0,72,,4234,15,,,0,71,,4235,15,,,0,31,,4233,15,,,0,15,,4241,15,,,0,55,,4229,15,,,0,28,,4237,15,,,0,70,,4231,15,,,0,30,,4227,15,,,0,101,,4240,15,,,0,100,,4228,15,,,0,100,,4214,15,,,0,100,,4238,15,,,0,72,,4220,15,,,0,32,,4226,15,,,0,9,,4242,10,,,0,6,,4215,15,,,0,55,,4217,15,,,0,26,,4232,15,,,0,70,,4216,15,,,0,30,,4239,15,,,0,28,,4221,15,,,0,99,,4223,15,,,0,100,,4218,15,,,0,99,,4225,15,,,0,99,,4224,15,,,0,100,,4222,15,,,0,100,,4219,15,,,0
500,'5105',800,,4243,15,,,0,30,,4244,15,,,0,71,,4245,15,,,0,30,,4246,15,,,0,70,,4247,15,,,0,30,,4248,15,,,0,70,,4249,15,,,0,30,,4250,15,,,0,70,,4251,15,,,0,30,,4252,15,,,0,70,,4253,15,,,0,30,,4254,15,,,0,70,,4255,15,,,0,30,,4256,15,,,0,70,,4257,15,,,0,30,,4258,15,,,0,70,,4259,15,,,0,30,,4260,15,,,0,70,,4261,15,,,0,30,,4262,15,,,0,69,,4263,15,,,0,49,,4264,15,,,0,100,,4265,15,,,0,99,,4266,15,,,0,100,,4267,15,,,0
600,'4327',859,,4337,20,,,0,160,,4338,20,,,0,120,,4339,20,,,0,120,,4341,20,,,0,160,,4343,20,,,0,120,,4344,20,,,0,120,,4340,20,,,0,160,,4342,20,,,0
600,'4795',710,,417,20,,,0,35,,2765,20,,,0,75,,416,20,,,0,35,,2766,20,,,0,75,,424,20,,,0,110,,425,20,,,0,110,,426,20,,,0,150,,422,20,,,0,112,,423,20,,,0,35,,430,20,,,0,75,,421,20,,,0,35,,429,20,,,0,75,,420,20,,,0,75,,432,20,,,0,35,,419,20,,,0,73,,433,20,,,0,35,,418,20,,,0,150,,434,20,,,0,110,,431,20,,,0,113,,435,20,,,0
600,'4800',822,,445,20,,,0,100,,437,20,,,0,100,,2767,20,,,0,100,,439,20,,,0,100,,441,20,,,0,100,,438,20,,,0,100,,442,20,,,0,100,,443,20,,,0,100,,440,20,,,0,100,,2768,20,,,0
600,'5102',710,,4346,20,,,0,110,,4345,20,,,0,110,,4354,20,,,0,110,,4355,20,,,0,110,,4353,20,,,0,150,,4352,20,,,0,112,,4351,20,,,0,35,,4357,20,,,0,75,,4350,20,,,0,35,,4356,20,,,0,75,,4349,20,,,0,75,,4359,20,,,0,35,,4348,20,,,0,73,,4360,20,,,0,35,,4347,20,,,0,150,,4361,20,,,0,110,,4358,20,,,0
600,'5105',822,,4371,20,,,0,100,,4363,20,,,0,100,,4362,20,,,0,100,,4365,20,,,0,100,,4367,20,,,0,100,,4364,20,,,0,100,,4368,20,,,0,100,,4369,20,,,0,100,,4366,20,,,0,100,,4370,20,,,0
1801,'4327',825,,5332,14,,,0,115,,5333,14,,,0,160,,5330,14,,,0,115,,5331,14,,,0,120,,5329,14,,,0,115,,5328,14,,,0,160,,5334,14,,,0,115,,5335,14,,,0,120,,5336,14,,,0,155,,5337,14,,,0,115,,5338,14,,,0,115,,5339,14,,,0
1801,'4795',637,,3434,14,,,0,108,,1474,14,,,0,66,,1454,14,,,0,26,,1475,14,,,0,69,,1455,14,,,0,28,,1478,14,,,0,67,,1457,14,,,0,40,,1456,14,,,0,80,,1461,14,,,0,80,,1462,14,,,0,40,,1464,14,,,0,80,,1463,14,,,0,80,,1458,14,,,0,40,,1459,14,,,0,68,,1477,14,,,0,28,,1460,14,,,0,68,,1476,14,,,0,28,,1473,14,,,0,70,,1479,14,,,0,27,,1467,14,,,0,70,,1480,14,,,0,28,,1466,14,,,0,95,,1470,14,,,0,77,,1469,14,,,0,40,,1468,14,,,0,160,,1471,14,,,0,109,,1465,14,,,0
1801,'4800',756,,3437,14,,,0,102,,1487,14,,,0,100,,1488,14,,,0,100,,3441,14,,,0,100,,1492,14,,,0,100,,1489,14,,,0,100,,1490,14,,,0,100,,1493,14,,,0,100,,1494,14,,,0,100,,1495,14,,,0,100,,3442,14,,,0,167,,3438,14,,,0,115,,3440,14,,,0,115,,3436,14,,,0,155,,3439,14,,,0,115,,3435,14,,,0
1801,'5102',637,,5358,14,,,0,108,,5360,14,,,0,66,,5340,14,,,0,26,,5361,14,,,0,69,,5341,14,,,0,28,,5364,14,,,0,67,,5343,14,,,0,40,,5342,14,,,0,80,,5347,14,,,0,80,,5348,14,,,0,40,,5350,14,,,0,80,,5349,14,,,0,80,,5345,14,,,0,40,,5346,14,,,0,68,,5363,14,,,0,28,,5344,14,,,0,68,,5362,14,,,0,28,,5359,14,,,0,70,,5365,14,,,0,27,,5353,14,,,0,70,,5366,14,,,0,28,,5352,14,,,0,95,,5356,14,,,0,77,,5355,14,,,0,40,,5354,14,,,0,160,,5357,14,,,0,109,,5351,14,,,0
1801,'5105',756,,5369,14,,,0,102,,5373,14,,,0,100,,5374,14,,,0,100,,5377,14,,,0,100,,5378,14,,,0,100,,5375,14,,,0,100,,5376,14,,,0,100,,5379,14,,,0,100,,5380,14,,,0,100,,5381,14,,,0,100,,5382,14,,,0,167,,5370,14,,,0,115,,5372,14,,,0,115,,5368,14,,,0,155,,5371,14,,,0,115,,5367,14,,,0
