600,'4327',850,,4337,11,,,0,160,,4338,11,,,0,120,,4339,11,,,0,120,,4341,11,,,0,160,,4343,11,,,0,120,,4344,11,,,0,120,,4340,11,,,0,160,,4342,11,,,0
600,'4795',700,,417,11,,,0,35,,2765,11,,,0,75,,416,11,,,0,35,,2766,11,,,0,75,,424,11,,,0,110,,425,11,,,0,110,,426,11,,,0,110,,422,11,,,0,151,,423,11,,,0,35,,430,11,,,0,75,,421,11,,,0,35,,429,11,,,0,75,,420,11,,,0,35,,432,11,,,0,75,,419,11,,,0,74,,433,11,,,0,35,,418,11,,,0,110,,434,11,,,0,150,,431,11,,,0,114,,435,11,,,0
600,'4800',813,,445,11,,,0,100,,437,11,,,0,100,,2767,11,,,0,100,,439,11,,,0,100,,441,11,,,0,100,,438,11,,,0,100,,442,11,,,0,100,,443,11,,,0,100,,440,11,,,0,100,,2768,11,,,0
600,'5102',700,,4346,11,,,0,110,,4345,11,,,0,110,,4354,11,,,0,110,,4355,11,,,0,110,,4353,11,,,0,110,,4352,11,,,0,151,,4351,11,,,0,35,,4357,11,,,0,75,,4350,11,,,0,35,,4356,11,,,0,75,,4349,11,,,0,35,,4359,11,,,0,75,,4348,11,,,0,74,,4360,11,,,0,35,,4347,11,,,0,110,,4361,11,,,0,150,,4358,11,,,0
600,'5105',813,,4371,11,,,0,100,,4363,11,,,0,100,,4362,11,,,0,100,,4365,11,,,0,100,,4367,11,,,0,100,,4364,11,,,0,100,,4368,11,,,0,100,,4369,11,,,0,100,,4366,11,,,0,100,,4370,11,,,0
1801,'4327',816,,5332,5,,,0,115,,5333,5,,,0,120,,5330,5,,,0,155,,5331,5,,,0,120,,5329,5,,,0,115,,5328,5,,,0,160,,5334,5,,,0,115,,5335,5,,,0,120,,5336,5,,,0,115,,5337,5,,,0,155,,5338,5,,,0,115,,5339,5,,,0
1801,'4795',628,,3434,5,,,0,108,,1474,5,,,0,66,,1454,5,,,0,26,,1475,5,,,0,29,,1455,5,,,0,68,,1478,5,,,0,27,,1457,5,,,0,80,,1456,5,,,0,80,,1461,5,,,0,40,,1462,5,,,0,80,,1464,5,,,0,80,,1463,5,,,0,40,,1458,5,,,0,80,,1459,5,,,0,68,,1477,5,,,0,28,,1460,5,,,0,28,,1476,5,,,0,68,,1473,5,,,0,30,,1479,5,,,0,67,,1467,5,,,0,30,,1480,5,,,0,68,,1466,5,,,0,95,,1470,5,,,0,37,,1469,5,,,0,80,,1468,5,,,0,120,,1471,5,,,0,149,,1465,5,,,0
1801,'4800',747,,3437,5,,,0,102,,1487,5,,,0,100,,1488,5,,,0,100,,3441,5,,,0,100,,1492,5,,,0,100,,1489,5,,,0,100,,1490,5,,,0,100,,1493,5,,,0,100,,1494,5,,,0,100,,1495,5,,,0,100,,3442,5,,,0,167,,3438,5,,,0,115,,3440,5,,,0,115,,3436,5,,,0,155,,3439,5,,,0,115,,3435,5,,,0
1801,'5102',628,,5358,5,,,0,108,,5360,5,,,0,66,,5340,5,,,0,26,,5361,5,,,0,29,,5341,5,,,0,68,,5364,5,,,0,27,,5343,5,,,0,80,,5342,5,,,0,80,,5347,5,,,0,40,,5348,5,,,0,80,,5350,5,,,0,80,,5349,5,,,0,40,,5345,5,,,0,80,,5346,5,,,0,68,,5363,5,,,0,28,,5344,5,,,0,28,,5362,5,,,0,68,,5359,5,,,0,30,,5365,5,,,0,67,,5353,5,,,0,30,,5366,5,,,0,68,,5352,5,,,0,95,,5356,5,,,0,37,,5355,5,,,0,80,,5354,5,,,0,120,,5357,5,,,0,149,,5351,5,,,0
1801,'5105',747,,5369,5,,,0,102,,5373,5,,,0,100,,5374,5,,,0,100,,5377,5,,,0,100,,5378,5,,,0,100,,5375,5,,,0,100,,5376,5,,,0,100,,5379,5,,,0,100,,5380,5,,,0,100,,5381,5,,,0,100,,5382,5,,,0,167,,5370,5,,,0,115,,5372,5,,,0,115,,5368,5,,,0,155,,5371,5,,,0,115,,5367,5,,,0
1901,'4327',748,,5465,5,,,0,103,,5458,5,,,0,155,,5457,5,,,0,120,,5456,5,,,0,115,,5455,5,,,0,160,,5454,5,,,0,115,,5453,5,,,0,120,,5459,5,,,0,115,,5460,5,,,0,157,,5461,5,,,0,115,,5462,5,,,0,115,,5463,5,,,0,115,,5464,5,,,0
1901,'4795',723,,1611,5,,,0,20,,1607,5,,,0,60,,1608,5,,,0,20,,1606,5,,,0,19,,1587,5,,,0,60,,1602,5,,,0,21,,1585,5,,,0,35,,1586,5,,,0,75,,1583,5,,,0,75,,1588,5,,,0,35,,1589,5,,,0,75,,1590,5,,,0,35,,1594,5,,,0,75,,1591,5,,,0,75,,1592,5,,,0,36,,1595,5,,,0,20,,1580,5,,,0,60,,1593,5,,,0,20,,1579,5,,,0,20,,1598,5,,,0,60,,1581,5,,,0,20,,1599,5,,,0,20,,1582,5,,,0,60,,1597,5,,,0,19,,1584,5,,,0,20,,1601,5,,,0,75,,1605,5,,,0,75,,1603,5,,,0,34,,1596,5,,,0,75,,1600,5,,,0,35,,1604,5,,,0,63,,1610,5,,,0,115,,1609,5,,,0
1901,'4800',747,,1620,5,,,0,75,,1622,5,,,0,35,,1624,5,,,0,75,,1621,5,,,0,75,,1626,5,,,0,35,,1623,5,,,0,75,,1627,5,,,0,35,,1628,5,,,0,75,,1631,5,,,0,75,,1632,5,,,0,35,,1625,5,,,0,75,,1629,5,,,0,35,,1633,5,,,0,75,,1634,5,,,0,35,,1630,5,,,0,75,,1635,5,,,0,75,,1636,5,,,0,35,,1618,5,,,0,75,,1619,5,,,0,16,,3448,5,,,0,115,,3450,5,,,0,155,,3451,5,,,0,115,,3452,5,,,0,115,,3449,5,,,0,115,,3453,5,,,0
1901,'5102',723,,5498,5,,,0,20,,5494,5,,,0,60,,5495,5,,,0,20,,5493,5,,,0,19,,5474,5,,,0,60,,5489,5,,,0,21,,5472,5,,,0,35,,5473,5,,,0,75,,5470,5,,,0,75,,5475,5,,,0,35,,5476,5,,,0,75,,5477,5,,,0,35,,5481,5,,,0,75,,5478,5,,,0,75,,5479,5,,,0,36,,5482,5,,,0,61,,5499,5,,,0,2,,5467,5,,,0,17,,5480,5,,,0,20,,5466,5,,,0,20,,5485,5,,,0,60,,5468,5,,,0,20,,5486,5,,,0,20,,5469,5,,,0,60,,5484,5,,,0,19,,5471,5,,,0,20,,5488,5,,,0,75,,5491,5,,,0,75,,5490,5,,,0,34,,5483,5,,,0,75,,5487,5,,,0,35,,5492,5,,,0,63,,5497,5,,,0,115,,5496,5,,,0
1901,'5105',747,,5508,5,,,0,75,,5510,5,,,0,35,,5512,5,,,0,75,,5509,5,,,0,75,,5514,5,,,0,35,,5511,5,,,0,75,,5515,5,,,0,35,,5516,5,,,0,75,,5519,5,,,0,75,,5520,5,,,0,35,,5513,5,,,0,75,,5517,5,,,0,35,,5521,5,,,0,75,,5522,5,,,0,35,,5518,5,,,0,75,,5523,5,,,0,75,,5524,5,,,0,35,,5506,5,,,0,75,,5507,5,,,0,16,,5500,5,,,0,115,,5502,5,,,0,155,,5503,5,,,0,115,,5504,5,,,0,115,,5501,5,,,0,115,,5505,5,,,0
