800,'4327',615,,4408,11,,,0,33,,4409,27,,,0,75,,4410,27,,,0,35,,4411,27,,,0,76,,4412,27,,,0,77,,4414,27,,,0,35,,4415,27,,,0,71,,4416,27,,,0,30,,4413,27,,,0,72,,4418,27,,,0,30,,4419,27,,,0,70,,4420,27,,,0,30,,4417,27,,,0,70,,4421,27,,,0,30,,4422,27,,,0,70,,4423,27,,,0,30,,4426,27,,,0,70,,4433,27,,,0,30,,4427,27,,,0,70,,4434,27,,,0,30,,4424,27,,,0,69,,4425,27,,,0,29,,4428,27,,,0,69,,4435,27,,,0,30,,4429,27,,,0,69,,4430,27,,,0,29,,4431,27,,,0,70,,4432,27,,,0,45,,4436,27,,,0,84,,4437,27,,,0,84,,4438,27,,,0,84,,4439,27,,,0,45,,4440,27,,,0
800,'4795',615,,2810,27,,,0,20,,2811,27,,,0,16,,2812,11,,,0,51,,2813,27,,,0,11,,2814,11,,,0,12,,2815,27,,,0,17,,2816,27,,,0,15,,2817,27,,,0,55,,2818,27,,,0,15,,2819,27,,,0,16,,2820,27,,,0,15,,2821,27,,,0,54,,2822,27,,,0,8,,585,27,,,0,8,,2823,27,,,0,15,,2824,27,,,0,15,,2825,27,,,0,55,,2826,27,,,0,15,,2827,27,,,0,15,,2828,27,,,0,15,,2829,27,,,0,56,,2830,27,,,0,15,,2831,27,,,0,15,,2832,27,,,0,15,,2833,27,,,0,55,,2834,27,,,0,15,,2835,27,,,0,15,,2836,27,,,0,15,,2837,27,,,0,55,,2838,27,,,0,15,,2839,27,,,0,15,,2840,27,,,0,15,,2841,27,,,0,56,,2842,27,,,0,16,,2843,27,,,0,15,,2844,27,,,0,55,,2845,27,,,0,16,,2846,27,,,0,16,,2847,27,,,0,17,,2848,27,,,0,55,,561,27,,,0,1,,2849,27,,,0,16,,2850,27,,,0,16,,2851,27,,,0,11,,565,27,,,0,4,,2852,27,,,0,55,,2853,27,,,0,14,,2854,27,,,0,16,,2855,27,,,0,14,,2856,27,,,0,56,,2857,27,,,0,15,,2858,27,,,0,14,,2859,27,,,0,16,,2860,27,,,0,56,,2861,27,,,0,18,,2862,27,,,0,20,,2863,27,,,0,60,,2864,27,,,0,23,,2865,27,,,0,25,,2866,27,,,0,65,,2867,27,,,0,24,,2868,27,,,0,65,,2869,27,,,0,43,,2870,27,,,0,85,,2808,27,,,0,83,,2807,27,,,0,85,,2809,27,,,0
800,'4800',615,,2904,11,,,0,36,,2886,27,,,0,76,,2895,27,,,0,75,,2903,27,,,0,35,,2885,27,,,0,75,,2896,27,,,0,37,,2902,27,,,0,70,,2871,27,,,0,29,,2882,27,,,0,66,,2888,27,,,0,25,,2898,27,,,0,20,,622,27,,,0,60,,2876,27,,,0,20,,2884,27,,,0,20,,2905,27,,,0,60,,2889,27,,,0,20,,2901,27,,,0,20,,625,27,,,0,60,,2873,27,,,0,20,,2881,27,,,0,20,,2906,27,,,0,60,,2890,27,,,0,20,,2897,27,,,0,20,,626,27,,,0,60,,2874,27,,,0,20,,2883,27,,,0,20,,2908,27,,,0,59,,2891,27,,,0,20,,2900,27,,,0,20,,628,27,,,0,60,,2875,27,,,0,19,,2879,27,,,0,18,,2907,27,,,0,60,,2887,27,,,0,30,,2899,27,,,0,69,,2878,27,,,0,45,,2893,27,,,0,85,,2880,27,,,0,83,,2894,27,,,0,85,,2877,27,,,0,44,,2892,27,,,0,83,,2872,27,,,0,80,,611,27,,,0
800,'5102',615,,4444,27,,,0,20,,4446,27,,,0,16,,4447,11,,,0,51,,4448,27,,,0,11,,4445,11,,,0,12,,4449,27,,,0,17,,4450,27,,,0,15,,4451,27,,,0,55,,4452,27,,,0,15,,4453,27,,,0,16,,4454,27,,,0,15,,4455,27,,,0,54,,4456,27,,,0,8,,4507,27,,,0,8,,4458,27,,,0,15,,4459,27,,,0,15,,4460,27,,,0,55,,4457,27,,,0,15,,4461,27,,,0,15,,4463,27,,,0,15,,4464,27,,,0,56,,4465,27,,,0,15,,4462,27,,,0,15,,4466,27,,,0,15,,4467,27,,,0,55,,4468,27,,,0,15,,4469,27,,,0,15,,4470,27,,,0,15,,4471,27,,,0,55,,4472,27,,,0,15,,4473,27,,,0,15,,4474,27,,,0,15,,4475,27,,,0,56,,4477,27,,,0,16,,4478,27,,,0,15,,4479,27,,,0,55,,4476,27,,,0,16,,4480,27,,,0,16,,4481,27,,,0,17,,4482,27,,,0,55,,4483,27,,,0,1,,4484,27,,,0,16,,4485,27,,,0,8,,4508,27,,,0,8,,4486,27,,,0,11,,4487,27,,,0,4,,4488,27,,,0,55,,4489,27,,,0,14,,4490,27,,,0,16,,4491,27,,,0,14,,4492,27,,,0,56,,4493,27,,,0,15,,4495,27,,,0,14,,4496,27,,,0,16,,4497,27,,,0,56,,4494,27,,,0,18,,4498,27,,,0,20,,4500,27,,,0,60,,4501,27,,,0,23,,4499,27,,,0,25,,4502,27,,,0,65,,4503,27,,,0,24,,4504,27,,,0,65,,4505,27,,,0,43,,4506,27,,,0,85,,4442,27,,,0,83,,4441,27,,,0,85,,4443,27,,,0
800,'5105',615,,4543,11,,,0,36,,4524,27,,,0,76,,4533,27,,,0,75,,4542,27,,,0,35,,4523,27,,,0,75,,4535,27,,,0,37,,4541,27,,,0,70,,4509,27,,,0,29,,4520,27,,,0,66,,4526,27,,,0,25,,4537,27,,,0,20,,4545,27,,,0,60,,4514,27,,,0,20,,4522,27,,,0,20,,4544,27,,,0,60,,4527,27,,,0,20,,4540,27,,,0,20,,4548,27,,,0,60,,4511,27,,,0,20,,4519,27,,,0,20,,4546,27,,,0,60,,4528,27,,,0,20,,4536,27,,,0,20,,4549,27,,,0,60,,4512,27,,,0,20,,4521,27,,,0,20,,4550,27,,,0,59,,4529,27,,,0,20,,4539,27,,,0,20,,4551,27,,,0,60,,4513,27,,,0,19,,4517,27,,,0,18,,4547,27,,,0,60,,4525,27,,,0,30,,4538,27,,,0,69,,4516,27,,,0,45,,4531,27,,,0,85,,4518,27,,,0,83,,4532,27,,,0,85,,4515,27,,,0,44,,4530,27,,,0,83,,4510,27,,,0,80,,4534,27,,,0
1400,'4327',840,,5121,39,,,0,104,,5122,39,,,0,100,,5120,39,,,0,100,,5117,39,,,0,100,,5119,39,,,0,100,,5123,39,,,0,100,,5118,39,,,0,100,,5129,39,,,0,100,,5130,39,,,0,100,,5126,39,,,0,96,,5127,39,,,0,100,,5125,39,,,0,100,,5128,39,,,0,100,,5124,39,,,0
1400,'4795',718,,1247,39,,,0,30,,3353,39,,,0,71,,1250,39,,,0,33,,3352,39,,,0,70,,1249,39,,,0,30,,3363,39,,,0,100,,3364,39,,,0,100,,3365,39,,,0,100,,3366,39,,,0,100,,3357,39,,,0,101,,3358,39,,,0,100,,3354,39,,,0,69,,1251,39,,,0,30,,3355,39,,,0,70,,1254,39,,,0,30,,3356,39,,,0,68,,1262,39,,,0,28,,3362,39,,,0,100,,3361,39,,,0,100,,3360,39,,,0,100,,3359,39,,,0
1400,'4800',840,,3379,39,,,0,104,,3380,39,,,0,100,,3376,39,,,0,100,,3377,39,,,0,100,,3375,39,,,0,100,,3378,39,,,0,100,,3374,39,,,0,100,,3367,39,,,0,100,,3368,39,,,0,100,,3370,39,,,0,96,,3371,39,,,0,100,,3369,39,,,0,100,,3372,39,,,0,100,,3373,39,,,0
1400,'5102',718,,5133,39,,,0,30,,5134,39,,,0,71,,5135,39,,,0,33,,5131,39,,,0,70,,5132,39,,,0,30,,5149,39,,,0,100,,5148,39,,,0,100,,5150,39,,,0,100,,5151,39,,,0,100,,5141,39,,,0,101,,5142,39,,,0,100,,5137,39,,,0,69,,5136,39,,,0,30,,5138,39,,,0,70,,5139,39,,,0,30,,5140,39,,,0,68,,5147,39,,,0,28,,5146,39,,,0,100,,5145,39,,,0,100,,5144,39,,,0,100,,5143,39,,,0
1400,'5105',840,,5164,39,,,0,104,,5165,39,,,0,100,,5161,39,,,0,100,,5162,39,,,0,100,,5160,39,,,0,100,,5163,39,,,0,100,,5159,39,,,0,100,,5152,39,,,0,100,,5153,39,,,0,100,,5155,39,,,0,96,,5156,39,,,0,100,,5154,39,,,0,100,,5157,39,,,0,100,,5158,39,,,0
9800,'4327',916,,6407,9,,,0,86,,6415,9,,,0,46,,6406,9,,,0,85,,6408,9,,,0,85,,6405,9,,,0,85,,6410,9,,,0,45,,6404,9,,,0,85,,6409,9,,,0,85,,6402,9,,,0,85,,6411,9,,,0,45,,6403,9,,,0,85,,6412,9,,,0,170,,6413,9,,,0,129,,6414,9,,,0
9800,'4795',647,,2670,9,,,0,60,,2666,9,,,0,20,,2669,9,,,0,22,,2668,9,,,0,61,,2680,9,,,0,21,,2657,9,,,0,21,,2660,9,,,0,61,,2655,9,,,0,42,,2648,9,,,0,83,,2671,9,,,0,84,,2675,9,,,0,83,,2656,9,,,0,45,,2658,9,,,0,85,,2677,9,,,0,86,,2649,9,,,0,88,,2659,9,,,0,20,,2673,9,,,0,20,,2678,9,,,0,60,,2665,9,,,0,20,,2652,9,,,0,20,,2663,9,,,0,60,,2661,9,,,0,17,,2654,9,,,0,19,,2650,9,,,0,60,,2651,9,,,0,20,,2672,9,,,0,28,,2679,9,,,0,80,,2664,9,,,0,80,,2676,9,,,0,40,,2674,9,,,0,79,,2647,9,,,0,80,,2667,9,,,0,39,,2653,9,,,0,79,,2662,9,,,0
9800,'4800',916,,2685,9,,,0,86,,2694,9,,,0,48,,2686,9,,,0,85,,2689,9,,,0,85,,2683,9,,,0,85,,2688,9,,,0,45,,2684,9,,,0,85,,2691,9,,,0,85,,2681,9,,,0,84,,2690,9,,,0,45,,2682,9,,,0,85,,2687,9,,,0,170,,2692,9,,,0,130,,2693,9,,,0
9800,'5102',647,,6437,9,,,0,60,,6433,9,,,0,20,,6440,9,,,0,22,,6435,9,,,0,61,,6441,9,,,0,21,,6439,9,,,0,82,,6434,9,,,0,42,,6438,9,,,0,83,,6436,9,,,0,84,,6432,9,,,0,83,,6419,9,,,0,45,,6420,9,,,0,85,,6426,9,,,0,86,,6416,9,,,0,88,,6431,9,,,0,20,,6443,9,,,0,20,,6442,9,,,0,60,,6430,9,,,0,20,,6445,9,,,0,20,,6428,9,,,0,60,,6444,9,,,0,32,,6427,9,,,0,82,,6429,9,,,0,88,,6422,9,,,0,90,,6425,9,,,0,46,,6424,9,,,0,85,,6417,9,,,0,80,,6423,9,,,0,39,,6418,9,,,0,79,,6421,9,,,0
9800,'5105',916,,6450,9,,,0,86,,6459,9,,,0,48,,6451,9,,,0,85,,6454,9,,,0,85,,6448,9,,,0,85,,6453,9,,,0,45,,6449,9,,,0,85,,6456,9,,,0,85,,6446,9,,,0,84,,6455,9,,,0,45,,6447,9,,,0,85,,6452,9,,,0,170,,6457,9,,,0,130,,6458,9,,,0
