800,'4327',637,,4409,16,,,0,75,,4410,16,,,0,35,,4411,16,,,0,75,,4412,16,,,0,36,,4414,16,,,0,75,,4415,16,,,0,70,,4416,16,,,0,30,,4413,16,,,0,71,,4418,16,,,0,30,,4419,16,,,0,70,,4420,16,,,0,30,,4417,16,,,0,70,,4421,16,,,0,30,,4422,16,,,0,70,,4423,16,,,0,30,,4426,16,,,0,70,,4433,16,,,0,30,,4427,16,,,0,70,,4434,16,,,0,30,,4424,16,,,0,70,,4425,16,,,0,29,,4428,16,,,0,69,,4435,16,,,0,30,,4429,16,,,0,69,,4430,16,,,0,30,,4431,16,,,0,70,,4432,16,,,0,45,,4436,16,,,0,85,,4437,16,,,0,85,,4438,16,,,0,85,,4439,16,,,0,45,,4440,16,,,0
800,'4795',602,,2810,16,,,0,20,,2811,16,,,0,27,,2813,16,,,0,63,,2815,16,,,0,16,,2816,16,,,0,15,,2817,16,,,0,15,,2818,16,,,0,55,,2819,16,,,0,16,,2820,16,,,0,15,,2821,16,,,0,15,,2822,16,,,0,47,,585,16,,,0,8,,2823,16,,,0,15,,2824,16,,,0,15,,2825,16,,,0,15,,2826,16,,,0,55,,2827,16,,,0,15,,2828,16,,,0,15,,2829,16,,,0,15,,2830,16,,,0,55,,2831,16,,,0,15,,2832,16,,,0,15,,2833,16,,,0,15,,2834,16,,,0,55,,2835,16,,,0,15,,2836,16,,,0,15,,2837,16,,,0,15,,2838,16,,,0,55,,2839,16,,,0,15,,2840,16,,,0,15,,2841,16,,,0,15,,2842,16,,,0,56,,2843,16,,,0,14,,2844,16,,,0,15,,2845,16,,,0,56,,2846,16,,,0,16,,2847,16,,,0,17,,2848,16,,,0,15,,561,16,,,0,1,,2849,16,,,0,56,,2850,16,,,0,16,,2851,16,,,0,11,,565,16,,,0,4,,2852,16,,,0,15,,2853,16,,,0,55,,2854,16,,,0,16,,2855,16,,,0,15,,2856,16,,,0,16,,2857,16,,,0,55,,2858,16,,,0,15,,2859,16,,,0,16,,2860,16,,,0,16,,2861,16,,,0,58,,2862,16,,,0,20,,2863,16,,,0,21,,2864,16,,,0,63,,2865,16,,,0,25,,2866,16,,,0,65,,2867,16,,,0,24,,2868,16,,,0,25,,2869,16,,,0,85,,2870,16,,,0,85,,2808,16,,,0,85,,2807,16,,,0,45,,2809,16,,,0
800,'4800',639,,2886,16,,,0,75,,2895,16,,,0,35,,2903,16,,,0,75,,2885,16,,,0,35,,2896,16,,,0,76,,2902,16,,,0,70,,2871,16,,,0,29,,2882,16,,,0,25,,2888,16,,,0,65,,2898,16,,,0,20,,622,16,,,0,60,,2876,16,,,0,20,,2884,16,,,0,20,,2905,16,,,0,60,,2889,16,,,0,20,,2901,16,,,0,20,,625,16,,,0,60,,2873,16,,,0,20,,2881,16,,,0,20,,2906,16,,,0,60,,2890,16,,,0,20,,2897,16,,,0,20,,626,16,,,0,60,,2874,16,,,0,20,,2883,16,,,0,20,,2908,16,,,0,60,,2891,16,,,0,20,,2900,16,,,0,20,,628,16,,,0,60,,2875,16,,,0,19,,2879,16,,,0,18,,2907,16,,,0,60,,2887,16,,,0,30,,2899,16,,,0,70,,2878,16,,,0,45,,2893,16,,,0,85,,2880,16,,,0,85,,2894,16,,,0,85,,2877,16,,,0,45,,2892,16,,,0,84,,2872,16,,,0,80,,611,16,,,0
800,'5102',602,,4444,16,,,0,20,,4446,16,,,0,27,,4448,16,,,0,63,,4449,16,,,0,16,,4450,16,,,0,15,,4451,16,,,0,15,,4452,16,,,0,55,,4453,16,,,0,16,,4454,16,,,0,15,,4455,16,,,0,15,,4456,16,,,0,47,,4507,16,,,0,8,,4458,16,,,0,15,,4459,16,,,0,15,,4460,16,,,0,15,,4457,16,,,0,55,,4461,16,,,0,15,,4463,16,,,0,15,,4464,16,,,0,15,,4465,16,,,0,55,,4462,16,,,0,15,,4466,16,,,0,15,,4467,16,,,0,15,,4468,16,,,0,55,,4469,16,,,0,15,,4470,16,,,0,15,,4471,16,,,0,15,,4472,16,,,0,55,,4473,16,,,0,15,,4474,16,,,0,15,,4475,16,,,0,15,,4477,16,,,0,56,,4478,16,,,0,14,,4479,16,,,0,15,,4476,16,,,0,56,,4480,16,,,0,16,,4481,16,,,0,17,,4482,16,,,0,15,,4483,16,,,0,1,,4484,16,,,0,56,,4485,16,,,0,8,,4508,16,,,0,8,,4486,16,,,0,11,,4487,16,,,0,4,,4488,16,,,0,15,,4489,16,,,0,55,,4490,16,,,0,16,,4491,16,,,0,15,,4492,16,,,0,16,,4493,16,,,0,55,,4495,16,,,0,15,,4496,16,,,0,16,,4497,16,,,0,16,,4494,16,,,0,58,,4498,16,,,0,20,,4500,16,,,0,21,,4501,16,,,0,63,,4499,16,,,0,25,,4502,16,,,0,65,,4503,16,,,0,24,,4504,16,,,0,25,,4505,16,,,0,85,,4506,16,,,0,85,,4442,16,,,0,85,,4441,16,,,0,45,,4443,16,,,0
800,'5105',639,,4524,16,,,0,75,,4533,16,,,0,35,,4542,16,,,0,75,,4523,16,,,0,35,,4535,16,,,0,76,,4541,16,,,0,70,,4509,16,,,0,29,,4520,16,,,0,25,,4526,16,,,0,65,,4537,16,,,0,20,,4545,16,,,0,60,,4514,16,,,0,20,,4522,16,,,0,20,,4544,16,,,0,60,,4527,16,,,0,20,,4540,16,,,0,20,,4548,16,,,0,60,,4511,16,,,0,20,,4519,16,,,0,20,,4546,16,,,0,60,,4528,16,,,0,20,,4536,16,,,0,20,,4549,16,,,0,60,,4512,16,,,0,20,,4521,16,,,0,20,,4550,16,,,0,60,,4529,16,,,0,20,,4539,16,,,0,20,,4551,16,,,0,60,,4513,16,,,0,19,,4517,16,,,0,18,,4547,16,,,0,60,,4525,16,,,0,30,,4538,16,,,0,70,,4516,16,,,0,45,,4531,16,,,0,85,,4518,16,,,0,85,,4532,16,,,0,85,,4515,16,,,0,45,,4530,16,,,0,84,,4510,16,,,0,80,,4534,16,,,0
900,'4327',917,,4689,17,,,0,230,,4690,17,,,0,270,,4691,17,,,0,230,,4693,17,,,0,270,,4692,17,,,0
900,'4795',907,,771,17,,,0,225,,772,17,,,0,300,,773,17,,,0
900,'4800',917,,775,17,,,0,230,,774,17,,,0,270,,776,17,,,0,230,,778,17,,,0,270,,777,17,,,0
900,'5102',1132,,4694,17,,,0,300,,4695,17,,,0
900,'5105',917,,4697,17,,,0,230,,4696,17,,,0,270,,4698,17,,,0,230,,4700,17,,,0,270,,4699,17,,,0
1100,'4327',745,,4906,16,,,0,102,,4893,16,,,0,101,,4894,16,,,0,100,,4897,16,,,0,100,,4898,16,,,0,100,,4896,16,,,0,100,,4899,16,,,0,100,,4895,16,,,0,100,,4902,16,,,0,100,,4903,16,,,0,99,,4900,16,,,0,99,,4904,16,,,0,100,,4901,16,,,0,99,,4905,16,,,0,100,,4909,16,,,0,100,,4907,16,,,0,100,,4908,16,,,0
1100,'4795',548,,3224,16,,,0,70,,3225,16,,,0,31,,3226,16,,,0,70,,1005,16,,,0,30,,3227,16,,,0,72,,3228,16,,,0,31,,3229,16,,,0,69,,3230,16,,,0,30,,3231,16,,,0,70,,3232,16,,,0,30,,3222,16,,,0,70,,3219,16,,,0,30,,3221,16,,,0,71,,3211,16,,,0,30,,3218,16,,,0,70,,3216,16,,,0,30,,3223,16,,,0,70,,3214,16,,,0,30,,3217,16,,,0,71,,3215,16,,,0,35,,3212,16,,,0,75,,3213,16,,,0,70,,3220,16,,,0,28,,3233,16,,,0,69,,3234,16,,,0,30,,3235,16,,,0,29,,3236,16,,,0,70,,3237,16,,,0,100,,3238,16,,,0,100,,3239,16,,,0,99,,3240,16,,,0,100,,3241,16,,,0,83,,3242,16,0,5 6,0
1100,'4800',651,,3264,16,,,0,70,,3265,16,,,0,30,,3247,16,,,0,70,,3244,16,,,0,31,,3245,16,,,0,70,,3248,16,,,0,31,,3249,16,,,0,70,,3246,16,,,0,30,,3243,16,,,0,70,,3250,16,,,0,30,,3251,16,,,0,70,,3252,16,,,0,30,,3253,16,,,0,70,,3254,16,,,0,30,,3256,16,,,0,70,,3257,16,,,0,30,,3258,16,,,0,70,,3255,16,,,0,30,,3259,16,,,0,70,,3261,16,,,0,30,,3262,16,,,0,70,,3260,16,,,0,30,,3263,16,,,0,70,,3266,16,,,0,29,,3267,16,,,0,70,,3268,16,,,0,99,,3269,16,,,0,100,,3270,16,,,0,99,,3271,16,,,0,100,,3272,16,,,0,90,,3273,16,,,0
1100,'5102',548,,4924,16,,,0,70,,4925,16,,,0,31,,4922,16,,,0,70,,4926,16,,,0,30,,4927,16,,,0,72,,4928,16,,,0,31,,4929,16,,,0,69,,4930,16,,,0,30,,4931,16,,,0,70,,4932,16,,,0,30,,4921,16,,,0,70,,4918,16,,,0,30,,4920,16,,,0,71,,4910,16,,,0,30,,4917,16,,,0,70,,4915,16,,,0,30,,4923,16,,,0,70,,4913,16,,,0,30,,4916,16,,,0,71,,4914,16,,,0,35,,4911,16,,,0,75,,4912,16,,,0,70,,4919,16,,,0,28,,4933,16,,,0,69,,4935,16,,,0,30,,4936,16,,,0,29,,4937,16,,,0,70,,4934,16,,,0,100,,4938,16,,,0,100,,4939,16,,,0,99,,4940,16,,,0,100,,4941,16,,,0,83,,4942,16,0,5 6,0
1100,'5105',651,,4964,16,,,0,70,,4965,16,,,0,30,,4947,16,,,0,70,,4944,16,,,0,31,,4945,16,,,0,70,,4948,16,,,0,31,,4949,16,,,0,70,,4946,16,,,0,30,,4943,16,,,0,70,,4950,16,,,0,30,,4951,16,,,0,70,,4952,16,,,0,30,,4953,16,,,0,70,,4954,16,,,0,30,,4956,16,,,0,70,,4957,16,,,0,30,,4958,16,,,0,70,,4955,16,,,0,30,,4959,16,,,0,70,,4961,16,,,0,30,,4962,16,,,0,70,,4960,16,,,0,30,,4963,16,,,0,70,,4966,16,,,0,29,,4967,16,,,0,70,,4968,16,,,0,99,,4969,16,,,0,100,,4970,16,,,0,99,,4971,16,,,0,100,,4972,16,,,0,90,,4973,16,,,0
