601,'4327',806,,4374,8,,,0,120,,4373,8,,,0,120,,4372,8,,,0,160,,4376,8,,,0,120,,4377,8,,,0,120,,4378,8,,,0,160,,4375,8,,,0,120,,4379,8,,,0
601,'4795',621,,459,8,,,0,35,,2769,8,,,0,75,,458,8,,,0,76,,2770,8,,,0,35,,457,8,,,0,75,,2771,8,,,0,35,,462,8,,,0,150,,461,8,,,0,110,,464,8,,,0,110,,463,8,,,0,35,,469,8,,,0,75,,460,8,,,0,75,,471,8,,,0,35,,456,8,,,0,75,,470,8,,,0,35,,454,8,,,0,75,,472,8,,,0,75,,455,8,,,0,110,,473,8,,,0,110,,474,8,,,0,210,,2773,8,,,0
601,'4800',811,,2774,8,,,0,100,,478,8,,,0,100,,480,8,,,0,100,,2775,8,,,0,100,,479,8,,,0,100,,484,8,,,0,100,,483,8,,,0,100,,482,8,,,0,200,,485,8,,,0
601,'5102',621,,4385,8,,,0,110,,4384,8,,,0,111,,4383,8,,,0,110,,4387,8,,,0,150,,4388,8,,,0,110,,4390,8,,,0,110,,4389,8,,,0,35,,4392,8,,,0,75,,4386,8,,,0,75,,4394,8,,,0,35,,4382,8,,,0,75,,4393,8,,,0,35,,4380,8,,,0,75,,4395,8,,,0,75,,4381,8,,,0,110,,4396,8,,,0,110,,4397,8,,,0
601,'5105',811,,4399,8,,,0,100,,4400,8,,,0,100,,4402,8,,,0,100,,4403,8,,,0,100,,4401,8,,,0,100,,4406,8,,,0,100,,4405,8,,,0,100,,4404,8,,,0,200,,4407,8,,,0
1800,'4327',735,,5283,8,,,0,102,,5276,8,,,0,115,,5275,8,,,0,160,,5274,8,,,0,115,,5273,8,,,0,120,,5272,8,,,0,155,,5271,8,,,0,120,,5277,8,,,0,115,,5278,8,,,0,118,,5279,8,,,0,155,,5280,8,,,0,115,,5281,8,,,0,115,,5282,8,,,0
1800,'4795',616,,3424,8,,,0,106,,1418,8,,,0,27,,1399,8,,,0,66,,1419,8,,,0,29,,1400,8,,,0,68,,1422,8,,,0,27,,1401,8,,,0,80,,1405,8,,,0,40,,1404,8,,,0,80,,1402,8,,,0,80,,1403,8,,,0,40,,1398,8,,,0,80,,1409,8,,,0,80,,1407,8,,,0,28,,1421,8,,,0,67,,1410,8,,,0,28,,1420,8,,,0,68,,1408,8,,,0,30,,1423,8,,,0,67,,1406,8,,,0,30,,1424,8,,,0,70,,1411,8,,,0,95,,1413,8,,,0,37,,1412,8,,,0,80,,1414,8,,,0,83,,1415,8,,,0,115,,1416,8,,,0
1800,'4800',735,,3427,8,,,0,101,,1427,8,,,0,100,,1428,8,,,0,100,,3425,8,,,0,100,,1425,8,,,0,100,,1429,8,,,0,100,,1430,8,,,0,100,,1431,8,,,0,100,,1432,8,,,0,100,,1433,8,,,0,100,,3426,8,,,0,84,,3428,8,,,0,115,,3429,8,,,0,115,,3430,8,,,0,155,,3431,8,,,0,115,,3432,8,,,0,115,,3433,8,,,0
1800,'5102',616,,5303,8,,,0,106,,5304,8,,,0,27,,5285,8,,,0,66,,5305,8,,,0,29,,5286,8,,,0,68,,5308,8,,,0,27,,5287,8,,,0,80,,5292,8,,,0,40,,5291,8,,,0,80,,5288,8,,,0,80,,5289,8,,,0,40,,5284,8,,,0,80,,5296,8,,,0,80,,5290,8,,,0,28,,5307,8,,,0,67,,5295,8,,,0,28,,5306,8,,,0,68,,5294,8,,,0,30,,5309,8,,,0,67,,5293,8,,,0,30,,5310,8,,,0,70,,5297,8,,,0,95,,5299,8,,,0,37,,5298,8,,,0,80,,5301,8,,,0,83,,5300,8,,,0,115,,5302,8,,,0
1800,'5105',735,,5321,8,,,0,101,,5313,8,,,0,100,,5314,8,,,0,100,,5312,8,,,0,100,,5311,8,,,0,100,,5315,8,,,0,100,,5316,8,,,0,100,,5317,8,,,0,100,,5318,8,,,0,100,,5319,8,,,0,100,,5320,8,,,0,84,,5322,8,,,0,115,,5323,8,,,0,115,,5324,8,,,0,155,,5325,8,,,0,115,,5326,8,,,0,115,,5327,8,,,0
