8801,'4795',1614,,2290,11,4,,0
9700,'4794',710,,3621,1,,,0,30,,3618,1,,,0,70,,3622,1,,,0,30,,3620,1,,,0,70,,3594,1,,,0,30,,3619,1,,,0,70,,3595,1,,,0,30,,3615,1,,,0,70,,3596,1,,,0,30,,3617,1,,,0,70,,3598,1,,,0,30,,3616,1,,,0,70,,3599,1,,,0,30,,3613,1,,,0,70,,3600,1,,,0,30,,3614,1,,,0,70,,3604,1,,,0,30,,3610,1,,,0,70,,3605,1,,,0,30,,3609,1,,,0,70,,3597,1,,,0,30,,3611,1,,,0,70,,3602,1,,,0,30,,3608,1,,,0,70,,3603,1,,,0,30,,3612,1,,,0,70,,3601,1,,,0,30,,3623,1,,,0,70,,3606,1,,,0,30,,3625,1,,,0,70,,3607,1,,,0,100,,3624,1,,,0
9700,'4795',624,,3647,1,,,0,15,,3645,1,,,0,14,,3653,1,,,0,55,,3650,1,,,0,14,,3641,1,,,0,85,,3648,1,,,0,13,,3637,1,,,0,15,,3646,1,,,0,69,,3655,1,,,0,15,,3649,1,,,0,15,,3640,1,,,0,85,,3651,1,,,0,15,,3634,1,,,0,70,,3656,1,,,0,15,,3652,1,,,0,16,,3643,1,,,0,88,,3632,1,,,0,16,,3639,1,,,0,72,,3657,1,,,0,15,,3630,1,,,0,15,,3644,1,,,0,88,,3633,1,,,0,15,,3638,1,,,0,14,,3629,1,,,0,70,,3658,1,,,0,15,,3627,1,,,0,15,,3642,1,,,0,67,,2355,1,0,12,0,25,,3631,1,,,0,60,,3635,1,,,0,20,,3628,1,,,0,70,,3664,1,0,12,0,10,,3626,1,,,0,90,,3665,1,0,12,0,12,,3636,1,,,0,22,,3659,1,,,0,167,,3660,1,,,0,22,,3661,1,,,0,180,,3662,1,,,0,140,,3663,1,,,0
9700,'4796',609,,3679,1,,,0,128,,3672,1,,,0,15,,3680,1,,,0,97,,3670,1,,,0,100,,3673,1,,,0,55,,3678,1,,,0,45,,3674,1,,,0,102,,3676,1,,,0,56,,3682,1,,,0,48,,3675,1,,,0,102,,3668,1,,,0,56,,3681,1,,,0,100,,3684,1,,,0,100,,3667,1,,,0,18,,3677,1,,,0,119,,3683,1,,,0,80,,3666,1,,,0,20,,3669,1,,,0,106,,3685,1,,,0,65,,3686,1,,,0,20,,3694,1,,,0,107,,3687,1,,,0,65,,3688,1,,,0,25,,3689,1,,,0,90,,3690,1,,,0,25,,3691,1,,,0,65,,3692,1,,,0,90,,3693,1,,,0
9700,'4799',609,,3708,1,,,0,128,,3701,1,,,0,15,,3709,1,,,0,97,,3699,1,,,0,100,,3702,1,,,0,55,,3707,1,,,0,45,,3703,1,,,0,102,,3705,1,,,0,56,,3711,1,,,0,48,,3704,1,,,0,102,,3697,1,,,0,56,,3710,1,,,0,100,,3713,1,,,0,100,,3696,1,,,0,18,,3706,1,,,0,119,,3712,1,,,0,80,,3695,1,,,0,20,,3698,1,,,0,106,,3715,1,,,0,65,,3716,1,,,0,20,,3725,1,,,0,107,,3717,1,,,0,65,,3718,1,,,0,25,,3719,1,,,0,90,,3720,1,,,0,25,,3721,1,,,0,65,,3722,1,,,0,90,,3723,1,,,0,25,,3724,1,,,0,25,,3714,1,,,0
9700,'4800',709,,3731,1,,,0,30,,3727,1,,,0,70,,3732,1,,,0,30,,3726,1,,,0,69,,3730,1,,,0,30,,3728,1,,,0,70,,3734,1,,,0,30,,3736,1,,,0,70,,3729,1,,,0,30,,3733,1,,,0,70,,3739,1,,,0,30,,3738,1,,,0,70,,3735,1,,,0,30,,3740,1,,,0,70,,3737,1,,,0,30,,3741,1,,,0,70,,3742,1,,,0,30,,3743,1,,,0,70,,3745,1,,,0,30,,3747,1,,,0,70,,3748,1,,,0,36,,3744,1,,,0,70,,3749,1,,,0,30,,3746,1,,,0,70,,3750,1,,,0,30,,3763,1,,,0,70,,3753,1,,,0,30,,3756,1,,,0,70,,3751,1,,,0,30,,3757,1,,,0,70,,3754,1,,,0,30,,3758,1,,,0,70,,3752,1,,,0,30,,3759,1,,,0,70,,3755,1,,,0,30,,3760,1,,,0,70,,3761,1,,,0,30,,3762,1,,,0
9701,'4794',749,,3795,14,4,,0,70,,3790,14,4,,0,31,,3764,14,4,,0,71,,3784,14,4,,0,31,,3765,14,4,,0,71,,3792,14,4,,0,32,,3766,14,4,,0,70,,3789,14,4,,0,30,,3767,14,4,,0,70,,3787,14,4,,0,30,,3768,14,4,,0,70,,3788,14,4,,0,30,,3776,14,4,,0,71,,3783,14,4,,0,30,,3777,14,4,,0,70,,3781,14,4,,0,30,,3772,14,4,,0,69,,3791,14,4,,0,30,,3769,14,4,,0,70,,3778,14,4,,0,30,,3770,14,4,,0,68,,3782,14,4,,0,30,,3773,14,4,,0,69,,3786,14,4,,0,29,,3774,14,4,,0,69,,3785,14,4,,0,30,,3771,14,4,,0,69,,3780,14,4,,0,30,,3775,14,4,,0,69,,3793,14,4,,0,30,,3779,14,4,,0,99,,3794,14,4,,0
9701,'4795',638,,3825,14,4,,0,21,,3820,14,4,,0,51,,3812,6,4,,0,90,,3818,14,4,,0,8,,3810,10,4,,0,8,,3817,14,4,,0,31,,3828,14,4,,0,55,,3821,14,4,,0,15,,3816,14,4,,0,87,,3819,14,4,,0,17,,3807,14,4,,0,32,,3826,14,4,,0,56,,3823,14,4,,0,16,,3811,14,4,,0,88,,3822,14,4,,0,16,,3808,14,4,,0,72,,3829,14,4,,0,16,,3824,14,4,,0,15,,3813,14,4,,0,86,,3803,14,4,,0,15,,3809,14,4,,0,16,,3800,14,4,,0,66,,3827,14,4,,0,9,,3798,14,4,,0,19,,3815,14,4,,0,93,,3802,14,4,,0,18,,3806,14,4,,0,58,,3799,14,4,,0,33,,3797,14,4,,0,55,,3814,14,4,,0,47,,3804,14,4,,0,57,,3805,14,4,,0,17,,3801,14,4,,0,35,,3796,14,4,,0,96,,3830,14,4,,0,63,,3831,14,4,,0,139,,3832,14,4,,0,176,,3833,14,4,,0
9701,'4796',604,,3846,6,4,,0,120,,3839,14,4,,0,21,,3847,14,4,,0,87,,3838,14,4,,0,100,,3840,14,4,,0,16,,3845,14,4,,0,90,,3837,14,4,,0,103,,3841,14,4,,0,16,,3849,14,4,,0,88,,3843,14,4,,0,103,,3842,14,4,,0,55,,3850,14,4,,0,101,,3844,14,4,,0,96,,3835,14,4,,0,19,,3851,14,4,,0,110,,3852,14,4,,0,86,,3834,14,4,,0,17,,3848,14,4,,0,107,,3853,14,4,,0,74,,3854,14,4,,0,20,,3836,14,4,,0,106,,3855,14,4,,0,65,,3856,14,4,,0,25,,3857,14,4,,0,90,,3858,14,4,,0,23,,3859,14,4,,0,63,,3860,14,4,,0,50,,3861,14,4,,0,65,,3862,14,4,,0,25,,3863,14,4,,0
9701,'4799',604,,3876,6,4,,0,120,,3869,14,4,,0,21,,3877,14,4,,0,87,,3868,14,4,,0,100,,3870,14,4,,0,16,,3875,14,4,,0,90,,3867,14,4,,0,103,,3871,14,4,,0,16,,3879,14,4,,0,88,,3873,14,4,,0,103,,3872,14,4,,0,55,,3880,14,4,,0,101,,3874,14,4,,0,96,,3865,14,4,,0,19,,3881,14,4,,0,110,,3882,14,4,,0,86,,3864,14,4,,0,17,,3878,14,4,,0,107,,3883,14,4,,0,74,,3884,14,4,,0,20,,3866,14,4,,0,106,,3885,14,4,,0,65,,3886,14,4,,0,25,,3887,14,4,,0,90,,3888,14,4,,0,23,,3889,14,4,,0,63,,3890,14,4,,0,50,,3891,14,4,,0,65,,3892,14,4,,0,25,,3893,14,4,,0,85,,3895,14,4,,0
9701,'4800',729,,3931,10,4,,0,92,,3897,14,4,,0,32,,3896,14,4,,0,70,,3900,14,4,,0,30,,3899,14,4,,0,70,,3901,14,4,,0,32,,3902,14,4,,0,70,,3903,14,4,,0,32,,3898,14,4,,0,70,,3908,14,4,,0,30,,3920,14,4,,0,70,,3921,14,4,,0,30,,3922,14,4,,0,70,,3910,14,4,,0,30,,3909,14,4,,0,70,,3904,14,4,,0,30,,3905,14,4,,0,70,,3907,14,4,,0,30,,3912,14,4,,0,69,,3914,14,4,,0,30,,3906,14,4,,0,70,,3911,14,4,,0,30,,3913,14,4,,0,69,,3934,14,4,,0,30,,3916,14,4,,0,68,,3923,14,4,,0,30,,3915,14,4,,0,70,,3924,14,4,,0,30,,3917,14,4,,0,70,,3927,14,4,,0,30,,3918,14,4,,0,69,,3926,14,4,,0,29,,3919,14,4,,0,70,,3925,14,4,,0,30,,3928,14,4,,0,70,,3930,14,4,,0,30,,3929,14,4,,0,70,,3933,14,4,,0
