1000,'4794',755,,804,34,4,,0,87,,792,34,4,,0,86,,805,34,4,,0,85,,793,34,4,,0,46,,794,34,4,,0,85,,796,34,4,,0,85,,806,34,4,,0,85,,797,34,4,,0,45,,795,34,4,,0,85,,798,34,4,,0,85,,807,34,4,,0,85,,799,34,4,,0,45,,802,34,4,,0,85,,803,34,4,,0,82,,808,34,4,,0,85,,801,34,4,,0,44,,800,34,4,,0,85,,811,34,4,,0,82,,812,34,4,,0,85,,809,34,4,,0,45,,814,34,4,,0,85,,810,34,4,,0,85,,813,34,4,,0
1000,'4795',549,,840,34,4,,0,80,,834,34,4,,0,20,,822,34,4,,0,60,,830,34,4,,0,21,,825,34,4,,0,23,,836,34,4,,0,60,,823,34,4,,0,20,,831,34,4,,0,20,,821,34,4,,0,61,,827,34,4,,0,25,,837,34,4,,0,74,,824,34,4,,0,32,,826,34,4,,0,73,,835,34,4,,0,32,,832,34,4,,0,72,,829,34,4,,0,32,,839,34,4,,0,72,,833,34,4,,0,32,,828,34,4,,0,72,,838,34,4,,0,28,,854,34,4,,0,61,,820,34,4,,0,20,,842,34,4,,0,61,,843,34,4,,0,20,,844,34,4,,0,20,,845,34,4,,0,60,,846,34,4,,0,19,,847,34,4,,0,18,,848,34,4,,0,18,,849,34,4,,0,58,,850,34,4,,0,19,,851,34,4,,0,79,,852,34,4,,0,39,,853,34,4,,0,80,,818,34,4,,0,78,,855,34,4,,0,39,,819,34,4,,0,78,,816,34,4,,0,80,,856,34,4,,0,40,,815,34,4,,0,79,,817,34,4,,0,80,,857,34,4,,0
1000,'4800',758,,879,34,4,,0,86,,866,34,4,,0,87,,867,34,4,,0,87,,861,34,4,,0,86,,860,34,4,,0,45,,868,34,4,,0,85,,869,34,4,,0,85,,862,34,4,,0,85,,875,34,4,,0,45,,876,34,4,,0,85,,873,34,4,,0,85,,878,34,4,,0,85,,871,34,4,,0,44,,865,34,4,,0,83,,880,34,4,,0,84,,870,34,4,,0,44,,858,34,4,,0,85,,874,34,4,,0,82,,863,34,4,,0,84,,859,34,4,,0,43,,877,34,4,,0,84,,864,34,4,,0,85,,872,34,4,,0
1001,'4794',730,,881,1,,,0,85,,887,1,,,0,85,,894,1,,,0,45,,884,1,,,0,85,,882,1,,,0,85,,883,1,,,0,85,,895,1,,,0,45,,886,1,,,0,85,,885,1,,,0,85,,892,1,,,0,85,,896,1,,,0,45,,888,1,,,0,85,,893,1,,,0,85,,890,1,,,0,85,,897,1,,,0,45,,891,1,,,0,85,,889,1,,,0,85,,901,1,,,0,85,,900,1,,,0,45,,902,1,,,0,85,,899,1,,,0,85,,903,1,,,0,85,,898,1,,,0
1001,'4795',520,,908,1,,,0,20,,931,1,,,0,60,,909,1,,,0,20,,910,1,,,0,20,,911,1,,,0,60,,912,1,,,0,15,,913,1,,,0,15,,914,1,,,0,20,,915,1,,,0,60,,916,1,,,0,20,,917,1,,,0,20,,918,1,,,0,60,,919,1,,,0,20,,920,1,,,0,28,,921,1,,,0,72,,932,1,,,0,72,,922,1,,,0,32,,923,1,,,0,72,,924,1,,,0,32,,925,1,,,0,72,,926,1,,,0,32,,933,1,,,0,72,,927,1,,,0,30,,942,1,,,0,68,,943,1,,,0,20,,928,1,,,0,20,,934,1,,,0,60,,935,1,,,0,20,,936,1,,,0,20,,937,1,,,0,60,,938,1,,,0,20,,939,1,,,0,20,,940,1,,,0,60,,941,1,,,0,30,,947,1,,,0,80,,948,1,,,0,80,,944,1,,,0,40,,929,1,,,0,80,,930,1,,,0,80,,945,1,,,0,40,,907,1,,,0,80,,904,1,,,0,80,,946,1,,,0,40,,905,1,,,0,73,,906,1,0,5 6,0
1001,'4800',730,,952,1,,,0,85,,950,1,,,0,85,,951,1,,,0,45,,966,1,,,0,85,,958,1,,,0,85,,964,1,,,0,85,,962,1,,,0,45,,971,1,,,0,85,,955,1,,,0,85,,967,1,,,0,85,,961,1,,,0,45,,959,1,,,0,85,,949,1,,,0,85,,954,1,,,0,85,,963,1,,,0,45,,960,1,,,0,85,,969,1,,,0,85,,953,1,,,0,85,,957,1,,,0,45,,965,1,,,0,85,,956,1,,,0,85,,968,1,,,0,85,,970,1,,,0
1400,'4794',841,,1236,42,4,,0,105,,1237,42,4,,0,100,,1235,42,4,,0,100,,1232,42,4,,0,100,,1234,42,4,,0,100,,1238,42,4,,0,100,,1233,42,4,,0,100,,1244,42,4,,0,100,,1245,42,4,,0,100,,1241,42,4,,0,95,,1242,42,4,,0,100,,1240,42,4,,0,100,,1243,42,4,,0,100,,1239,42,4,,0
1400,'4795',720,,1247,42,4,,0,30,,1248,42,4,,0,71,,1250,42,4,,0,33,,1246,42,4,,0,70,,1249,42,4,,0,30,,1263,42,4,,0,100,,1264,42,4,,0,100,,1265,42,4,,0,100,,1266,42,4,,0,100,,1256,42,4,,0,101,,1257,42,4,,0,100,,1252,42,4,,0,69,,1251,42,4,,0,30,,1253,42,4,,0,70,,1254,42,4,,0,30,,1255,42,4,,0,68,,1262,42,4,,0,28,,1261,42,4,,0,100,,1260,42,4,,0,100,,1259,42,4,,0,100,,1258,42,4,,0
1400,'4800',841,,1279,42,4,,0,105,,1280,42,4,,0,100,,1276,42,4,,0,100,,1277,42,4,,0,100,,1275,42,4,,0,100,,1278,42,4,,0,100,,1274,42,4,,0,100,,1267,42,4,,0,100,,1268,42,4,,0,100,,1270,42,4,,0,95,,1271,42,4,,0,100,,1269,42,4,,0,100,,1272,42,4,,0,100,,1273,42,4,,0
1401,'4794',800,,1281,1,,,0,100,,1284,1,,,0,100,,1283,1,,,0,100,,1286,1,,,0,100,,1287,1,,,0,100,,1285,1,,,0,100,,1282,1,,,0,100,,1290,1,,,0,100,,1291,1,,,0,100,,1288,1,,,0,100,,1293,1,,,0,100,,1294,1,,,0,100,,1292,1,,,0,100,,1289,1,,,0
1401,'4795',635,,1296,1,,,0,70,,1298,1,,,0,30,,1299,1,,,0,70,,1295,1,,,0,30,,1297,1,,,0,70,,1306,1,,,0,100,,1307,1,,,0,100,,1308,1,,,0,100,,1309,1,,,0,100,,1310,1,,,0,100,,1311,1,,,0,100,,1301,1,,,0,30,,1303,1,,,0,70,,1300,1,,,0,30,,1302,1,,,0,70,,1304,1,,,0,30,,1312,1,,,0,70,,1313,1,,,0,100,,1314,1,,,0,100,,1315,1,,,0,100,,1305,1,,,0
1401,'4800',800,,1324,1,,,0,100,,1326,1,,,0,100,,1325,1,,,0,100,,1328,1,,,0,100,,1329,1,,,0,100,,1327,1,,,0,100,,1323,1,,,0,100,,1317,1,,,0,100,,1318,1,,,0,100,,1319,1,,,0,100,,1316,1,,,0,100,,1321,1,,,0,100,,1320,1,,,0,100,,1322,1,,,0
