801,'4327',653,,4555,7,,,0,75,,4556,7,,,0,75,,4557,7,,,0,36,,4558,7,,,0,75,,4559,7,,,0,35,,4560,7,,,0,75,,4561,7,,,0,35,,4563,7,,,0,70,,4564,7,,,0,30,,4565,7,,,0,70,,4562,7,,,0,30,,4568,7,,,0,70,,4569,7,,,0,30,,4566,7,,,0,70,,4567,7,,,0,30,,4570,7,,,0,70,,4571,7,,,0,30,,4572,7,,,0,70,,4574,7,,,0,30,,4575,7,,,0,70,,4576,7,,,0,29,,4573,7,,,0,70,,4577,7,,,0,30,,4578,7,,,0,70,,4579,7,,,0,30,,4580,7,,,0,85,,4581,7,,,0,85,,4582,7,,,0,85,,4583,7,,,0,45,,4552,7,,,0,85,,4553,7,,,0
801,'4795',554,,2938,7,,,0,90,,2940,7,,,0,62,,2942,7,,,0,16,,2943,7,,,0,15,,2944,7,,,0,15,,2945,7,,,0,55,,2946,7,,,0,15,,2947,7,,,0,15,,2948,7,,,0,15,,2949,7,,,0,55,,2950,7,,,0,15,,2951,7,,,0,15,,2952,7,,,0,15,,2953,7,,,0,55,,2954,7,,,0,15,,2955,7,,,0,15,,2956,7,,,0,15,,2957,7,,,0,55,,2958,7,,,0,15,,2959,7,,,0,15,,2960,7,,,0,15,,2961,7,,,0,55,,2962,7,,,0,15,,2963,7,,,0,15,,2964,7,,,0,15,,2965,7,,,0,55,,2966,7,,,0,15,,2967,7,,,0,15,,2968,7,,,0,15,,2969,7,,,0,55,,2970,7,,,0,15,,2971,7,,,0,15,,2972,7,,,0,15,,2973,7,,,0,55,,2974,7,,,0,18,,2975,7,,,0,16,,2976,7,,,0,15,,2977,7,,,0,56,,2978,7,,,0,16,,2979,7,,,0,16,,2980,7,,,0,56,,2981,7,,,0,15,,2982,7,,,0,16,,2983,7,,,0,16,,2984,7,,,0,56,,2985,7,,,0,15,,2986,7,,,0,16,,2987,7,,,0,16,,2988,7,,,0,57,,2989,7,,,0,18,,2990,7,,,0,25,,2991,7,,,0,66,,2992,7,,,0,24,,2993,7,,,0,65,,2994,7,,,0,25,,2995,7,,,0,25,,2996,7,,,0,85,,2997,7,,,0,85,,2998,7,,,0,85,,2999,7,,,0,45,,3000,7,,,0
801,'4800',653,,3032,7,,,0,75,,3015,7,,,0,75,,3022,7,,,0,36,,3031,7,,,0,75,,3014,7,,,0,35,,3024,7,,,0,75,,3030,7,,,0,30,,3004,7,,,0,70,,3013,7,,,0,25,,3019,7,,,0,65,,3029,7,,,0,25,,761,7,,,0,20,,3002,7,,,0,60,,3012,7,,,0,20,,3034,7,,,0,20,,3018,7,,,0,60,,3027,7,,,0,20,,763,7,,,0,20,,3001,7,,,0,60,,3010,7,,,0,20,,3033,7,,,0,20,,3016,7,,,0,60,,3026,7,,,0,20,,764,7,,,0,20,,3003,7,,,0,60,,3011,7,,,0,19,,3035,7,,,0,20,,3017,7,,,0,60,,3028,7,,,0,20,,759,7,,,0,20,,3005,7,,,0,70,,3007,7,,,0,30,,3020,7,,,0,85,,3006,7,,,0,85,,3023,7,,,0,85,,3008,7,,,0,45,,3021,7,,,0,85,,3009,7,,,0,85,,749,7,,,0
801,'5102',554,,4584,7,,,0,90,,4586,7,,,0,62,,4588,7,,,0,16,,4589,7,,,0,15,,4591,7,,,0,15,,4592,7,,,0,55,,4593,7,,,0,15,,4590,7,,,0,15,,4595,7,,,0,15,,4596,7,,,0,55,,4597,7,,,0,15,,4594,7,,,0,15,,4598,7,,,0,15,,4599,7,,,0,55,,4600,7,,,0,15,,4601,7,,,0,15,,4602,7,,,0,15,,4603,7,,,0,55,,4604,7,,,0,15,,4606,7,,,0,15,,4607,7,,,0,15,,4609,7,,,0,55,,4605,7,,,0,15,,4610,7,,,0,15,,4611,7,,,0,15,,4608,7,,,0,55,,4612,7,,,0,15,,4613,7,,,0,15,,4614,7,,,0,15,,4615,7,,,0,55,,4616,7,,,0,15,,4617,7,,,0,15,,4619,7,,,0,15,,4621,7,,,0,55,,4618,7,,,0,18,,4623,7,,,0,16,,4624,7,,,0,15,,4625,7,,,0,56,,4626,7,,,0,16,,4627,7,,,0,16,,4628,7,,,0,56,,4630,7,,,0,15,,4632,7,,,0,16,,4633,7,,,0,16,,4629,7,,,0,56,,4634,7,,,0,15,,4631,7,,,0,16,,4635,7,,,0,16,,4636,7,,,0,57,,4637,7,,,0,18,,4638,7,,,0,25,,4639,7,,,0,66,,4640,7,,,0,24,,4641,7,,,0,65,,4642,7,,,0,25,,4643,7,,,0,25,,4644,7,,,0,85,,4646,7,,,0,85,,4647,7,,,0,85,,4648,7,,,0,45,,4645,7,,,0
801,'5105',653,,4681,7,,,0,75,,4663,7,,,0,75,,4670,7,,,0,36,,4680,7,,,0,75,,4662,7,,,0,35,,4673,7,,,0,75,,4679,7,,,0,30,,4652,7,,,0,70,,4661,7,,,0,25,,4667,7,,,0,65,,4678,7,,,0,25,,4684,7,,,0,20,,4650,7,,,0,60,,4660,7,,,0,20,,4685,7,,,0,20,,4666,7,,,0,60,,4676,7,,,0,20,,4686,7,,,0,20,,4649,7,,,0,60,,4658,7,,,0,20,,4683,7,,,0,20,,4664,7,,,0,60,,4675,7,,,0,20,,4687,7,,,0,20,,4651,7,,,0,60,,4659,7,,,0,19,,4688,7,,,0,20,,4665,7,,,0,60,,4677,7,,,0,20,,4682,7,,,0,20,,4653,7,,,0,70,,4655,7,,,0,30,,4668,7,,,0,85,,4654,7,,,0,85,,4671,7,,,0,85,,4656,7,,,0,45,,4669,7,,,0,85,,4657,7,,,0,85,,4672,7,,,0
1400,'4327',834,,5121,30,,,0,104,,5122,30,,,0,100,,5120,30,,,0,100,,5117,30,,,0,100,,5119,30,,,0,100,,5123,30,,,0,100,,5118,30,,,0,100,,5129,30,,,0,100,,5130,30,,,0,100,,5126,30,,,0,96,,5127,30,,,0,100,,5125,30,,,0,100,,5128,30,,,0,100,,5124,30,,,0
1400,'4795',712,,1247,30,,,0,30,,3353,30,,,0,71,,1250,30,,,0,33,,3352,30,,,0,70,,1249,30,,,0,30,,3363,30,,,0,100,,3364,30,,,0,100,,3365,30,,,0,100,,3366,30,,,0,100,,3357,30,,,0,100,,3358,30,,,0,100,,3354,30,,,0,69,,1251,30,,,0,30,,3355,30,,,0,70,,1254,30,,,0,30,,3356,30,,,0,69,,1262,30,,,0,28,,3362,30,,,0,100,,3361,30,,,0,100,,3360,30,,,0,100,,3359,30,,,0
1400,'4800',834,,3379,30,,,0,104,,3380,30,,,0,100,,3376,30,,,0,100,,3377,30,,,0,100,,3375,30,,,0,100,,3378,30,,,0,100,,3374,30,,,0,100,,3367,30,,,0,100,,3368,30,,,0,100,,3370,30,,,0,96,,3371,30,,,0,100,,3369,30,,,0,100,,3372,30,,,0,100,,3373,30,,,0
1400,'5102',712,,5133,30,,,0,30,,5134,30,,,0,71,,5135,30,,,0,33,,5131,30,,,0,70,,5132,30,,,0,30,,5149,30,,,0,100,,5148,30,,,0,100,,5150,30,,,0,100,,5151,30,,,0,100,,5141,30,,,0,100,,5142,30,,,0,100,,5137,30,,,0,69,,5136,30,,,0,30,,5138,30,,,0,70,,5139,30,,,0,30,,5140,30,,,0,69,,5147,30,,,0,28,,5146,30,,,0,100,,5145,30,,,0,100,,5144,30,,,0,100,,5143,30,,,0
1400,'5105',834,,5164,30,,,0,104,,5165,30,,,0,100,,5161,30,,,0,100,,5162,30,,,0,100,,5160,30,,,0,100,,5163,30,,,0,100,,5159,30,,,0,100,,5152,30,,,0,100,,5153,30,,,0,100,,5155,30,,,0,96,,5156,30,,,0,100,,5154,30,,,0,100,,5157,30,,,0,100,,5158,30,,,0
9801,'4327',952,,6464,4,,,0,86,,6471,4,,,0,85,,6463,4,,,0,85,,6467,4,,,0,45,,6462,4,,,0,85,,6469,4,,,0,85,,6461,4,,,0,85,,6465,4,,,0,45,,6460,4,,,0,85,,6468,4,,,0,169,,6466,4,,,0,130,,6470,4,,,0,170,,6472,4,,,0
9801,'4795',638,,2737,4,,,0,20,,2736,4,,,0,61,,2723,4,,,0,20,,2716,4,,,0,61,,2722,4,,,0,21,,2725,4,,,0,21,,2732,4,,,0,61,,2724,4,,,0,42,,2729,4,,,0,83,,2735,4,,,0,83,,2721,4,,,0,45,,2731,4,,,0,85,,2739,4,,,0,85,,2728,4,,,0,85,,2730,4,,,0,44,,2710,4,,,0,69,,2717,4,,,0,20,,2720,4,,,0,60,,2727,4,,,0,20,,2726,4,,,0,20,,2712,4,,,0,60,,2719,4,,,0,20,,2715,4,,,0,19,,2713,4,,,0,60,,2740,4,,,0,20,,2709,4,,,0,21,,2741,4,,,0,79,,2711,4,,,0,80,,2718,4,,,0,40,,2738,4,,,0,80,,2708,4,,,0,80,,2734,4,,,0,40,,2714,4,,,0,80,,2733,4,,,0
9801,'4800',953,,2744,4,,,0,85,,2755,4,,,0,85,,2743,4,,,0,85,,2751,4,,,0,45,,2746,4,,,0,85,,2750,4,,,0,85,,2745,4,,,0,85,,2749,4,,,0,45,,2742,4,,,0,85,,2748,4,,,0,85,,2747,4,,,0,85,,2752,4,,,0,129,,2753,4,,,0,170,,2754,4,,,0
9801,'5102',638,,6496,4,,,0,20,,6489,4,,,0,61,,6497,4,,,0,20,,6494,4,,,0,61,,6498,4,,,0,21,,6490,4,,,0,82,,6493,4,,,0,42,,6492,4,,,0,83,,6495,4,,,0,83,,6491,4,,,0,45,,6479,4,,,0,85,,6483,4,,,0,85,,6477,4,,,0,85,,6478,4,,,0,46,,6474,4,,,0,65,,6501,4,,,0,22,,6484,4,,,0,60,,6499,4,,,0,20,,6500,4,,,0,20,,6488,4,,,0,79,,6486,4,,,0,89,,6487,4,,,0,90,,6485,4,,,0,49,,6476,4,,,0,86,,6482,4,,,0,86,,6473,4,,,0,80,,6481,4,,,0,40,,6475,4,,,0,80,,6480,4,,,0
9801,'5105',953,,6504,4,,,0,85,,6515,4,,,0,85,,6503,4,,,0,85,,6511,4,,,0,45,,6506,4,,,0,85,,6510,4,,,0,85,,6505,4,,,0,85,,6509,4,,,0,45,,6502,4,,,0,85,,6508,4,,,0,85,,6507,4,,,0,85,,6512,4,,,0,129,,6513,4,,,0,170,,6514,4,,,0
