601,'4327',806,,4374,9,,,0,120,,4373,9,,,0,120,,4372,9,,,0,160,,4376,9,,,0,120,,4377,9,,,0,120,,4378,9,,,0,160,,4375,9,,,0,120,,4379,9,,,0
601,'4795',621,,459,9,,,0,35,,2769,9,,,0,75,,458,9,,,0,76,,2770,9,,,0,35,,457,9,,,0,75,,2771,9,,,0,35,,462,9,,,0,150,,461,9,,,0,110,,464,9,,,0,110,,463,9,,,0,35,,469,9,,,0,75,,460,9,,,0,75,,471,9,,,0,36,,456,9,,,0,75,,470,9,,,0,35,,454,9,,,0,74,,472,9,,,0,75,,455,9,,,0,110,,473,9,,,0,110,,474,9,,,0,210,,2773,9,,,0
601,'4800',811,,2774,9,,,0,100,,478,9,,,0,100,,480,9,,,0,100,,2775,9,,,0,100,,479,9,,,0,100,,484,9,,,0,100,,483,9,,,0,100,,482,9,,,0,200,,485,9,,,0
601,'5102',621,,4385,9,,,0,110,,4384,9,,,0,111,,4383,9,,,0,110,,4387,9,,,0,150,,4388,9,,,0,110,,4390,9,,,0,110,,4389,9,,,0,35,,4392,9,,,0,75,,4386,9,,,0,75,,4394,9,,,0,36,,4382,9,,,0,75,,4393,9,,,0,35,,4380,9,,,0,74,,4395,9,,,0,75,,4381,9,,,0,110,,4396,9,,,0,110,,4397,9,,,0
601,'5105',811,,4399,9,,,0,100,,4400,9,,,0,100,,4402,9,,,0,100,,4403,9,,,0,100,,4401,9,,,0,100,,4406,9,,,0,100,,4405,9,,,0,100,,4404,9,,,0,200,,4407,9,,,0
1800,'4327',736,,5283,9,,,0,101,,5276,9,,,0,115,,5275,9,,,0,160,,5274,9,,,0,115,,5273,9,,,0,120,,5272,9,,,0,155,,5271,9,,,0,120,,5277,9,,,0,115,,5278,9,,,0,119,,5279,9,,,0,155,,5280,9,,,0,115,,5281,9,,,0,115,,5282,9,,,0
1800,'4795',616,,3424,9,,,0,106,,1418,9,,,0,27,,1399,9,,,0,66,,1419,9,,,0,29,,1400,9,,,0,68,,1422,9,,,0,27,,1401,9,,,0,80,,1405,9,,,0,40,,1404,9,,,0,80,,1402,9,,,0,80,,1403,9,,,0,40,,1398,9,,,0,80,,1409,9,,,0,80,,1407,9,,,0,28,,1421,9,,,0,67,,1410,9,,,0,29,,1420,9,,,0,68,,1408,9,,,0,30,,1423,9,,,0,66,,1406,9,,,0,30,,1424,9,,,0,70,,1411,9,,,0,95,,1413,9,,,0,37,,1412,9,,,0,80,,1414,9,,,0,83,,1415,9,,,0,115,,1416,9,,,0
1800,'4800',736,,3427,9,,,0,100,,1427,9,,,0,100,,1428,9,,,0,100,,3425,9,,,0,100,,1425,9,,,0,100,,1429,9,,,0,100,,1430,9,,,0,100,,1431,9,,,0,100,,1432,9,,,0,100,,1433,9,,,0,100,,3426,9,,,0,85,,3428,9,,,0,115,,3429,9,,,0,115,,3430,9,,,0,155,,3431,9,,,0,115,,3432,9,,,0,115,,3433,9,,,0
1800,'5102',616,,5303,9,,,0,106,,5304,9,,,0,27,,5285,9,,,0,66,,5305,9,,,0,29,,5286,9,,,0,68,,5308,9,,,0,27,,5287,9,,,0,80,,5292,9,,,0,40,,5291,9,,,0,80,,5288,9,,,0,80,,5289,9,,,0,40,,5284,9,,,0,80,,5296,9,,,0,80,,5290,9,,,0,28,,5307,9,,,0,67,,5295,9,,,0,29,,5306,9,,,0,68,,5294,9,,,0,30,,5309,9,,,0,66,,5293,9,,,0,30,,5310,9,,,0,70,,5297,9,,,0,95,,5299,9,,,0,37,,5298,9,,,0,80,,5301,9,,,0,83,,5300,9,,,0,115,,5302,9,,,0
1800,'5105',736,,5321,9,,,0,100,,5313,9,,,0,100,,5314,9,,,0,100,,5312,9,,,0,100,,5311,9,,,0,100,,5315,9,,,0,100,,5316,9,,,0,100,,5317,9,,,0,100,,5318,9,,,0,100,,5319,9,,,0,100,,5320,9,,,0,85,,5322,9,,,0,115,,5323,9,,,0,115,,5324,9,,,0,155,,5325,9,,,0,115,,5326,9,,,0,115,,5327,9,,,0
