2401,'4794',725,,2072,4,,,0,103,,2069,4,,,0,107,,2071,4,,,0,104,,2070,4,,,0,108,,2073,4,,,0,101,,2075,4,,,0,109,,2076,4,,,0,102,,2074,4,,,0,93,,2077,4,,,0,107,,2078,4,,,0,141,,2079,4,,,0,59,,2080,4,,,0
2401,'4795',607,,2081,4,,,0,104,,2082,4,,,0,32,,2083,4,,,0,106,,2084,4,,,0,71,,2085,4,,,0,32,,2086,4,,,0,103,,2089,4,,,0,104,,2087,4,,,0,143,,2088,4,,,0,108,,2090,4,,,0,116,,2091,4,,,0,29,,2093,4,,,0,69,,2094,4,,,0,32,,2092,4,,,0,72,,2095,4,,,0,72,,2096,4,,,0,43,,2098,4,,,0,94,,2097,4,,,0,116,,2099,4,,,0,101,,2100,4,,,0
2401,'4800',820,,2106,4,,,0,100,,2103,4,,,0,98,,2104,4,,,0,111,,2101,4,,,0,104,,2105,4,,,0,107,,2102,4,,,0,89,,2108,4,,,0,123,,2109,4,,,0,94,,2107,4,,,0,102,,2112,4,,,0,105,,2110,4,,,0,105,,2113,4,,,0,145,,2111,4,,,0
2501,'4794',1028,,2133,4,,,0,228,,2134,4,,,0,291,,2135,4,,,0,269,,2136,4,,,0
2501,'4795',716,,2137,4,,,0,94,,2138,4,,,0,91,,2139,4,,,0,134,,2140,4,,,0,171,,2142,4,,,0,137,,2141,4,,,0,112,,2143,4,,,0,100,,2144,4,,,0,95,,2145,4,,,0,91,,2146,4,,,0
2501,'4800',944,,2148,4,,,0,172,,2149,4,,,0,133,,2147,4,,,0,181,,2151,4,,,0,391,,2150,4,,,0
2601,'4794',716,,2185,4,,,0,34,,2184,4,,,0,364,,2186,4,,,0,231,,2187,4,,,0,288,,2188,4,,,0,303,,2189,4,,,0
2601,'4795',610,,2191,4,,,0,37,,2190,4,,,0,75,,2192,4,,,0,80,,2194,4,,,0,36,,2193,4,,,0,119,,2195,4,,,0,166,,2196,4,,,0,134,,2197,4,,,0,176,,2198,4,,,0,77,,2200,4,,,0,35,,2201,4,,,0,79,,2199,4,,,0,35,,2202,4,,,0,82,,2203,4,,,0,72,,2204,4,,,0,108,,2205,4,,,0,135,,2206,4,,,0
2601,'4800',735,,2207,4,,,0,100,,2208,4,,,0,195,,2211,4,,,0,173,,2213,4,,,0,132,,2212,4,,,0,172,,2210,4,,,0,51,,2209,4,,,0,164,,2214,4,,,0,199,,2216,4,,,0,30,,2215,4,,,0,175,,2217,4,,,0
2801,'4795',712,,2224,4,,,0,92,,2225,4,,,0,699,,2226,4,,,0,99,,2227,4,,,0,55,,2228,4,,,0,100,,2229,4,,,0
2900,'4795',640,,2230,31,,,0,70,,2231,31,,,0,30,,2233,31,,,0,76,,2232,31,,,0,31,,2240,31,,,0,674,,2241,31,,,0,36,,2239,31,,,0,69,,2236,31,,,0,30,,2234,31,,,0,75,,2235,31,,,0,75,,2237,31,,,0,109,,2238,31,,,0
