100,'4327',754,,3950,24,4,,0,100,,3935,24,4,,0,101,,3936,24,4,,0,101,,3937,24,4,,0,100,,3938,24,4,,0,100,,3939,24,4,,0,100,,3940,24,4,,0,100,,3941,24,4,,0,100,,3942,24,4,,0,100,,3943,24,4,,0,99,,3944,24,4,,0,99,,3945,24,4,,0,100,,3946,24,4,,0,99,,3947,24,4,,0,100,,3948,24,4,,0,100,,3949,24,4,,0
100,'4795',622,,41,24,4,,0,30,,53,24,4,,0,71,,42,24,4,,0,16,,34,24,4,,0,16,,52,24,4,,0,56,,32,24,4,,0,16,,39,24,4,,0,17,,33,24,4,,0,56,,51,24,4,,0,15,,31,24,4,,0,16,,43,24,4,,0,72,,54,24,4,,0,33,,44,24,4,,0,73,,55,24,4,,0,32,,40,24,4,,0,73,,50,24,4,,0,33,,45,24,4,,0,73,,56,24,4,,0,33,,46,24,4,,0,73,,58,24,4,,0,18,,27,24,4,,0,57,,37,24,4,,0,22,,17,24,4,,0,20,,49,24,4,,0,60,,28,24,4,,0,20,,47,24,4,,0,17,,18,24,4,,0,17,,48,24,4,,0,59,,26,24,4,,0,17,,38,24,4,,0,17,,25,24,4,,0,56,,57,24,4,,0,16,,30,24,4,,0,17,,36,24,4,,0,15,,24,24,4,,0,69,,29,24,4,,0,30,,20,24,4,,0,100,,22,24,4,,0,97,,21,24,4,,0,100,,23,24,4,,0,100,,19,24,4,,0
100,'4800',754,,89,24,4,,0,71,,59,24,4,,0,30,,60,24,4,,0,70,,61,24,4,,0,33,,62,24,4,,0,70,,63,24,4,,0,30,,64,24,4,,0,70,,85,24,4,,0,30,,65,24,4,,0,70,,66,24,4,,0,30,,67,24,4,,0,70,,68,24,4,,0,30,,69,24,4,,0,70,,70,24,4,,0,30,,71,24,4,,0,70,,72,24,4,,0,30,,73,24,4,,0,70,,74,24,4,,0,30,,75,24,4,,0,70,,76,24,4,,0,30,,77,24,4,,0,67,,78,24,4,,0,30,,86,24,4,,0,70,,80,24,4,,0,30,,87,24,4,,0,70,,81,24,4,,0,30,,88,24,4,,0,72,,82,24,4,,0,99,,79,24,4,,0,99,,83,24,4,,0,98,,84,24,4,,0
100,'5102',622,,3975,24,4,,0,30,,3987,24,4,,0,71,,3976,24,4,,0,16,,3968,24,4,,0,16,,3986,24,4,,0,56,,3966,24,4,,0,16,,3973,24,4,,0,17,,3967,24,4,,0,56,,3985,24,4,,0,15,,3963,24,4,,0,16,,3977,24,4,,0,72,,3988,24,4,,0,33,,3978,24,4,,0,73,,3989,24,4,,0,32,,3974,24,4,,0,73,,3984,24,4,,0,33,,3979,24,4,,0,73,,3990,24,4,,0,33,,3980,24,4,,0,73,,3992,24,4,,0,18,,3961,24,4,,0,57,,3971,24,4,,0,22,,3951,24,4,,0,20,,3983,24,4,,0,60,,3962,24,4,,0,20,,3981,24,4,,0,17,,3952,24,4,,0,17,,3982,24,4,,0,59,,3960,24,4,,0,17,,3972,24,4,,0,17,,3959,24,4,,0,56,,3991,24,4,,0,16,,3965,24,4,,0,17,,3970,24,4,,0,15,,3958,24,4,,0,69,,3964,24,4,,0,30,,3954,24,4,,0,100,,3956,24,4,,0,97,,3955,24,4,,0,100,,3957,24,4,,0,100,,3953,24,4,,0
100,'5105',754,,4023,24,4,,0,71,,3993,24,4,,0,30,,3994,24,4,,0,70,,3995,24,4,,0,33,,3996,24,4,,0,70,,3997,24,4,,0,30,,3998,24,4,,0,70,,4019,24,4,,0,30,,3999,24,4,,0,70,,4000,24,4,,0,30,,4001,24,4,,0,70,,4002,24,4,,0,30,,4003,24,4,,0,70,,4004,24,4,,0,30,,4005,24,4,,0,70,,4006,24,4,,0,30,,4007,24,4,,0,70,,4008,24,4,,0,30,,4009,24,4,,0,70,,4010,24,4,,0,30,,4011,24,4,,0,67,,4012,24,4,,0,30,,4020,24,4,,0,70,,4014,24,4,,0,30,,4021,24,4,,0,70,,4015,24,4,,0,30,,4022,24,4,,0,72,,4016,24,4,,0,99,,4013,24,4,,0,99,,4017,24,4,,0,98,,4018,24,4,,0
101,'4327',705,,4039,1,,,0,100,,4024,1,,,0,100,,4025,1,,,0,100,,4026,1,,,0,100,,4027,1,,,0,100,,4028,1,,,0,100,,4029,1,,,0,100,,4030,1,,,0,100,,4031,1,,,0,100,,4032,1,,,0,100,,4033,1,,,0,100,,4034,1,,,0,100,,4035,1,,,0,100,,4036,1,,,0,100,,4037,1,,,0,100,,4038,1,,,0
101,'4795',600,,137,1,,,0,30,,127,1,,,0,70,,141,1,,,0,16,,123,1,,,0,16,,133,1,,,0,16,,124,1,,,0,9,,2756,1,,,0,47,,138,1,,,0,16,,122,1,,,0,16,,131,1,,,0,15,,125,1,,,0,57,,140,1,,,0,32,,128,1,,,0,72,,143,1,,,0,32,,129,1,,,0,73,,139,1,,,0,33,,132,1,,,0,73,,144,1,,,0,33,,130,1,,,0,73,,142,1,,,0,17,,117,1,,,0,57,,134,1,,,0,17,,114,1,,,0,17,,145,1,,,0,20,,121,1,,,0,60,,126,1,,,0,20,,115,1,,,0,20,,146,1,,,0,60,,118,1,,,0,19,,135,1,,,0,17,,116,1,,,0,57,,147,1,,,0,17,,120,1,,,0,17,,136,1,,,0,56,,112,1,,,0,30,,119,1,,,0,70,,111,1,,,0,100,,113,1,,,0,100,,108,1,,,0,100,,109,1,,,0,100,,110,1,,,0,100,,107,1,,,0
101,'4800',705,,179,1,,,0,30,,178,1,,,0,70,,150,1,,,0,30,,151,1,,,0,70,,148,1,,,0,30,,149,1,,,0,70,,152,1,,,0,30,,153,1,,,0,70,,158,1,,,0,30,,157,1,,,0,70,,156,1,,,0,30,,155,1,,,0,70,,160,1,,,0,30,,154,1,,,0,70,,161,1,,,0,30,,173,1,,,0,70,,174,1,,,0,30,,164,1,,,0,70,,163,1,,,0,30,,165,1,,,0,70,,159,1,,,0,30,,162,1,,,0,70,,175,1,,,0,30,,168,1,,,0,70,,176,1,,,0,30,,166,1,,,0,70,,177,1,,,0,35,,169,1,,,0,100,,167,1,,,0,100,,170,1,,,0,100,,171,1,,,0,96,,172,1,,,0
101,'5102',600,,4072,1,,,0,30,,4061,1,,,0,70,,4076,1,,,0,16,,4057,1,,,0,16,,4064,1,,,0,16,,4058,1,,,0,9,,4040,1,,,0,47,,4071,1,,,0,16,,4056,1,,,0,16,,4066,1,,,0,15,,4059,1,,,0,57,,4074,1,,,0,32,,4062,1,,,0,72,,4078,1,,,0,32,,4063,1,,,0,73,,4073,1,,,0,33,,4067,1,,,0,73,,4075,1,,,0,33,,4065,1,,,0,73,,4077,1,,,0,17,,4051,1,,,0,57,,4068,1,,,0,17,,4050,1,,,0,17,,4079,1,,,0,20,,4055,1,,,0,60,,4060,1,,,0,20,,4048,1,,,0,20,,4080,1,,,0,60,,4052,1,,,0,19,,4069,1,,,0,17,,4049,1,,,0,57,,4081,1,,,0,17,,4054,1,,,0,17,,4070,1,,,0,56,,4046,1,,,0,30,,4053,1,,,0,70,,4045,1,,,0,100,,4047,1,,,0,100,,4042,1,,,0,100,,4043,1,,,0,100,,4044,1,,,0,100,,4041,1,,,0
101,'5105',705,,4113,1,,,0,30,,4112,1,,,0,70,,4084,1,,,0,30,,4085,1,,,0,70,,4082,1,,,0,30,,4083,1,,,0,70,,4086,1,,,0,30,,4087,1,,,0,70,,4092,1,,,0,30,,4091,1,,,0,70,,4090,1,,,0,30,,4089,1,,,0,70,,4094,1,,,0,30,,4088,1,,,0,70,,4095,1,,,0,30,,4107,1,,,0,70,,4108,1,,,0,30,,4098,1,,,0,70,,4097,1,,,0,30,,4099,1,,,0,70,,4093,1,,,0,30,,4096,1,,,0,70,,4109,1,,,0,30,,4102,1,,,0,70,,4110,1,,,0,30,,4100,1,,,0,70,,4111,1,,,0,35,,4103,1,,,0,100,,4101,1,,,0,100,,4104,1,,,0,100,,4105,1,,,0,96,,4106,1,,,0
8801,'4795',1541,,2290,4,,,0
8801,'5102',1541,,6156,4,,,0
