1000,'4327',730,,4725,1,,,0,85,,4713,1,,,0,85,,4726,1,,,0,45,,4714,1,,,0,85,,4715,1,,,0,85,,4717,1,,,0,85,,4727,1,,,0,45,,4718,1,,,0,85,,4716,1,,,0,85,,4719,1,,,0,85,,4728,1,,,0,45,,4720,1,,,0,85,,4723,1,,,0,85,,4724,1,,,0,85,,4729,1,,,0,45,,4722,1,,,0,85,,4721,1,,,0,85,,4732,1,,,0,85,,4733,1,,,0,45,,4730,1,,,0,85,,4735,1,,,0,85,,4731,1,,,0,85,,4734,1,,,0
1000,'4795',520,,3084,1,,,0,80,,3078,1,,,0,20,,3066,1,,,0,20,,3074,1,,,0,60,,3069,1,,,0,20,,3080,1,,,0,20,,3067,1,,,0,60,,3075,1,,,0,20,,3065,1,,,0,20,,3071,1,,,0,66,,3081,1,,,0,32,,3068,1,,,0,72,,3070,1,,,0,32,,3079,1,,,0,72,,3076,1,,,0,32,,3073,1,,,0,72,,3083,1,,,0,32,,3077,1,,,0,72,,3072,1,,,0,32,,3082,1,,,0,66,,854,1,,,0,20,,3064,1,,,0,60,,3086,1,,,0,20,,3087,1,,,0,20,,3088,1,,,0,60,,845,1,,,0,20,,3089,1,,,0,20,,3090,1,,,0,60,,3091,1,,,0,20,,3092,1,,,0,20,,850,1,,,0,60,,3093,1,,,0,40,,3094,1,,,0,80,,3095,1,,,0,80,,3062,1,,,0,40,,3096,1,,,0,80,,3063,1,,,0,80,,3060,1,,,0,40,,3097,1,,,0,80,,3059,1,,,0,80,,3061,1,,,0,40,,3098,1,,,0,75,,3085,1,0,5 6,0
1000,'4800',730,,3120,1,,,0,85,,3107,1,,,0,85,,3108,1,,,0,45,,3102,1,,,0,85,,3101,1,,,0,85,,3109,1,,,0,85,,3110,1,,,0,45,,3103,1,,,0,85,,3116,1,,,0,85,,3117,1,,,0,85,,3114,1,,,0,45,,3119,1,,,0,85,,3112,1,,,0,85,,3106,1,,,0,85,,3121,1,,,0,45,,3111,1,,,0,85,,3099,1,,,0,85,,3115,1,,,0,85,,3104,1,,,0,45,,3100,1,,,0,85,,3118,1,,,0,85,,3105,1,,,0,85,,3113,1,,,0
1000,'5102',520,,4761,1,,,0,80,,4755,1,,,0,20,,4743,1,,,0,20,,4752,1,,,0,60,,4746,1,,,0,20,,4758,1,,,0,20,,4744,1,,,0,60,,4753,1,,,0,20,,4742,1,,,0,20,,4748,1,,,0,66,,4759,1,,,0,32,,4745,1,,,0,72,,4747,1,,,0,32,,4756,1,,,0,72,,4754,1,,,0,32,,4750,1,,,0,72,,4757,1,,,0,32,,4751,1,,,0,72,,4749,1,,,0,32,,4760,1,,,0,66,,4775,1,,,0,20,,4741,1,,,0,60,,4763,1,,,0,20,,4764,1,,,0,20,,4765,1,,,0,60,,4766,1,,,0,20,,4767,1,,,0,20,,4768,1,,,0,60,,4770,1,,,0,20,,4771,1,,,0,20,,4772,1,,,0,60,,4769,1,,,0,40,,4773,1,,,0,80,,4774,1,,,0,80,,4739,1,,,0,40,,4776,1,,,0,80,,4740,1,,,0,80,,4738,1,,,0,40,,4777,1,,,0,80,,4737,1,,,0,80,,4736,1,,,0,40,,4778,1,,,0,75,,4762,1,0,5 6,0
1000,'5105',730,,4800,1,,,0,85,,4787,1,,,0,85,,4788,1,,,0,45,,4782,1,,,0,85,,4781,1,,,0,85,,4789,1,,,0,85,,4790,1,,,0,45,,4783,1,,,0,85,,4796,1,,,0,85,,4797,1,,,0,85,,4794,1,,,0,45,,4799,1,,,0,85,,4792,1,,,0,85,,4786,1,,,0,85,,4801,1,,,0,45,,4791,1,,,0,85,,4779,1,,,0,85,,4795,1,,,0,85,,4784,1,,,0,45,,4780,1,,,0,85,,4798,1,,,0,85,,4785,1,,,0,85,,4793,1,,,0
1001,'4327',753,,4802,31,4,,0,86,,4808,31,4,,0,88,,4815,31,4,,0,86,,4805,31,4,,0,46,,4803,31,4,,0,87,,4804,31,4,,0,85,,4816,31,4,,0,85,,4807,31,4,,0,85,,4806,31,4,,0,45,,4813,31,4,,0,85,,4817,31,4,,0,85,,4809,31,4,,0,85,,4814,31,4,,0,44,,4811,31,4,,0,83,,4818,31,4,,0,84,,4812,31,4,,0,44,,4810,31,4,,0,85,,4822,31,4,,0,82,,4821,31,4,,0,85,,4823,31,4,,0,44,,4820,31,4,,0,85,,4824,31,4,,0,85,,4819,31,4,,0
1001,'4795',546,,3149,31,4,,0,61,,3172,31,4,,0,20,,3150,31,4,,0,20,,3151,31,4,,0,60,,3152,31,4,,0,21,,3153,31,4,,0,17,,3154,31,4,,0,56,,3155,31,4,,0,23,,3156,31,4,,0,20,,3157,31,4,,0,60,,3158,31,4,,0,19,,3159,31,4,,0,20,,3160,31,4,,0,60,,3161,31,4,,0,28,,3162,31,4,,0,72,,3173,31,4,,0,32,,3163,31,4,,0,72,,3164,31,4,,0,32,,3165,31,4,,0,72,,3166,31,4,,0,32,,3167,31,4,,0,72,,3174,31,4,,0,33,,3168,31,4,,0,70,,3182,31,4,,0,29,,943,31,4,,0,61,,3169,31,4,,0,20,,3175,31,4,,0,20,,3176,31,4,,0,60,,3177,31,4,,0,19,,937,31,4,,0,18,,3178,31,4,,0,58,,3179,31,4,,0,19,,3180,31,4,,0,19,,3181,31,4,,0,68,,3186,31,4,,0,40,,3187,31,4,,0,79,,3183,31,4,,0,79,,3170,31,4,,0,40,,3171,31,4,,0,79,,3184,31,4,,0,80,,3148,31,4,,0,40,,3145,31,4,,0,80,,3185,31,4,,0,80,,3146,31,4,,0
1001,'4800',757,,3191,31,4,,0,85,,3189,31,4,,0,86,,3190,31,4,,0,86,,3205,31,4,,0,87,,3197,31,4,,0,48,,3203,31,4,,0,85,,3201,31,4,,0,85,,3210,31,4,,0,85,,3194,31,4,,0,45,,3206,31,4,,0,85,,3200,31,4,,0,84,,3198,31,4,,0,85,,3188,31,4,,0,44,,3193,31,4,,0,83,,3202,31,4,,0,85,,3199,31,4,,0,43,,3208,31,4,,0,84,,3192,31,4,,0,83,,3196,31,4,,0,85,,3204,31,4,,0,43,,3195,31,4,,0,85,,3207,31,4,,0,85,,3209,31,4,,0
1001,'5102',546,,4829,31,4,,0,61,,4852,31,4,,0,20,,4830,31,4,,0,20,,4831,31,4,,0,60,,4832,31,4,,0,21,,4833,31,4,,0,17,,4834,31,4,,0,56,,4835,31,4,,0,23,,4836,31,4,,0,20,,4837,31,4,,0,60,,4838,31,4,,0,19,,4839,31,4,,0,20,,4840,31,4,,0,60,,4841,31,4,,0,28,,4843,31,4,,0,72,,4853,31,4,,0,32,,4844,31,4,,0,72,,4845,31,4,,0,32,,4842,31,4,,0,72,,4846,31,4,,0,32,,4848,31,4,,0,72,,4854,31,4,,0,33,,4849,31,4,,0,70,,4864,31,4,,0,29,,4865,31,4,,0,61,,4850,31,4,,0,20,,4855,31,4,,0,20,,4856,31,4,,0,60,,4857,31,4,,0,19,,4858,31,4,,0,18,,4859,31,4,,0,58,,4860,31,4,,0,19,,4861,31,4,,0,19,,4862,31,4,,0,68,,4868,31,4,,0,40,,4869,31,4,,0,79,,4866,31,4,,0,79,,4847,31,4,,0,40,,4851,31,4,,0,79,,4863,31,4,,0,80,,4828,31,4,,0,40,,4825,31,4,,0,80,,4867,31,4,,0,80,,4826,31,4,,0
1001,'5105',757,,4873,31,4,,0,85,,4871,31,4,,0,86,,4872,31,4,,0,86,,4887,31,4,,0,87,,4879,31,4,,0,48,,4885,31,4,,0,85,,4883,31,4,,0,85,,4892,31,4,,0,85,,4876,31,4,,0,45,,4888,31,4,,0,85,,4882,31,4,,0,84,,4880,31,4,,0,85,,4870,31,4,,0,44,,4875,31,4,,0,83,,4884,31,4,,0,85,,4881,31,4,,0,43,,4890,31,4,,0,84,,4874,31,4,,0,83,,4878,31,4,,0,85,,4886,31,4,,0,43,,4877,31,4,,0,85,,4889,31,4,,0,85,,4891,31,4,,0
