801,'4327',625,,4554,7,,,0,77,,4555,21,,,0,35,,4556,21,,,0,75,,4557,21,,,0,36,,4558,21,,,0,75,,4559,21,,,0,35,,4560,21,,,0,75,,4561,21,,,0,75,,4563,21,,,0,30,,4564,21,,,0,70,,4565,21,,,0,30,,4562,21,,,0,70,,4568,21,,,0,30,,4569,21,,,0,70,,4566,21,,,0,30,,4567,21,,,0,70,,4570,21,,,0,30,,4571,21,,,0,70,,4572,21,,,0,30,,4574,21,,,0,70,,4575,21,,,0,30,,4576,21,,,0,69,,4573,21,,,0,29,,4577,21,,,0,70,,4578,21,,,0,30,,4579,21,,,0,70,,4580,21,,,0,45,,4581,21,,,0,85,,4582,21,,,0,85,,4583,21,,,0,85,,4552,21,,,0,45,,4553,21,,,0
801,'4795',602,,2938,21,,,0,40,,2939,7,,,0,11,,2940,21,,,0,55,,2941,7,,,0,7,,2942,21,,,0,16,,2943,21,,,0,15,,2944,21,,,0,55,,2945,21,,,0,15,,2946,21,,,0,15,,2947,21,,,0,15,,2948,21,,,0,55,,2949,21,,,0,15,,2950,21,,,0,15,,2951,21,,,0,15,,2952,21,,,0,55,,2953,21,,,0,15,,2954,21,,,0,15,,2955,21,,,0,15,,2956,21,,,0,55,,2957,21,,,0,15,,2958,21,,,0,15,,2959,21,,,0,15,,2960,21,,,0,55,,2961,21,,,0,15,,2962,21,,,0,15,,2963,21,,,0,15,,2964,21,,,0,55,,2965,21,,,0,15,,2966,21,,,0,15,,2967,21,,,0,15,,2968,21,,,0,55,,2969,21,,,0,15,,2970,21,,,0,15,,2971,21,,,0,15,,2972,21,,,0,56,,2973,21,,,0,16,,2974,21,,,0,16,,699,10,,,0,3,,2975,21,,,0,16,,2976,21,,,0,54,,2977,21,,,0,15,,2978,21,,,0,16,,2979,21,,,0,16,,2980,21,,,0,56,,2981,21,,,0,15,,2982,21,,,0,16,,2983,21,,,0,15,,2984,21,,,0,56,,2985,21,,,0,15,,2986,21,,,0,15,,2987,21,,,0,16,,2988,21,,,0,57,,2989,21,,,0,18,,2990,21,,,0,25,,2991,21,,,0,66,,2992,21,,,0,24,,2993,21,,,0,65,,2994,21,,,0,25,,2995,21,,,0,65,,2996,21,,,0,45,,2997,21,,,0,84,,2998,21,,,0,84,,2999,21,,,0,85,,3000,21,,,0
801,'4800',625,,3025,7,,,0,77,,3032,21,,,0,35,,3015,21,,,0,75,,3022,21,,,0,36,,3031,21,,,0,75,,3014,21,,,0,35,,3024,21,,,0,75,,3030,21,,,0,70,,3004,21,,,0,30,,3013,21,,,0,25,,3019,21,,,0,65,,3029,21,,,0,25,,761,21,,,0,60,,3002,21,,,0,20,,3012,21,,,0,20,,3034,21,,,0,60,,3018,21,,,0,20,,3027,21,,,0,20,,763,21,,,0,60,,3001,21,,,0,20,,3010,21,,,0,20,,3033,21,,,0,60,,3016,21,,,0,20,,3026,21,,,0,20,,764,21,,,0,60,,3003,21,,,0,20,,3011,21,,,0,19,,3035,21,,,0,60,,3017,21,,,0,20,,3028,21,,,0,20,,759,21,,,0,59,,3005,21,,,0,30,,3007,21,,,0,70,,3020,21,,,0,45,,3006,21,,,0,85,,3023,21,,,0,85,,3008,21,,,0,85,,3021,21,,,0,44,,3009,21,,,0,85,,749,21,,,0
801,'5102',602,,4584,21,,,0,40,,4585,7,,,0,11,,4586,21,,,0,55,,4587,7,,,0,7,,4588,21,,,0,16,,4589,21,,,0,15,,4591,21,,,0,55,,4592,21,,,0,15,,4593,21,,,0,15,,4590,21,,,0,15,,4595,21,,,0,55,,4596,21,,,0,15,,4597,21,,,0,15,,4594,21,,,0,15,,4598,21,,,0,55,,4599,21,,,0,15,,4600,21,,,0,15,,4601,21,,,0,15,,4602,21,,,0,55,,4603,21,,,0,15,,4604,21,,,0,15,,4606,21,,,0,15,,4607,21,,,0,55,,4609,21,,,0,15,,4605,21,,,0,15,,4610,21,,,0,15,,4611,21,,,0,55,,4608,21,,,0,15,,4612,21,,,0,15,,4613,21,,,0,15,,4614,21,,,0,55,,4615,21,,,0,15,,4616,21,,,0,15,,4617,21,,,0,15,,4619,21,,,0,56,,4621,21,,,0,16,,4618,21,,,0,16,,4622,10,,,0,3,,4623,21,,,0,16,,4624,21,,,0,54,,4625,21,,,0,15,,4626,21,,,0,16,,4627,21,,,0,16,,4628,21,,,0,56,,4630,21,,,0,15,,4632,21,,,0,16,,4633,21,,,0,15,,4629,21,,,0,56,,4634,21,,,0,15,,4631,21,,,0,15,,4635,21,,,0,16,,4636,21,,,0,57,,4637,21,,,0,18,,4638,21,,,0,25,,4639,21,,,0,66,,4640,21,,,0,24,,4641,21,,,0,65,,4642,21,,,0,25,,4643,21,,,0,65,,4644,21,,,0,45,,4646,21,,,0,84,,4647,21,,,0,84,,4648,21,,,0,85,,4645,21,,,0
801,'5105',625,,4674,7,,,0,77,,4681,21,,,0,35,,4663,21,,,0,75,,4670,21,,,0,36,,4680,21,,,0,75,,4662,21,,,0,35,,4673,21,,,0,75,,4679,21,,,0,70,,4652,21,,,0,30,,4661,21,,,0,25,,4667,21,,,0,65,,4678,21,,,0,25,,4684,21,,,0,60,,4650,21,,,0,20,,4660,21,,,0,20,,4685,21,,,0,60,,4666,21,,,0,20,,4676,21,,,0,20,,4686,21,,,0,60,,4649,21,,,0,20,,4658,21,,,0,20,,4683,21,,,0,60,,4664,21,,,0,20,,4675,21,,,0,20,,4687,21,,,0,60,,4651,21,,,0,20,,4659,21,,,0,19,,4688,21,,,0,60,,4665,21,,,0,20,,4677,21,,,0,20,,4682,21,,,0,59,,4653,21,,,0,30,,4655,21,,,0,70,,4668,21,,,0,45,,4654,21,,,0,85,,4671,21,,,0,85,,4656,21,,,0,85,,4669,21,,,0,44,,4657,21,,,0,85,,4672,21,,,0
9801,'4327',959,,6464,10,,,0,86,,6471,10,,,0,85,,6463,10,,,0,85,,6467,10,,,0,85,,6462,10,,,0,45,,6469,10,,,0,85,,6461,10,,,0,85,,6465,10,,,0,85,,6460,10,,,0,45,,6468,10,,,0,169,,6466,10,,,0,130,,6470,10,,,0,170,,6472,10,,,0
9801,'4795',645,,2737,10,,,0,61,,2736,10,,,0,21,,2723,10,,,0,20,,2716,10,,,0,61,,2722,10,,,0,21,,2725,10,,,0,21,,2732,10,,,0,61,,2724,10,,,0,42,,2729,10,,,0,83,,2735,10,,,0,83,,2721,10,,,0,85,,2731,10,,,0,45,,2739,10,,,0,85,,2728,10,,,0,85,,2730,10,,,0,85,,2710,10,,,0,29,,2717,10,,,0,20,,2720,10,,,0,60,,2727,10,,,0,20,,2726,10,,,0,20,,2712,10,,,0,59,,2719,10,,,0,20,,2715,10,,,0,19,,2713,10,,,0,60,,2740,10,,,0,20,,2709,10,,,0,21,,2741,10,,,0,79,,2711,10,,,0,80,,2718,10,,,0,40,,2738,10,,,0,79,,2708,10,,,0,80,,2734,10,,,0,40,,2714,10,,,0,79,,2733,10,,,0
9801,'4800',1001,,2744,10,,,0,45,,2755,10,,,0,85,,2743,10,,,0,85,,2751,10,,,0,85,,2746,10,,,0,45,,2750,10,,,0,85,,2745,10,,,0,85,,2749,10,,,0,85,,2742,10,,,0,45,,2748,10,,,0,85,,2747,10,,,0,84,,2752,10,,,0,129,,2753,10,,,0,170,,2754,10,,,0
9801,'5102',645,,6496,10,,,0,61,,6489,10,,,0,21,,6497,10,,,0,20,,6494,10,,,0,61,,6498,10,,,0,21,,6490,10,,,0,82,,6493,10,,,0,42,,6492,10,,,0,83,,6495,10,,,0,83,,6491,10,,,0,85,,6479,10,,,0,45,,6483,10,,,0,85,,6477,10,,,0,85,,6478,10,,,0,87,,6474,10,,,0,25,,6501,10,,,0,22,,6484,10,,,0,60,,6499,10,,,0,20,,6500,10,,,0,20,,6488,10,,,0,78,,6486,10,,,0,89,,6487,10,,,0,90,,6485,10,,,0,49,,6476,10,,,0,86,,6482,10,,,0,85,,6473,10,,,0,80,,6481,10,,,0,40,,6475,10,,,0,79,,6480,10,,,0
9801,'5105',1001,,6504,10,,,0,45,,6515,10,,,0,85,,6503,10,,,0,85,,6511,10,,,0,85,,6506,10,,,0,45,,6510,10,,,0,85,,6505,10,,,0,85,,6509,10,,,0,85,,6502,10,,,0,45,,6508,10,,,0,85,,6507,10,,,0,84,,6512,10,,,0,129,,6513,10,,,0,170,,6514,10,,,0
