600,'4327',858,,4337,19,,,0,160,,4338,19,,,0,120,,4339,19,,,0,120,,4341,19,,,0,160,,4343,19,,,0,120,,4344,19,,,0,120,,4340,19,,,0,160,,4342,19,,,0
600,'4795',709,,417,19,,,0,35,,2765,19,,,0,75,,416,19,,,0,35,,2766,19,,,0,75,,424,19,,,0,110,,425,19,,,0,110,,426,19,,,0,110,,422,19,,,0,151,,423,19,,,0,35,,430,19,,,0,75,,421,19,,,0,35,,429,19,,,0,75,,420,19,,,0,75,,432,19,,,0,35,,419,19,,,0,74,,433,19,,,0,35,,418,19,,,0,110,,434,19,,,0,150,,431,19,,,0,112,,435,19,,,0
600,'4800',821,,445,19,,,0,100,,437,19,,,0,100,,2767,19,,,0,100,,439,19,,,0,100,,441,19,,,0,100,,438,19,,,0,100,,442,19,,,0,100,,443,19,,,0,100,,440,19,,,0,100,,2768,19,,,0
600,'5102',709,,4346,19,,,0,110,,4345,19,,,0,110,,4354,19,,,0,110,,4355,19,,,0,110,,4353,19,,,0,110,,4352,19,,,0,151,,4351,19,,,0,35,,4357,19,,,0,75,,4350,19,,,0,35,,4356,19,,,0,75,,4349,19,,,0,75,,4359,19,,,0,35,,4348,19,,,0,74,,4360,19,,,0,35,,4347,19,,,0,110,,4361,19,,,0,150,,4358,19,,,0
600,'5105',821,,4371,19,,,0,100,,4363,19,,,0,100,,4362,19,,,0,100,,4365,19,,,0,100,,4367,19,,,0,100,,4364,19,,,0,100,,4368,19,,,0,100,,4369,19,,,0,100,,4366,19,,,0,100,,4370,19,,,0
1801,'4327',824,,5332,13,,,0,115,,5333,13,,,0,120,,5330,13,,,0,155,,5331,13,,,0,120,,5329,13,,,0,115,,5328,13,,,0,160,,5334,13,,,0,115,,5335,13,,,0,119,,5336,13,,,0,115,,5337,13,,,0,155,,5338,13,,,0,115,,5339,13,,,0
1801,'4795',635,,3434,13,,,0,108,,1474,13,,,0,66,,1454,13,,,0,26,,1475,13,,,0,69,,1455,13,,,0,28,,1478,13,,,0,27,,1457,13,,,0,80,,1456,13,,,0,80,,1461,13,,,0,40,,1462,13,,,0,80,,1464,13,,,0,80,,1463,13,,,0,81,,1458,13,,,0,40,,1459,13,,,0,68,,1477,13,,,0,28,,1460,13,,,0,68,,1476,13,,,0,28,,1473,13,,,0,69,,1479,13,,,0,27,,1467,13,,,0,30,,1480,13,,,0,68,,1466,13,,,0,95,,1470,13,,,0,37,,1469,13,,,0,80,,1468,13,,,0,120,,1471,13,,,0,149,,1465,13,,,0
1801,'4800',754,,3437,13,,,0,103,,1487,13,,,0,100,,1488,13,,,0,100,,3441,13,,,0,100,,1492,13,,,0,100,,1489,13,,,0,100,,1490,13,,,0,100,,1493,13,,,0,100,,1494,13,,,0,100,,1495,13,,,0,100,,3442,13,,,0,166,,3438,13,,,0,115,,3440,13,,,0,115,,3436,13,,,0,155,,3439,13,,,0,115,,3435,13,,,0
1801,'5102',635,,5358,13,,,0,108,,5360,13,,,0,66,,5340,13,,,0,26,,5361,13,,,0,69,,5341,13,,,0,28,,5364,13,,,0,27,,5343,13,,,0,80,,5342,13,,,0,80,,5347,13,,,0,40,,5348,13,,,0,80,,5350,13,,,0,80,,5349,13,,,0,81,,5345,13,,,0,40,,5346,13,,,0,68,,5363,13,,,0,28,,5344,13,,,0,68,,5362,13,,,0,28,,5359,13,,,0,69,,5365,13,,,0,27,,5353,13,,,0,30,,5366,13,,,0,68,,5352,13,,,0,95,,5356,13,,,0,37,,5355,13,,,0,80,,5354,13,,,0,120,,5357,13,,,0,149,,5351,13,,,0
1801,'5105',754,,5369,13,,,0,103,,5373,13,,,0,100,,5374,13,,,0,100,,5377,13,,,0,100,,5378,13,,,0,100,,5375,13,,,0,100,,5376,13,,,0,100,,5379,13,,,0,100,,5380,13,,,0,100,,5381,13,,,0,100,,5382,13,,,0,166,,5370,13,,,0,115,,5372,13,,,0,115,,5368,13,,,0,155,,5371,13,,,0,115,,5367,13,,,0
