2600,'4327',1105,,6040,15,4,,0,228,,6041,15,4,,0,291,,6042,15,4,,0,303,,6043,15,4,,0
2600,'4795',601,,2156,15,4,,0,35,,2157,15,4,,0,80,,2158,15,4,,0,38,,2160,15,4,,0,78,,2159,15,4,,0,77,,2161,15,4,,0,117,,2162,15,4,,0,124,,2163,15,4,,0,176,,2164,15,4,,0,176,,2166,15,4,,0,38,,2168,15,4,,0,79,,2167,15,4,,0,34,,2165,15,4,,0,75,,2169,15,4,,0,120,,2170,15,4,,0,198,,2172,15,4,,0,175,,2171,15,4,,0
2600,'4800',739,,2174,15,4,,0,114,,2173,15,4,,0,168,,2178,15,4,,0,133,,2179,15,4,,0,172,,2180,15,4,,0,176,,2175,15,4,,0,123,,2177,15,4,,0,90,,2176,15,4,,0,197,,2181,15,4,,0,28,,2182,15,4,,0,177,,2183,15,4,,0
2600,'5102',601,,6044,15,4,,0,35,,6045,15,4,,0,80,,6046,15,4,,0,38,,6048,15,4,,0,78,,6047,15,4,,0,77,,6049,15,4,,0,117,,6050,15,4,,0,124,,6051,15,4,,0,176,,6052,15,4,,0,176,,6054,15,4,,0,38,,6056,15,4,,0,79,,6055,15,4,,0,34,,6053,15,4,,0,75,,6057,15,4,,0,120,,6058,15,4,,0,198,,6060,15,4,,0,175,,6059,15,4,,0
2600,'5105',739,,6062,15,4,,0,114,,6061,15,4,,0,168,,6066,15,4,,0,133,,6067,15,4,,0,172,,6068,15,4,,0,176,,6063,15,4,,0,123,,6065,15,4,,0,90,,6064,15,4,,0,197,,6069,15,4,,0,28,,6070,15,4,,0,177,,6071,15,4,,0
2601,'4327',714,,6073,1,,,0,34,,6072,1,,,0,364,,6074,1,,,0,231,,6075,1,,,0,288,,6076,1,,,0,303,,6077,1,,,0
2601,'4795',608,,2191,1,,,0,37,,2190,1,,,0,75,,2192,1,,,0,39,,2194,1,,,0,76,,2193,1,,,0,120,,2195,1,,,0,166,,2196,1,,,0,134,,2197,1,,,0,176,,2198,1,,,0,77,,2200,1,,,0,35,,2201,1,,,0,79,,2199,1,,,0,35,,2202,1,,,0,82,,2203,1,,,0,72,,2204,1,,,0,108,,2205,1,,,0,135,,2206,1,,,0
2601,'4800',733,,2207,1,,,0,100,,2208,1,,,0,195,,2211,1,,,0,173,,2213,1,,,0,132,,2212,1,,,0,172,,2210,1,,,0,51,,2209,1,,,0,164,,2214,1,,,0,199,,2216,1,,,0,30,,2215,1,,,0,175,,2217,1,,,0
2601,'5102',608,,6078,1,,,0,37,,6079,1,,,0,75,,6080,1,,,0,39,,6082,1,,,0,76,,6081,1,,,0,120,,6083,1,,,0,166,,6084,1,,,0,134,,6085,1,,,0,176,,6086,1,,,0,77,,6088,1,,,0,35,,6089,1,,,0,79,,6087,1,,,0,35,,6090,1,,,0,82,,6091,1,,,0,72,,6092,1,,,0,108,,6093,1,,,0,135,,6094,1,,,0
2601,'5105',733,,6095,1,,,0,100,,6096,1,,,0,195,,6099,1,,,0,173,,6101,1,,,0,132,,6100,1,,,0,172,,6098,1,,,0,51,,6097,1,,,0,164,,6102,1,,,0,199,,6104,1,,,0,30,,6103,1,,,0,175,,6105,1,,,0
2900,'4795',615,,2230,1,,,0,25,,2230,32,4,,0,5,,2231,1,,,0,65,,2231,32,4,,0,5,,2233,1,,,0,25,,2233,32,4,,0,10,,2232,1,,,0,66,,2232,32,4,,0,5,,2240,1,,,0,26,,2240,32,4,,0,608,,2241,1,,,0,66,,2241,32,4,,0,9,,2239,1,,,0,27,,2239,32,4,,0,43,,2236,1,,,0,26,,2236,32,4,,0,4,,2234,1,,,0,26,,2234,32,4,,0,49,,2235,1,,,0,26,,2235,32,4,,0,9,,2237,1,,,0,66,,2237,32,4,,0,44,,2238,1,,,0,65,,2238,32,4,,0
2900,'5102',615,,6118,1,,,0,25,,6118,32,4,,0,5,,6119,1,,,0,65,,6119,32,4,,0,5,,6121,1,,,0,25,,6121,32,4,,0,10,,6120,1,,,0,66,,6120,32,4,,0,5,,6128,1,,,0,26,,6128,32,4,,0,608,,6129,1,,,0,66,,6129,32,4,,0,9,,6127,1,,,0,27,,6127,32,4,,0,43,,6124,1,,,0,26,,6124,32,4,,0,4,,6122,1,,,0,26,,6122,32,4,,0,49,,6123,1,,,0,26,,6123,32,4,,0,9,,6125,1,,,0,66,,6125,32,4,,0,44,,6126,1,,,0,65,,6126,32,4,,0
