1001,'4327',743,,4802,18,,,0,86,,4808,18,,,0,87,,4815,18,,,0,85,,4805,18,,,0,46,,4803,18,,,0,86,,4804,18,,,0,85,,4816,18,,,0,85,,4807,18,,,0,45,,4806,18,,,0,85,,4813,18,,,0,85,,4817,18,,,0,85,,4809,18,,,0,45,,4814,18,,,0,85,,4811,18,,,0,83,,4818,18,,,0,85,,4812,18,,,0,44,,4810,18,,,0,85,,4822,18,,,0,83,,4821,18,,,0,45,,4823,18,,,0,84,,4820,18,,,0,85,,4824,18,,,0,85,,4819,18,,,0
1001,'4795',537,,3149,18,,,0,20,,3172,18,,,0,60,,3150,18,,,0,20,,3151,18,,,0,20,,3152,18,,,0,61,,3153,18,,,0,16,,3154,18,,,0,15,,3155,18,,,0,62,,3156,18,,,0,20,,3157,18,,,0,20,,3158,18,,,0,59,,3159,18,,,0,20,,3160,18,,,0,20,,3161,18,,,0,68,,3162,18,,,0,32,,3173,18,,,0,72,,3163,18,,,0,32,,3164,18,,,0,72,,3165,18,,,0,32,,3166,18,,,0,72,,3167,18,,,0,72,,3174,18,,,0,33,,3168,18,,,0,70,,3182,18,,,0,29,,943,18,,,0,21,,3169,18,,,0,60,,3175,18,,,0,20,,3176,18,,,0,20,,3177,18,,,0,59,,937,18,,,0,18,,3178,18,,,0,18,,3179,18,,,0,60,,3180,18,,,0,20,,3181,18,,,0,29,,3186,18,,,0,80,,3187,18,,,0,80,,3183,18,,,0,39,,3170,18,,,0,80,,3171,18,,,0,79,,3184,18,,,0,40,,3148,18,,,0,80,,3145,18,,,0,80,,3185,18,,,0,40,,3146,18,,,0
1001,'4800',746,,3191,18,,,0,85,,3189,18,,,0,86,,3190,18,,,0,85,,3205,18,,,0,47,,3197,18,,,0,87,,3203,18,,,0,85,,3201,18,,,0,85,,3210,18,,,0,45,,3194,18,,,0,85,,3206,18,,,0,85,,3200,18,,,0,84,,3198,18,,,0,45,,3188,18,,,0,85,,3193,18,,,0,83,,3202,18,,,0,85,,3199,18,,,0,43,,3208,18,,,0,85,,3192,18,,,0,84,,3196,18,,,0,85,,3204,18,,,0,43,,3195,18,,,0,85,,3207,18,,,0,85,,3209,18,,,0
1001,'5102',537,,4829,18,,,0,20,,4852,18,,,0,60,,4830,18,,,0,20,,4831,18,,,0,20,,4832,18,,,0,61,,4833,18,,,0,16,,4834,18,,,0,15,,4835,18,,,0,62,,4836,18,,,0,20,,4837,18,,,0,20,,4838,18,,,0,59,,4839,18,,,0,20,,4840,18,,,0,20,,4841,18,,,0,68,,4843,18,,,0,32,,4853,18,,,0,72,,4844,18,,,0,32,,4845,18,,,0,72,,4842,18,,,0,32,,4846,18,,,0,72,,4848,18,,,0,72,,4854,18,,,0,33,,4849,18,,,0,70,,4864,18,,,0,29,,4865,18,,,0,21,,4850,18,,,0,60,,4855,18,,,0,20,,4856,18,,,0,20,,4857,18,,,0,59,,4858,18,,,0,18,,4859,18,,,0,18,,4860,18,,,0,60,,4861,18,,,0,20,,4862,18,,,0,29,,4868,18,,,0,80,,4869,18,,,0,80,,4866,18,,,0,39,,4847,18,,,0,80,,4851,18,,,0,79,,4863,18,,,0,40,,4828,18,,,0,80,,4825,18,,,0,80,,4867,18,,,0,40,,4826,18,,,0
1001,'5105',746,,4873,18,,,0,85,,4871,18,,,0,86,,4872,18,,,0,85,,4887,18,,,0,47,,4879,18,,,0,87,,4885,18,,,0,85,,4883,18,,,0,85,,4892,18,,,0,45,,4876,18,,,0,85,,4888,18,,,0,85,,4882,18,,,0,84,,4880,18,,,0,45,,4870,18,,,0,85,,4875,18,,,0,83,,4884,18,,,0,85,,4881,18,,,0,43,,4890,18,,,0,85,,4874,18,,,0,84,,4878,18,,,0,85,,4886,18,,,0,43,,4877,18,,,0,85,,4889,18,,,0,85,,4891,18,,,0
1900,'4327',801,,5388,2,,,0,115,,5387,2,,,0,120,,5386,2,,,0,115,,5385,2,,,0,160,,5384,2,,,0,115,,5383,2,,,0,120,,5389,2,,,0,155,,5390,2,,,0,120,,5392,2,,,0,115,,5391,2,,,0,115,,5393,2,,,0,155,,5394,2,,,0
1900,'4795',706,,1541,2,,,0,20,,1540,2,,,0,20,,1537,2,,,0,60,,1538,2,,,0,20,,1515,2,,,0,20,,1535,2,,,0,60,,1514,2,,,0,35,,1521,2,,,0,75,,1518,2,,,0,35,,1517,2,,,0,75,,1516,2,,,0,75,,1519,2,,,0,35,,1520,2,,,0,75,,1523,2,,,0,35,,1524,2,,,0,75,,1527,2,,,0,20,,1509,2,,,0,60,,1525,2,,,0,20,,1510,2,,,0,20,,1526,2,,,0,60,,1512,2,,,0,20,,1522,2,,,0,20,,1511,2,,,0,60,,1529,2,,,0,20,,1513,2,,,0,20,,1528,2,,,0,75,,1530,2,,,0,35,,1532,2,,,0,75,,1533,2,,,0,75,,1531,2,,,0,35,,1534,2,,,0,100,,1539,2,,,0,110,,1536,2,,,0
1900,'4800',731,,1543,2,,,0,75,,1544,2,,,0,35,,1545,2,,,0,75,,1542,2,,,0,35,,1546,2,,,0,75,,1548,2,,,0,75,,1549,2,,,0,35,,1550,2,,,0,75,,1547,2,,,0,35,,1551,2,,,0,75,,1553,2,,,0,35,,1554,2,,,0,75,,1555,2,,,0,75,,1552,2,,,0,35,,1556,2,,,0,75,,1557,2,,,0,35,,1558,2,,,0,75,,1559,2,,,0,75,,1560,2,,,0,100,,3443,2,,,0,115,,3444,2,,,0,115,,3445,2,,,0,115,,3447,2,,,0,155,,3446,2,,,0
1900,'5102',706,,5427,2,,,0,20,,5426,2,,,0,20,,5423,2,,,0,60,,5424,2,,,0,20,,5401,2,,,0,20,,5421,2,,,0,60,,5400,2,,,0,35,,5407,2,,,0,75,,5404,2,,,0,35,,5402,2,,,0,75,,5403,2,,,0,75,,5405,2,,,0,35,,5406,2,,,0,75,,5409,2,,,0,35,,5410,2,,,0,75,,5414,2,,,0,23,,5395,2,,,0,57,,5411,2,,,0,20,,5396,2,,,0,20,,5412,2,,,0,60,,5398,2,,,0,20,,5408,2,,,0,20,,5397,2,,,0,60,,5415,2,,,0,20,,5399,2,,,0,20,,5413,2,,,0,75,,5416,2,,,0,35,,5418,2,,,0,75,,5419,2,,,0,75,,5417,2,,,0,35,,5420,2,,,0,100,,5425,2,,,0,110,,5422,2,,,0
1900,'5105',731,,5430,2,,,0,75,,5431,2,,,0,35,,5432,2,,,0,75,,5429,2,,,0,35,,5433,2,,,0,75,,5435,2,,,0,75,,5436,2,,,0,35,,5437,2,,,0,75,,5434,2,,,0,35,,5438,2,,,0,75,,5440,2,,,0,35,,5441,2,,,0,75,,5442,2,,,0,75,,5439,2,,,0,35,,5443,2,,,0,75,,5444,2,,,0,35,,5445,2,,,0,75,,5446,2,,,0,75,,5447,2,,,0,100,,5448,2,,,0,115,,5449,2,,,0,115,,5450,2,,,0,115,,5452,2,,,0,155,,5451,2,,,0
