100,'4528',609,,6791,12,,,0,30,,6803,12,,,0,70,,6792,12,,,0,15,,6784,12,,,0,16,,6802,12,,,0,16,,6782,12,,,0,56,,6789,12,,,0,16,,6783,12,,,0,16,,6801,12,,,0,56,,6779,12,,,0,16,,6793,12,,,0,16,,6785,12,0,13,0,16,,6804,12,,,0,72,,6794,12,,,0,32,,6805,12,,,0,72,,6790,12,,,0,33,,6800,12,,,0,73,,6795,12,,,0,73,,6806,12,,,0,33,,6796,12,,,0,73,,6808,12,,,0,17,,6777,12,,,0,17,,6788,12,,,0,58,,6767,12,,,0,20,,6799,12,,,0,20,,6778,12,,,0,60,,6797,12,,,0,19,,6768,12,,,0,20,,6798,12,,,0,60,,6776,12,,,0,17,,6786,12,,,0,17,,6775,12,,,0,17,,6807,12,,,0,56,,6781,12,,,0,17,,6787,12,,,0,15,,6774,12,,,0,70,,6780,12,,,0,30,,6770,12,,,0,100,,6772,12,,,0,99,,6771,12,,,0,100,,6773,12,,,0,100,,6769,12,,,0
100,'5272',742,,6824,12,,,0,100,,6809,12,,,0,100,,6810,12,,,0,100,,6811,12,,,0,100,,6812,12,,,0,100,,6813,12,,,0,100,,6814,12,,,0,100,,6815,12,,,0,100,,6816,12,,,0,100,,6817,12,,,0,100,,6818,12,,,0,99,,6819,12,,,0,100,,6820,12,,,0,99,,6821,12,,,0,100,,6822,12,,,0,100,,6823,12,,,0
100,'5282',742,,6855,12,,,0,71,,6825,12,,,0,30,,6826,12,,,0,70,,6827,12,,,0,31,,6828,12,,,0,70,,6829,12,,,0,30,,6830,12,,,0,70,,6851,12,,,0,30,,6831,12,,,0,70,,6832,12,,,0,30,,6833,12,,,0,70,,6834,12,,,0,30,,6835,12,,,0,70,,6836,12,,,0,30,,6837,12,,,0,70,,6838,12,,,0,30,,6839,12,,,0,70,,6840,12,,,0,30,,6841,12,,,0,70,,6842,12,,,0,30,,6843,12,,,0,69,,6844,12,,,0,30,,6852,12,,,0,70,,6846,12,,,0,30,,6853,12,,,0,70,,6847,12,,,0,30,,6854,12,,,0,72,,6848,12,,,0,99,,6845,12,,,0,100,,6849,12,,,0,98,,6850,12,,,0
101,'4528',608,,6886,11,,,0,30,,6875,11,,,0,70,,6890,11,,,0,16,,6871,11,,,0,16,,6878,11,,,0,17,,6872,11,,,0,56,,6885,11,,,0,16,,6870,11,,,0,16,,6880,11,,,0,55,,6873,11,,,0,16,,6888,11,,,0,32,,6876,11,,,0,72,,6892,11,,,0,32,,6877,11,,,0,73,,6887,11,,,0,34,,6881,11,,,0,73,,6889,11,,,0,73,,6879,11,,,0,33,,6891,11,,,0,17,,6865,11,,,0,57,,6882,11,,,0,34,,6893,11,,,0,60,,6869,11,,,0,20,,6874,11,,,0,20,,6863,11,,,0,60,,6894,11,,,0,20,,6866,11,,,0,19,,6883,11,,,0,57,,6864,11,,,0,17,,6895,11,,,0,16,,6868,11,,,0,17,,6884,11,,,0,56,,6861,11,,,0,30,,6867,11,,,0,70,,6860,11,,,0,100,,6862,11,,,0,100,,6857,11,,,0,99,,6858,11,,,0,100,,6859,11,,,0,100,,6856,11,,,0
101,'5272',713,,6911,11,,,0,100,,6896,11,,,0,100,,6897,11,,,0,100,,6898,11,,,0,100,,6899,11,,,0,100,,6900,11,,,0,100,,6901,11,,,0,100,,6902,11,,,0,100,,6903,11,,,0,100,,6904,11,,,0,100,,6905,11,,,0,100,,6906,11,,,0,100,,6907,11,,,0,99,,6908,11,,,0,100,,6909,11,,,0,100,,6910,11,,,0
101,'5282',713,,6943,11,,,0,30,,6942,11,,,0,70,,6914,11,,,0,30,,6915,11,,,0,70,,6912,11,,,0,30,,6913,11,,,0,70,,6916,11,,,0,30,,6917,11,,,0,70,,6922,11,,,0,30,,6921,11,,,0,70,,6920,11,,,0,30,,6919,11,,,0,70,,6924,11,,,0,30,,6918,11,,,0,70,,6925,11,,,0,30,,6937,11,,,0,70,,6938,11,,,0,30,,6928,11,,,0,70,,6927,11,,,0,30,,6929,11,,,0,70,,6923,11,,,0,30,,6926,11,,,0,70,,6939,11,,,0,30,,6932,11,,,0,70,,6940,11,,,0,30,,6930,11,,,0,70,,6941,11,,,0,35,,6933,11,,,0,100,,6931,11,,,0,100,,6934,11,,,0,99,,6935,11,,,0,96,,6936,11,,,0
801,'4528',624,,7355,45,,,0,80,,7356,31,,,0,12,,7357,45,,,0,18,,7358,31,,,0,7,,7359,45,,,0,16,,7360,45,,,0,56,,7362,45,,,0,15,,7363,45,,,0,15,,7364,45,,,0,15,,7361,45,,,0,54,,7366,45,,,0,14,,7367,45,,,0,15,,7368,45,,,0,15,,7365,45,,,0,55,,7369,45,,,0,15,,7370,45,,,0,16,,7371,45,,,0,15,,7372,45,,,0,55,,7373,45,,,0,15,,7374,45,,,0,15,,7375,45,,,0,15,,7378,45,,,0,56,,7379,45,,,0,15,,7380,45,,,0,15,,7377,45,,,0,15,,7381,45,,,0,55,,7382,45,,,0,15,,7376,45,,,0,15,,7383,45,,,0,15,,7384,45,,,0,55,,7385,45,,,0,15,,7386,45,,,0,15,,7387,45,,,0,16,,7388,45,,,0,56,,7390,45,,,0,16,,7391,45,,,0,17,,7389,45,,,0,59,,7392,45,,,0,16,,7393,45,,,0,14,,7394,45,,,0,14,,7395,45,,,0,56,,7396,45,,,0,15,,7397,45,,,0,15,,7399,45,,,0,14,,7401,45,,,0,54,,7402,45,,,0,15,,7398,45,,,0,16,,7403,45,,,0,14,,7400,45,,,0,54,,7404,45,,,0,16,,7405,45,,,0,17,,7406,45,,,0,18,,7407,45,,,0,65,,7408,45,,,0,26,,7409,45,,,0,64,,7410,45,,,0,24,,7411,45,,,0,25,,7412,45,,,0,63,,7413,45,,,0,85,,7415,45,,,0,43,,7416,45,,,0,83,,7417,45,,,0,85,,7414,45,,,0
801,'5272',645,,7420,31,,,0,77,,7421,45,,,0,35,,7422,45,,,0,77,,7423,45,,,0,77,,7424,45,,,0,35,,7425,45,,,0,75,,7426,45,,,0,36,,7427,45,,,0,76,,7429,45,,,0,70,,7430,45,,,0,31,,7431,45,,,0,70,,7428,45,,,0,30,,7434,45,,,0,70,,7435,45,,,0,30,,7432,45,,,0,70,,7433,45,,,0,30,,7436,45,,,0,70,,7437,45,,,0,29,,7438,45,,,0,70,,7440,45,,,0,29,,7441,45,,,0,69,,7442,45,,,0,29,,7439,45,,,0,29,,7443,45,,,0,69,,7444,45,,,0,29,,7445,45,,,0,68,,7446,45,,,0,85,,7447,45,,,0,44,,7448,45,,,0,85,,7449,45,,,0,84,,7418,45,,,0,85,,7419,45,,,0
801,'5282',646,,7475,31,,,0,80,,7482,45,,,0,75,,7464,45,,,0,35,,7471,45,,,0,76,,7481,45,,,0,36,,7463,45,,,0,75,,7474,45,,,0,35,,7480,45,,,0,71,,7453,45,,,0,71,,7462,45,,,0,26,,7468,45,,,0,25,,7479,45,,,0,65,,7485,45,,,0,20,,7451,45,,,0,20,,7461,45,,,0,60,,7486,45,,,0,19,,7467,45,,,0,20,,7477,45,,,0,60,,7487,45,,,0,20,,7450,45,,,0,20,,7459,45,,,0,60,,7484,45,,,0,19,,7465,45,,,0,20,,7476,45,,,0,60,,7488,45,,,0,19,,7452,45,,,0,20,,7460,45,,,0,59,,7489,45,,,0,20,,7466,45,,,0,20,,7478,45,,,0,58,,7483,45,,,0,19,,7454,45,,,0,29,,7456,45,,,0,69,,7469,45,,,0,84,,7455,45,,,0,45,,7472,45,,,0,84,,7457,45,,,0,84,,7470,45,,,0,84,,7458,45,,,0,44,,7473,45,,,0
1200,'4528',655,,7858,2,,,0,81,,7856,2,,,0,80,,7857,2,,,0,635,,7859,2,,,0,84,,7860,2,,,0,85,,7861,2,,,0,84,,7862,2,,,0,46,,7863,2,,,0
