800,'4327',636,,4409,15,,,0,75,,4410,15,,,0,35,,4411,15,,,0,75,,4412,15,,,0,37,,4414,15,,,0,75,,4415,15,,,0,70,,4416,15,,,0,30,,4413,15,,,0,70,,4418,15,,,0,30,,4419,15,,,0,70,,4420,15,,,0,30,,4417,15,,,0,70,,4421,15,,,0,30,,4422,15,,,0,70,,4423,15,,,0,30,,4426,15,,,0,70,,4433,15,,,0,30,,4427,15,,,0,70,,4434,15,,,0,30,,4424,15,,,0,70,,4425,15,,,0,30,,4428,15,,,0,69,,4435,15,,,0,30,,4429,15,,,0,69,,4430,15,,,0,30,,4431,15,,,0,70,,4432,15,,,0,45,,4436,15,,,0,85,,4437,15,,,0,85,,4438,15,,,0,84,,4439,15,,,0,45,,4440,15,,,0
800,'4795',602,,2810,15,,,0,20,,2811,15,,,0,27,,2813,15,,,0,63,,2815,15,,,0,16,,2816,15,,,0,15,,2817,15,,,0,15,,2818,15,,,0,55,,2819,15,,,0,15,,2820,15,,,0,15,,2821,15,,,0,15,,2822,15,,,0,47,,585,15,,,0,8,,2823,15,,,0,15,,2824,15,,,0,15,,2825,15,,,0,15,,2826,15,,,0,55,,2827,15,,,0,15,,2828,15,,,0,15,,2829,15,,,0,15,,2830,15,,,0,55,,2831,15,,,0,15,,2832,15,,,0,15,,2833,15,,,0,15,,2834,15,,,0,55,,2835,15,,,0,15,,2836,15,,,0,15,,2837,15,,,0,15,,2838,15,,,0,55,,2839,15,,,0,15,,2840,15,,,0,15,,2841,15,,,0,15,,2842,15,,,0,56,,2843,15,,,0,14,,2844,15,,,0,15,,2845,15,,,0,16,,2846,15,,,0,56,,2847,15,,,0,17,,2848,15,,,0,15,,561,15,,,0,1,,2849,15,,,0,56,,2850,15,,,0,16,,2851,15,,,0,11,,565,15,,,0,4,,2852,15,,,0,15,,2853,15,,,0,55,,2854,15,,,0,16,,2855,15,,,0,15,,2856,15,,,0,16,,2857,15,,,0,56,,2858,15,,,0,15,,2859,15,,,0,16,,2860,15,,,0,16,,2861,15,,,0,58,,2862,15,,,0,20,,2863,15,,,0,21,,2864,15,,,0,63,,2865,15,,,0,25,,2866,15,,,0,65,,2867,15,,,0,24,,2868,15,,,0,25,,2869,15,,,0,85,,2870,15,,,0,85,,2808,15,,,0,84,,2807,15,,,0,45,,2809,15,,,0
800,'4800',639,,2886,15,,,0,75,,2895,15,,,0,35,,2903,15,,,0,75,,2885,15,,,0,35,,2896,15,,,0,75,,2902,15,,,0,70,,2871,15,,,0,29,,2882,15,,,0,25,,2888,15,,,0,65,,2898,15,,,0,20,,622,15,,,0,60,,2876,15,,,0,20,,2884,15,,,0,20,,2905,15,,,0,60,,2889,15,,,0,20,,2901,15,,,0,20,,625,15,,,0,60,,2873,15,,,0,20,,2881,15,,,0,20,,2906,15,,,0,60,,2890,15,,,0,20,,2897,15,,,0,20,,626,15,,,0,60,,2874,15,,,0,20,,2883,15,,,0,20,,2908,15,,,0,60,,2891,15,,,0,20,,2900,15,,,0,20,,628,15,,,0,60,,2875,15,,,0,19,,2879,15,,,0,19,,2907,15,,,0,60,,2887,15,,,0,30,,2899,15,,,0,70,,2878,15,,,0,45,,2893,15,,,0,85,,2880,15,,,0,85,,2894,15,,,0,85,,2877,15,,,0,44,,2892,15,,,0,84,,2872,15,,,0,80,,611,15,,,0
800,'5102',602,,4444,15,,,0,20,,4446,15,,,0,27,,4448,15,,,0,63,,4449,15,,,0,16,,4450,15,,,0,15,,4451,15,,,0,15,,4452,15,,,0,55,,4453,15,,,0,15,,4454,15,,,0,15,,4455,15,,,0,15,,4456,15,,,0,47,,4507,15,,,0,8,,4458,15,,,0,15,,4459,15,,,0,15,,4460,15,,,0,15,,4457,15,,,0,55,,4461,15,,,0,15,,4463,15,,,0,15,,4464,15,,,0,15,,4465,15,,,0,55,,4462,15,,,0,15,,4466,15,,,0,15,,4467,15,,,0,15,,4468,15,,,0,55,,4469,15,,,0,15,,4470,15,,,0,15,,4471,15,,,0,15,,4472,15,,,0,55,,4473,15,,,0,15,,4474,15,,,0,15,,4475,15,,,0,15,,4477,15,,,0,56,,4478,15,,,0,14,,4479,15,,,0,15,,4476,15,,,0,16,,4480,15,,,0,56,,4481,15,,,0,17,,4482,15,,,0,15,,4483,15,,,0,1,,4484,15,,,0,56,,4485,15,,,0,8,,4508,15,,,0,8,,4486,15,,,0,11,,4487,15,,,0,4,,4488,15,,,0,15,,4489,15,,,0,55,,4490,15,,,0,16,,4491,15,,,0,15,,4492,15,,,0,16,,4493,15,,,0,56,,4495,15,,,0,15,,4496,15,,,0,16,,4497,15,,,0,16,,4494,15,,,0,58,,4498,15,,,0,20,,4500,15,,,0,21,,4501,15,,,0,63,,4499,15,,,0,25,,4502,15,,,0,65,,4503,15,,,0,24,,4504,15,,,0,25,,4505,15,,,0,85,,4506,15,,,0,85,,4442,15,,,0,84,,4441,15,,,0,45,,4443,15,,,0
800,'5105',639,,4524,15,,,0,75,,4533,15,,,0,35,,4542,15,,,0,75,,4523,15,,,0,35,,4535,15,,,0,75,,4541,15,,,0,70,,4509,15,,,0,29,,4520,15,,,0,25,,4526,15,,,0,65,,4537,15,,,0,20,,4545,15,,,0,60,,4514,15,,,0,20,,4522,15,,,0,20,,4544,15,,,0,60,,4527,15,,,0,20,,4540,15,,,0,20,,4548,15,,,0,60,,4511,15,,,0,20,,4519,15,,,0,20,,4546,15,,,0,60,,4528,15,,,0,20,,4536,15,,,0,20,,4549,15,,,0,60,,4512,15,,,0,20,,4521,15,,,0,20,,4550,15,,,0,60,,4529,15,,,0,20,,4539,15,,,0,20,,4551,15,,,0,60,,4513,15,,,0,19,,4517,15,,,0,19,,4547,15,,,0,60,,4525,15,,,0,30,,4538,15,,,0,70,,4516,15,,,0,45,,4531,15,,,0,85,,4518,15,,,0,85,,4532,15,,,0,85,,4515,15,,,0,44,,4530,15,,,0,84,,4510,15,,,0,80,,4534,15,,,0
900,'4327',915,,4689,16,,,0,230,,4690,16,,,0,270,,4691,16,,,0,230,,4693,16,,,0,270,,4692,16,,,0
900,'4795',905,,771,16,,,0,225,,772,16,,,0,300,,773,16,,,0
900,'4800',915,,775,16,,,0,230,,774,16,,,0,270,,776,16,,,0,230,,778,16,,,0,270,,777,16,,,0
900,'5102',1130,,4694,16,,,0,300,,4695,16,,,0
900,'5105',915,,4697,16,,,0,230,,4696,16,,,0,270,,4698,16,,,0,230,,4700,16,,,0,270,,4699,16,,,0
1100,'4327',744,,4906,15,,,0,102,,4893,15,,,0,101,,4894,15,,,0,100,,4897,15,,,0,100,,4898,15,,,0,100,,4896,15,,,0,100,,4899,15,,,0,100,,4895,15,,,0,100,,4902,15,,,0,100,,4903,15,,,0,99,,4900,15,,,0,99,,4904,15,,,0,100,,4901,15,,,0,99,,4905,15,,,0,100,,4909,15,,,0,100,,4907,15,,,0,100,,4908,15,,,0
1100,'4795',547,,3224,15,,,0,70,,3225,15,,,0,31,,3226,15,,,0,70,,1005,15,,,0,30,,3227,15,,,0,72,,3228,15,,,0,31,,3229,15,,,0,69,,3230,15,,,0,30,,3231,15,,,0,70,,3232,15,,,0,30,,3222,15,,,0,70,,3219,15,,,0,30,,3221,15,,,0,71,,3211,15,,,0,30,,3218,15,,,0,70,,3216,15,,,0,30,,3223,15,,,0,70,,3214,15,,,0,30,,3217,15,,,0,71,,3215,15,,,0,35,,3212,15,,,0,75,,3213,15,,,0,70,,3220,15,,,0,28,,3233,15,,,0,29,,3234,15,,,0,70,,3235,15,,,0,29,,3236,15,,,0,70,,3237,15,,,0,100,,3238,15,,,0,100,,3239,15,,,0,99,,3240,15,,,0,100,,3241,15,,,0,83,,3242,15,0,5 6,0
1100,'4800',650,,3264,15,,,0,70,,3265,15,,,0,30,,3247,15,,,0,70,,3244,15,,,0,31,,3245,15,,,0,70,,3248,15,,,0,31,,3249,15,,,0,70,,3246,15,,,0,30,,3243,15,,,0,70,,3250,15,,,0,30,,3251,15,,,0,70,,3252,15,,,0,30,,3253,15,,,0,70,,3254,15,,,0,30,,3256,15,,,0,70,,3257,15,,,0,30,,3258,15,,,0,70,,3255,15,,,0,30,,3259,15,,,0,70,,3261,15,,,0,30,,3262,15,,,0,70,,3260,15,,,0,30,,3263,15,,,0,70,,3266,15,,,0,29,,3267,15,,,0,70,,3268,15,,,0,99,,3269,15,,,0,100,,3270,15,,,0,99,,3271,15,,,0,100,,3272,15,,,0,90,,3273,15,,,0
1100,'5102',547,,4924,15,,,0,70,,4925,15,,,0,31,,4922,15,,,0,70,,4926,15,,,0,30,,4927,15,,,0,72,,4928,15,,,0,31,,4929,15,,,0,69,,4930,15,,,0,30,,4931,15,,,0,70,,4932,15,,,0,30,,4921,15,,,0,70,,4918,15,,,0,30,,4920,15,,,0,71,,4910,15,,,0,30,,4917,15,,,0,70,,4915,15,,,0,30,,4923,15,,,0,70,,4913,15,,,0,30,,4916,15,,,0,71,,4914,15,,,0,35,,4911,15,,,0,75,,4912,15,,,0,70,,4919,15,,,0,28,,4933,15,,,0,29,,4935,15,,,0,70,,4936,15,,,0,29,,4937,15,,,0,70,,4934,15,,,0,100,,4938,15,,,0,100,,4939,15,,,0,99,,4940,15,,,0,100,,4941,15,,,0,83,,4942,15,0,5 6,0
1100,'5105',650,,4964,15,,,0,70,,4965,15,,,0,30,,4947,15,,,0,70,,4944,15,,,0,31,,4945,15,,,0,70,,4948,15,,,0,31,,4949,15,,,0,70,,4946,15,,,0,30,,4943,15,,,0,70,,4950,15,,,0,30,,4951,15,,,0,70,,4952,15,,,0,30,,4953,15,,,0,70,,4954,15,,,0,30,,4956,15,,,0,70,,4957,15,,,0,30,,4958,15,,,0,70,,4955,15,,,0,30,,4959,15,,,0,70,,4961,15,,,0,30,,4962,15,,,0,70,,4960,15,,,0,30,,4963,15,,,0,70,,4966,15,,,0,29,,4967,15,,,0,70,,4968,15,,,0,99,,4969,15,,,0,100,,4970,15,,,0,99,,4971,15,,,0,100,,4972,15,,,0,90,,4973,15,,,0
