600,'4327',852,,4337,13,,,0,160,,4338,13,,,0,120,,4339,13,,,0,120,,4341,13,,,0,160,,4343,13,,,0,120,,4344,13,,,0,120,,4340,13,,,0,160,,4342,13,,,0
600,'4795',702,,417,13,,,0,35,,2765,13,,,0,75,,416,13,,,0,35,,2766,13,,,0,75,,424,13,,,0,110,,425,13,,,0,110,,426,13,,,0,110,,422,13,,,0,151,,423,13,,,0,35,,430,13,,,0,75,,421,13,,,0,35,,429,13,,,0,75,,420,13,,,0,35,,432,13,,,0,75,,419,13,,,0,74,,433,13,,,0,35,,418,13,,,0,110,,434,13,,,0,150,,431,13,,,0,113,,435,13,,,0
600,'4800',815,,445,13,,,0,100,,437,13,,,0,100,,2767,13,,,0,100,,439,13,,,0,100,,441,13,,,0,100,,438,13,,,0,100,,442,13,,,0,100,,443,13,,,0,100,,440,13,,,0,100,,2768,13,,,0
600,'5102',702,,4346,13,,,0,110,,4345,13,,,0,110,,4354,13,,,0,110,,4355,13,,,0,110,,4353,13,,,0,110,,4352,13,,,0,151,,4351,13,,,0,35,,4357,13,,,0,75,,4350,13,,,0,35,,4356,13,,,0,75,,4349,13,,,0,35,,4359,13,,,0,75,,4348,13,,,0,74,,4360,13,,,0,35,,4347,13,,,0,110,,4361,13,,,0,150,,4358,13,,,0
600,'5105',815,,4371,13,,,0,100,,4363,13,,,0,100,,4362,13,,,0,100,,4365,13,,,0,100,,4367,13,,,0,100,,4364,13,,,0,100,,4368,13,,,0,100,,4369,13,,,0,100,,4366,13,,,0,100,,4370,13,,,0
1801,'4327',818,,5332,7,,,0,115,,5333,7,,,0,120,,5330,7,,,0,155,,5331,7,,,0,120,,5329,7,,,0,115,,5328,7,,,0,160,,5334,7,,,0,115,,5335,7,,,0,120,,5336,7,,,0,115,,5337,7,,,0,155,,5338,7,,,0,115,,5339,7,,,0
1801,'4795',630,,3434,7,,,0,108,,1474,7,,,0,66,,1454,7,,,0,26,,1475,7,,,0,29,,1455,7,,,0,68,,1478,7,,,0,27,,1457,7,,,0,80,,1456,7,,,0,80,,1461,7,,,0,40,,1462,7,,,0,80,,1464,7,,,0,80,,1463,7,,,0,40,,1458,7,,,0,80,,1459,7,,,0,68,,1477,7,,,0,28,,1460,7,,,0,28,,1476,7,,,0,68,,1473,7,,,0,30,,1479,7,,,0,67,,1467,7,,,0,30,,1480,7,,,0,68,,1466,7,,,0,95,,1470,7,,,0,37,,1469,7,,,0,80,,1468,7,,,0,120,,1471,7,,,0,149,,1465,7,,,0
1801,'4800',749,,3437,7,,,0,102,,1487,7,,,0,100,,1488,7,,,0,100,,3441,7,,,0,100,,1492,7,,,0,100,,1489,7,,,0,100,,1490,7,,,0,100,,1493,7,,,0,100,,1494,7,,,0,100,,1495,7,,,0,100,,3442,7,,,0,167,,3438,7,,,0,115,,3440,7,,,0,115,,3436,7,,,0,155,,3439,7,,,0,115,,3435,7,,,0
1801,'5102',630,,5358,7,,,0,108,,5360,7,,,0,66,,5340,7,,,0,26,,5361,7,,,0,29,,5341,7,,,0,68,,5364,7,,,0,27,,5343,7,,,0,80,,5342,7,,,0,80,,5347,7,,,0,40,,5348,7,,,0,80,,5350,7,,,0,80,,5349,7,,,0,40,,5345,7,,,0,80,,5346,7,,,0,68,,5363,7,,,0,28,,5344,7,,,0,28,,5362,7,,,0,68,,5359,7,,,0,30,,5365,7,,,0,67,,5353,7,,,0,30,,5366,7,,,0,68,,5352,7,,,0,95,,5356,7,,,0,37,,5355,7,,,0,80,,5354,7,,,0,120,,5357,7,,,0,149,,5351,7,,,0
1801,'5105',749,,5369,7,,,0,102,,5373,7,,,0,100,,5374,7,,,0,100,,5377,7,,,0,100,,5378,7,,,0,100,,5375,7,,,0,100,,5376,7,,,0,100,,5379,7,,,0,100,,5380,7,,,0,100,,5381,7,,,0,100,,5382,7,,,0,167,,5370,7,,,0,115,,5372,7,,,0,115,,5368,7,,,0,155,,5371,7,,,0,115,,5367,7,,,0
1901,'4327',750,,5465,7,,,0,103,,5458,7,,,0,155,,5457,7,,,0,120,,5456,7,,,0,115,,5455,7,,,0,160,,5454,7,,,0,115,,5453,7,,,0,120,,5459,7,,,0,115,,5460,7,,,0,157,,5461,7,,,0,115,,5462,7,,,0,115,,5463,7,,,0,115,,5464,7,,,0
1901,'4795',725,,1611,7,,,0,20,,1607,7,,,0,60,,1608,7,,,0,20,,1606,7,,,0,19,,1587,7,,,0,60,,1602,7,,,0,21,,1585,7,,,0,75,,1586,7,,,0,35,,1583,7,,,0,75,,1588,7,,,0,35,,1589,7,,,0,75,,1590,7,,,0,35,,1594,7,,,0,75,,1591,7,,,0,75,,1592,7,,,0,36,,1595,7,,,0,60,,1580,7,,,0,20,,1593,7,,,0,20,,1579,7,,,0,60,,1598,7,,,0,20,,1581,7,,,0,20,,1599,7,,,0,60,,1582,7,,,0,20,,1597,7,,,0,19,,1584,7,,,0,60,,1601,7,,,0,35,,1605,7,,,0,75,,1603,7,,,0,34,,1596,7,,,0,75,,1600,7,,,0,35,,1604,7,,,0,63,,1610,7,,,0,115,,1609,7,,,0
1901,'4800',749,,1620,7,,,0,75,,1622,7,,,0,35,,1624,7,,,0,75,,1621,7,,,0,75,,1626,7,,,0,35,,1623,7,,,0,75,,1627,7,,,0,35,,1628,7,,,0,75,,1631,7,,,0,75,,1632,7,,,0,35,,1625,7,,,0,75,,1629,7,,,0,35,,1633,7,,,0,75,,1634,7,,,0,35,,1630,7,,,0,75,,1635,7,,,0,75,,1636,7,,,0,35,,1618,7,,,0,75,,1619,7,,,0,16,,3448,7,,,0,115,,3450,7,,,0,155,,3451,7,,,0,115,,3452,7,,,0,115,,3449,7,,,0,115,,3453,7,,,0
1901,'5102',725,,5498,7,,,0,20,,5494,7,,,0,60,,5495,7,,,0,20,,5493,7,,,0,19,,5474,7,,,0,60,,5489,7,,,0,21,,5472,7,,,0,75,,5473,7,,,0,35,,5470,7,,,0,75,,5475,7,,,0,35,,5476,7,,,0,75,,5477,7,,,0,35,,5481,7,,,0,75,,5478,7,,,0,75,,5479,7,,,0,36,,5482,7,,,0,61,,5499,7,,,0,2,,5467,7,,,0,17,,5480,7,,,0,20,,5466,7,,,0,60,,5485,7,,,0,20,,5468,7,,,0,20,,5486,7,,,0,60,,5469,7,,,0,20,,5484,7,,,0,19,,5471,7,,,0,60,,5488,7,,,0,35,,5491,7,,,0,75,,5490,7,,,0,34,,5483,7,,,0,75,,5487,7,,,0,35,,5492,7,,,0,63,,5497,7,,,0,115,,5496,7,,,0
1901,'5105',749,,5508,7,,,0,75,,5510,7,,,0,35,,5512,7,,,0,75,,5509,7,,,0,75,,5514,7,,,0,35,,5511,7,,,0,75,,5515,7,,,0,35,,5516,7,,,0,75,,5519,7,,,0,75,,5520,7,,,0,35,,5513,7,,,0,75,,5517,7,,,0,35,,5521,7,,,0,75,,5522,7,,,0,35,,5518,7,,,0,75,,5523,7,,,0,75,,5524,7,,,0,35,,5506,7,,,0,75,,5507,7,,,0,16,,5500,7,,,0,115,,5502,7,,,0,155,,5503,7,,,0,115,,5504,7,,,0,115,,5501,7,,,0,115,,5505,7,,,0
