601,'4327',803,,4374,5,,,0,120,,4373,5,,,0,120,,4372,5,,,0,160,,4376,5,,,0,120,,4377,5,,,0,120,,4378,5,,,0,160,,4375,5,,,0,120,,4379,5,,,0
601,'4795',618,,459,5,,,0,35,,2769,5,,,0,75,,458,5,,,0,76,,2770,5,,,0,35,,457,5,,,0,75,,2771,5,,,0,35,,462,5,,,0,110,,461,5,,,0,150,,464,5,,,0,110,,463,5,,,0,35,,469,5,,,0,75,,460,5,,,0,75,,471,5,,,0,35,,456,5,,,0,75,,470,5,,,0,35,,454,5,,,0,75,,472,5,,,0,35,,455,5,,,0,150,,473,5,,,0,110,,474,5,,,0,210,,2773,5,,,0
601,'4800',808,,2774,5,,,0,100,,478,5,,,0,100,,480,5,,,0,100,,2775,5,,,0,100,,479,5,,,0,100,,484,5,,,0,100,,483,5,,,0,100,,482,5,,,0,200,,485,5,,,0
601,'5102',618,,4385,5,,,0,110,,4384,5,,,0,111,,4383,5,,,0,110,,4387,5,,,0,110,,4388,5,,,0,150,,4390,5,,,0,110,,4389,5,,,0,35,,4392,5,,,0,75,,4386,5,,,0,75,,4394,5,,,0,35,,4382,5,,,0,75,,4393,5,,,0,35,,4380,5,,,0,75,,4395,5,,,0,35,,4381,5,,,0,150,,4396,5,,,0,110,,4397,5,,,0
601,'5105',808,,4399,5,,,0,100,,4400,5,,,0,100,,4402,5,,,0,100,,4403,5,,,0,100,,4401,5,,,0,100,,4406,5,,,0,100,,4405,5,,,0,100,,4404,5,,,0,200,,4407,5,,,0
1800,'4327',733,,5283,5,,,0,101,,5276,5,,,0,115,,5275,5,,,0,160,,5274,5,,,0,115,,5273,5,,,0,120,,5272,5,,,0,115,,5271,5,,,0,160,,5277,5,,,0,115,,5278,5,,,0,119,,5279,5,,,0,155,,5280,5,,,0,115,,5281,5,,,0,115,,5282,5,,,0
1800,'4795',613,,3424,5,,,0,106,,1418,5,,,0,27,,1399,5,,,0,66,,1419,5,,,0,29,,1400,5,,,0,68,,1422,5,,,0,27,,1401,5,,,0,80,,1405,5,,,0,40,,1404,5,,,0,80,,1402,5,,,0,80,,1403,5,,,0,40,,1398,5,,,0,80,,1409,5,,,0,80,,1407,5,,,0,28,,1421,5,,,0,67,,1410,5,,,0,28,,1420,5,,,0,68,,1408,5,,,0,30,,1423,5,,,0,67,,1406,5,,,0,30,,1424,5,,,0,70,,1411,5,,,0,55,,1413,5,,,0,77,,1412,5,,,0,80,,1414,5,,,0,43,,1415,5,,,0,155,,1416,5,,,0
1800,'4800',733,,3427,5,,,0,100,,1427,5,,,0,100,,1428,5,,,0,100,,3425,5,,,0,100,,1425,5,,,0,100,,1429,5,,,0,100,,1430,5,,,0,100,,1431,5,,,0,100,,1432,5,,,0,100,,1433,5,,,0,100,,3426,5,,,0,85,,3428,5,,,0,115,,3429,5,,,0,115,,3430,5,,,0,155,,3431,5,,,0,115,,3432,5,,,0,115,,3433,5,,,0
1800,'5102',613,,5303,5,,,0,106,,5304,5,,,0,27,,5285,5,,,0,66,,5305,5,,,0,29,,5286,5,,,0,68,,5308,5,,,0,27,,5287,5,,,0,80,,5292,5,,,0,40,,5291,5,,,0,80,,5288,5,,,0,80,,5289,5,,,0,40,,5284,5,,,0,80,,5296,5,,,0,80,,5290,5,,,0,28,,5307,5,,,0,67,,5295,5,,,0,28,,5306,5,,,0,68,,5294,5,,,0,30,,5309,5,,,0,67,,5293,5,,,0,30,,5310,5,,,0,70,,5297,5,,,0,55,,5299,5,,,0,77,,5298,5,,,0,80,,5301,5,,,0,43,,5300,5,,,0,155,,5302,5,,,0
1800,'5105',733,,5321,5,,,0,100,,5313,5,,,0,100,,5314,5,,,0,100,,5312,5,,,0,100,,5311,5,,,0,100,,5315,5,,,0,100,,5316,5,,,0,100,,5317,5,,,0,100,,5318,5,,,0,100,,5319,5,,,0,100,,5320,5,,,0,85,,5322,5,,,0,115,,5323,5,,,0,115,,5324,5,,,0,155,,5325,5,,,0,115,,5326,5,,,0,115,,5327,5,,,0
