300,'4528',701,,6996,15,,,0,30,,6994,15,,,0,70,,6995,15,,,0,30,,6992,15,,,0,70,,6993,15,,,0,630,,6990,15,,,0,70,,6988,15,,,0,30,,6991,15,,,0,70,,6987,15,,,0,30,,6989,15,,,0,125,,6997,15,,,0,265,,6998,15,,,0,104,,6999,15,,,0
300,'5272',711,,7002,15,,,0,230,,7001,15,,,0,270,,7003,15,,,0,230,,7005,15,,,0,270,,7000,15,,,0,230,,7006,15,,,0,279,,7004,15,,,0
300,'5282',711,,7008,15,,,0,230,,7007,15,,,0,270,,7009,15,,,0,230,,7010,15,,,0,270,,7012,15,,,0,230,,7011,15,,,0,279,,7013,15,,,0
601,'4528',624,,7187,13,,,0,110,,7186,13,,,0,111,,7185,13,,,0,110,,7189,13,,,0,150,,7190,13,,,0,110,,7192,13,,,0,110,,7191,13,,,0,75,,7193,13,,,0,35,,7188,13,,,0,75,,7195,13,,,0,36,,7184,13,,,0,75,,7194,13,,,0,35,,7182,13,,,0,74,,7196,13,,,0,75,,7183,13,,,0,110,,7197,13,,,0,110,,7198,13,,,0
601,'5272',809,,7201,13,,,0,120,,7200,13,,,0,120,,7199,13,,,0,160,,7203,13,,,0,120,,7204,13,,,0,120,,7205,13,,,0,160,,7202,13,,,0,120,,7206,13,,,0
601,'5282',814,,7207,13,,,0,100,,7208,13,,,0,100,,7210,13,,,0,100,,7211,13,,,0,100,,7209,13,,,0,100,,7214,13,,,0,100,,7213,13,,,0,100,,7212,13,,,0,200,,7215,13,,,0
1800,'4528',619,,8085,13,,,0,106,,8086,13,,,0,27,,8067,13,,,0,66,,8087,13,,,0,29,,8068,13,,,0,68,,8090,13,,,0,27,,8069,13,,,0,80,,8074,13,,,0,80,,8073,13,,,0,40,,8070,13,,,0,80,,8071,13,,,0,80,,8066,13,,,0,40,,8078,13,,,0,80,,8072,13,,,0,28,,8089,13,,,0,67,,8077,13,,,0,29,,8088,13,,,0,68,,8076,13,,,0,30,,8091,13,,,0,66,,8075,13,,,0,30,,8092,13,,,0,70,,8079,13,,,0,95,,8081,13,,,0,37,,8080,13,,,0,80,,8083,13,,,0,83,,8082,13,,,0,115,,8084,13,,,0
1800,'5272',738,,8105,13,,,0,102,,8098,13,,,0,115,,8097,13,,,0,160,,8096,13,,,0,115,,8095,13,,,0,120,,8094,13,,,0,155,,8093,13,,,0,120,,8099,13,,,0,115,,8100,13,,,0,118,,8101,13,,,0,155,,8102,13,,,0,115,,8103,13,,,0,115,,8104,13,,,0
1800,'5282',738,,8116,13,,,0,101,,8108,13,,,0,100,,8109,13,,,0,100,,8107,13,,,0,100,,8106,13,,,0,100,,8110,13,,,0,100,,8111,13,,,0,100,,8112,13,,,0,100,,8113,13,,,0,100,,8114,13,,,0,100,,8115,13,,,0,84,,8117,13,,,0,115,,8118,13,,,0,115,,8119,13,,,0,155,,8120,13,,,0,115,,8121,13,,,0,115,,8122,13,,,0
1900,'4528',711,,8210,8,,,0,20,,8209,8,,,0,20,,8206,8,,,0,60,,8207,8,,,0,20,,8184,8,,,0,20,,8204,8,,,0,61,,8183,8,,,0,35,,8190,8,,,0,75,,8187,8,,,0,35,,8185,8,,,0,75,,8186,8,,,0,75,,8188,8,,,0,35,,8189,8,,,0,75,,8192,8,,,0,35,,8193,8,,,0,75,,8197,8,,,0,23,,8179,8,,,0,57,,8194,8,,,0,20,,8180,8,,,0,20,,8195,8,,,0,60,,8178,8,,,0,20,,8191,8,,,0,20,,8181,8,,,0,60,,8198,8,,,0,20,,8182,8,,,0,20,,8196,8,,,0,75,,8199,8,,,0,35,,8201,8,,,0,74,,8202,8,,,0,75,,8200,8,,,0,35,,8203,8,,,0,100,,8208,8,,,0,110,,8205,8,,,0
1900,'5272',806,,8216,8,,,0,115,,8215,8,,,0,120,,8214,8,,,0,115,,8213,8,,,0,160,,8212,8,,,0,115,,8211,8,,,0,120,,8217,8,,,0,155,,8218,8,,,0,120,,8220,8,,,0,115,,8219,8,,,0,115,,8221,8,,,0,155,,8222,8,,,0
1900,'5282',736,,8224,8,,,0,75,,8225,8,,,0,35,,8226,8,,,0,75,,8223,8,,,0,35,,8227,8,,,0,75,,8229,8,,,0,75,,8230,8,,,0,35,,8231,8,,,0,75,,8228,8,,,0,35,,8232,8,,,0,75,,8234,8,,,0,75,,8235,8,,,0,35,,8236,8,,,0,75,,8233,8,,,0,35,,8237,8,,,0,75,,8238,8,,,0,35,,8239,8,,,0,75,,8240,8,,,0,75,,8241,8,,,0,100,,8242,8,,,0,115,,8243,8,,,0,115,,8244,8,,,0,115,,8246,8,,,0,155,,8245,8,,,0
