2001,'4528',641,,8362,33,,,0,72,,8363,33,,,0,106,,8365,33,,,0,32,,8364,33,,,0,70,,8367,33,,,0,34,,8366,33,,,0,104,,8368,33,,,0,142,,8369,33,,,0,107,,8370,33,,,0,104,,8371,33,,,0,111,,8374,33,,,0,81,,8372,33,,,0,24,,8373,33,,,0,72,,8375,33,,,0,32,,8377,33,,,0,72,,8376,33,,,0,32,,8378,33,,,0,119,,8379,33,,,0,89,,8380,33,,,0,156,,8381,33,,,0,116,,8382,33,,,0
2001,'5272',831,,8386,33,,,0,101,,8383,33,,,0,110,,8385,33,,,0,103,,8384,33,,,0,108,,8389,33,,,0,102,,8388,33,,,0,149,,8390,33,,,0,98,,8387,33,,,0,101,,8391,33,,,0,103,,8392,33,,,0,100,,8393,33,,,0
2001,'5282',703,,8399,33,,,0,103,,8400,33,,,0,114,,8394,33,,,0,106,,8398,33,,,0,103,,8395,33,,,0,106,,8397,33,,,0,103,,8396,33,,,0,101,,8402,33,,,0,94,,8401,33,,,0,120,,8403,33,,,0,90,,8406,33,,,0,106,,8407,33,,,0,110,,8404,33,,,0,149,,8408,33,,,0,100,,8405,33,,,0
2401,'4528',620,,8733,24,,,0,105,,8734,24,,,0,32,,8735,24,,,0,146,,8736,24,,,0,31,,8737,24,,,0,72,,8738,24,,,0,103,,8741,24,,,0,104,,8739,24,,,0,103,,8740,24,,,0,108,,8742,24,,,0,125,,8743,24,,,0,62,,8745,24,,,0,28,,8746,24,,,0,71,,8744,24,,,0,32,,8747,24,,,0,72,,8748,24,,,0,43,,8750,24,,,0,94,,8749,24,,,0,154,,8751,24,,,0,101,,8752,24,,,0
2401,'5272',738,,8756,24,,,0,103,,8753,24,,,0,107,,8755,24,,,0,104,,8754,24,,,0,148,,8757,24,,,0,101,,8759,24,,,0,109,,8760,24,,,0,102,,8758,24,,,0,93,,8761,24,,,0,107,,8762,24,,,0,101,,8763,24,,,0,99,,8764,24,,,0
2401,'5282',833,,8770,24,,,0,100,,8767,24,,,0,98,,8768,24,,,0,111,,8765,24,,,0,104,,8769,24,,,0,107,,8766,24,,,0,89,,8772,24,,,0,164,,8773,24,,,0,94,,8771,24,,,0,102,,8776,24,,,0,104,,8774,24,,,0,105,,8777,24,,,0,105,,8775,24,,,0
2501,'4528',733,,8797,23,,,0,94,,8798,23,,,0,91,,8799,23,,,0,134,,8800,23,,,0,172,,8802,23,,,0,177,,8801,23,,,0,112,,8803,23,,,0,100,,8804,23,,,0,95,,8805,23,,,0,50,,8806,23,,,0
2501,'5272',1045,,8807,23,,,0,268,,8808,23,,,0,291,,8809,23,,,0,229,,8810,23,,,0
2501,'5282',1001,,8812,23,,,0,132,,8813,23,,,0,173,,8811,23,,,0,141,,8815,23,,,0,391,,8814,23,,,0
2601,'4528',620,,8848,18,,,0,38,,8849,18,,,0,75,,8850,18,,,0,80,,8852,18,,,0,39,,8851,18,,,0,156,,8853,18,,,0,126,,8854,18,,,0,174,,8855,18,,,0,137,,8856,18,,,0,78,,8858,18,,,0,35,,8859,18,,,0,78,,8857,18,,,0,75,,8860,18,,,0,41,,8861,18,,,0,72,,8862,18,,,0,108,,8863,18,,,0,174,,8864,18,,,0
2601,'5272',725,,8866,18,,,0,76,,8865,18,,,0,324,,8867,18,,,0,231,,8868,18,,,0,288,,8869,18,,,0,303,,8870,18,,,0
2601,'5282',746,,8871,18,,,0,100,,8872,18,,,0,195,,8875,18,,,0,174,,8877,18,,,0,132,,8876,18,,,0,172,,8874,18,,,0,91,,8873,18,,,0,124,,8878,18,,,0,198,,8880,18,,,0,70,,8879,18,,,0,134,,8881,18,,,0
