600,'4327',849,,4337,9,,,0,160,,4338,9,,,0,120,,4339,9,,,0,120,,4341,9,,,0,160,,4343,9,,,0,120,,4344,9,,,0,120,,4340,9,,,0,160,,4342,9,,,0
600,'4795',659,,417,9,,,0,75,,2765,9,,,0,75,,416,9,,,0,35,,2766,9,,,0,75,,424,9,,,0,110,,425,9,,,0,110,,426,9,,,0,110,,422,9,,,0,110,,423,9,,,0,75,,430,9,,,0,75,,421,9,,,0,35,,429,9,,,0,75,,420,9,,,0,35,,432,9,,,0,75,,419,9,,,0,75,,433,9,,,0,35,,418,9,,,0,110,,434,9,,,0,110,,431,9,,,0,154,,435,9,,,0
600,'4800',812,,445,9,,,0,100,,437,9,,,0,100,,2767,9,,,0,100,,439,9,,,0,100,,441,9,,,0,100,,438,9,,,0,100,,442,9,,,0,100,,443,9,,,0,100,,440,9,,,0,100,,2768,9,,,0
600,'5102',659,,4346,9,,,0,150,,4345,9,,,0,110,,4354,9,,,0,110,,4355,9,,,0,110,,4353,9,,,0,110,,4352,9,,,0,110,,4351,9,,,0,75,,4357,9,,,0,75,,4350,9,,,0,35,,4356,9,,,0,75,,4349,9,,,0,35,,4359,9,,,0,75,,4348,9,,,0,75,,4360,9,,,0,35,,4347,9,,,0,110,,4361,9,,,0,110,,4358,9,,,0
600,'5105',812,,4371,9,,,0,100,,4363,9,,,0,100,,4362,9,,,0,100,,4365,9,,,0,100,,4367,9,,,0,100,,4364,9,,,0,100,,4368,9,,,0,100,,4369,9,,,0,100,,4366,9,,,0,100,,4370,9,,,0
1801,'4327',815,,5332,3,,,0,115,,5333,3,,,0,120,,5330,3,,,0,155,,5331,3,,,0,120,,5329,3,,,0,115,,5328,3,,,0,160,,5334,3,,,0,115,,5335,3,,,0,120,,5336,3,,,0,115,,5337,3,,,0,155,,5338,3,,,0,115,,5339,3,,,0
1801,'4795',627,,3434,3,,,0,107,,1474,3,,,0,66,,1454,3,,,0,26,,1475,3,,,0,29,,1455,3,,,0,68,,1478,3,,,0,27,,1457,3,,,0,80,,1456,3,,,0,80,,1461,3,,,0,40,,1462,3,,,0,80,,1464,3,,,0,80,,1463,3,,,0,40,,1458,3,,,0,80,,1459,3,,,0,28,,1477,3,,,0,68,,1460,3,,,0,28,,1476,3,,,0,68,,1473,3,,,0,30,,1479,3,,,0,67,,1467,3,,,0,30,,1480,3,,,0,69,,1466,3,,,0,95,,1470,3,,,0,37,,1469,3,,,0,80,,1468,3,,,0,120,,1471,3,,,0,109,,1465,3,,,0
1801,'4800',746,,3437,3,,,0,102,,1487,3,,,0,100,,1488,3,,,0,100,,3441,3,,,0,100,,1492,3,,,0,100,,1489,3,,,0,100,,1490,3,,,0,100,,1493,3,,,0,100,,1494,3,,,0,100,,1495,3,,,0,100,,3442,3,,,0,167,,3438,3,,,0,115,,3440,3,,,0,115,,3436,3,,,0,155,,3439,3,,,0,115,,3435,3,,,0
1801,'5102',627,,5358,3,,,0,107,,5360,3,,,0,66,,5340,3,,,0,26,,5361,3,,,0,29,,5341,3,,,0,68,,5364,3,,,0,27,,5343,3,,,0,80,,5342,3,,,0,80,,5347,3,,,0,40,,5348,3,,,0,80,,5350,3,,,0,80,,5349,3,,,0,40,,5345,3,,,0,80,,5346,3,,,0,28,,5363,3,,,0,68,,5344,3,,,0,28,,5362,3,,,0,68,,5359,3,,,0,30,,5365,3,,,0,67,,5353,3,,,0,30,,5366,3,,,0,69,,5352,3,,,0,95,,5356,3,,,0,37,,5355,3,,,0,80,,5354,3,,,0,120,,5357,3,,,0,109,,5351,3,,,0
1801,'5105',746,,5369,3,,,0,102,,5373,3,,,0,100,,5374,3,,,0,100,,5377,3,,,0,100,,5378,3,,,0,100,,5375,3,,,0,100,,5376,3,,,0,100,,5379,3,,,0,100,,5380,3,,,0,100,,5381,3,,,0,100,,5382,3,,,0,167,,5370,3,,,0,115,,5372,3,,,0,115,,5368,3,,,0,155,,5371,3,,,0,115,,5367,3,,,0
1901,'4327',746,,5465,3,,,0,103,,5458,3,,,0,155,,5457,3,,,0,120,,5456,3,,,0,115,,5455,3,,,0,120,,5454,3,,,0,155,,5453,3,,,0,120,,5459,3,,,0,115,,5460,3,,,0,157,,5461,3,,,0,115,,5462,3,,,0,115,,5463,3,,,0,115,,5464,3,,,0
1901,'4795',721,,1611,3,,,0,20,,1607,3,,,0,60,,1608,3,,,0,20,,1606,3,,,0,19,,1587,3,,,0,60,,1602,3,,,0,21,,1585,3,,,0,35,,1586,3,,,0,75,,1583,3,,,0,75,,1588,3,,,0,35,,1589,3,,,0,75,,1590,3,,,0,35,,1594,3,,,0,75,,1591,3,,,0,75,,1592,3,,,0,36,,1595,3,,,0,20,,1580,3,,,0,60,,1593,3,,,0,20,,1579,3,,,0,20,,1598,3,,,0,60,,1581,3,,,0,20,,1599,3,,,0,20,,1582,3,,,0,60,,1597,3,,,0,19,,1584,3,,,0,20,,1601,3,,,0,75,,1605,3,,,0,75,,1603,3,,,0,34,,1596,3,,,0,75,,1600,3,,,0,35,,1604,3,,,0,63,,1610,3,,,0,115,,1609,3,,,0
1901,'4800',745,,1620,3,,,0,75,,1622,3,,,0,35,,1624,3,,,0,75,,1621,3,,,0,75,,1626,3,,,0,35,,1623,3,,,0,75,,1627,3,,,0,35,,1628,3,,,0,75,,1631,3,,,0,75,,1632,3,,,0,35,,1625,3,,,0,75,,1629,3,,,0,35,,1633,3,,,0,75,,1634,3,,,0,35,,1630,3,,,0,75,,1635,3,,,0,75,,1636,3,,,0,35,,1618,3,,,0,75,,1619,3,,,0,16,,3448,3,,,0,115,,3450,3,,,0,155,,3451,3,,,0,115,,3452,3,,,0,115,,3449,3,,,0,115,,3453,3,,,0
1901,'5102',721,,5498,3,,,0,20,,5494,3,,,0,60,,5495,3,,,0,20,,5493,3,,,0,19,,5474,3,,,0,60,,5489,3,,,0,21,,5472,3,,,0,35,,5473,3,,,0,75,,5470,3,,,0,75,,5475,3,,,0,35,,5476,3,,,0,75,,5477,3,,,0,35,,5481,3,,,0,75,,5478,3,,,0,75,,5479,3,,,0,36,,5482,3,,,0,21,,5499,3,,,0,42,,5467,3,,,0,17,,5480,3,,,0,20,,5466,3,,,0,20,,5485,3,,,0,60,,5468,3,,,0,20,,5486,3,,,0,20,,5469,3,,,0,60,,5484,3,,,0,19,,5471,3,,,0,20,,5488,3,,,0,75,,5491,3,,,0,75,,5490,3,,,0,34,,5483,3,,,0,75,,5487,3,,,0,35,,5492,3,,,0,63,,5497,3,,,0,115,,5496,3,,,0
1901,'5105',745,,5508,3,,,0,75,,5510,3,,,0,35,,5512,3,,,0,75,,5509,3,,,0,75,,5514,3,,,0,35,,5511,3,,,0,75,,5515,3,,,0,35,,5516,3,,,0,75,,5519,3,,,0,75,,5520,3,,,0,35,,5513,3,,,0,75,,5517,3,,,0,35,,5521,3,,,0,75,,5522,3,,,0,35,,5518,3,,,0,75,,5523,3,,,0,75,,5524,3,,,0,35,,5506,3,,,0,75,,5507,3,,,0,16,,5500,3,,,0,115,,5502,3,,,0,155,,5503,3,,,0,115,,5504,3,,,0,115,,5501,3,,,0,115,,5505,3,,,0
