801,'4794',655,,3111,,,0,75,,3112,,,0,75,,3113,,,0,36,,3114,,,0,75,,3115,,,0,35,,3116,,,0,75,,3117,,,0,75,,3119,,,0,30,,3120,,,0,70,,3121,,,0,30,,3118,,,0,70,,3124,,,0,30,,3125,,,0,70,,3122,,,0,30,,3123,,,0,70,,3126,,,0,30,,3127,,,0,70,,3128,,,0,30,,3130,,,0,70,,3131,,,0,30,,3132,,,0,69,,3129,,,0,30,,3133,,,0,70,,3134,,,0,30,,3135,,,0,70,,3136,,,0,45,,3137,,,0,85,,3138,,,0,85,,3139,,,0,85,,3108,,,0,45,,3109,,,0
801,'4795',1525,,699,,,0
801,'4800',655,,3172,,,0,75,,3154,,,0,75,,3161,,,0,36,,3171,,,0,75,,3153,,,0,35,,3164,,,0,75,,3170,,,0,30,,3143,,,0,70,,3152,,,0,25,,3158,,,0,65,,3169,,,0,25,,3175,,,0,60,,3141,,,0,20,,3151,,,0,20,,3176,,,0,60,,3157,,,0,20,,3167,,,0,20,,3177,,,0,60,,3140,,,0,20,,3149,,,0,20,,3174,,,0,60,,3155,,,0,20,,3166,,,0,20,,3178,,,0,60,,3142,,,0,20,,3150,,,0,19,,3179,,,0,60,,3156,,,0,20,,3168,,,0,20,,3173,,,0,60,,3144,,,0,30,,3146,,,0,70,,3159,,,0,45,,3145,,,0,85,,3162,,,0,85,,3147,,,0,85,,3160,,,0,44,,3148,,,0,85,,3163,,,0
801,'4960',556,,661,,,0,90,,663,,,0,62,,665,,,0,16,,666,,,0,15,,667,,,0,15,,668,,,0,55,,669,,,0,15,,670,,,0,15,,671,,,0,15,,672,,,0,55,,673,,,0,15,,674,,,0,15,,675,,,0,15,,676,,,0,55,,677,,,0,15,,678,,,0,15,,679,,,0,15,,680,,,0,55,,681,,,0,15,,682,,,0,15,,683,,,0,15,,684,,,0,55,,685,,,0,15,,686,,,0,15,,687,,,0,15,,688,,,0,55,,689,,,0,15,,690,,,0,15,,691,,,0,15,,692,,,0,55,,693,,,0,15,,694,,,0,15,,695,,,0,16,,697,,,0,55,,698,,,0,18,,700,,,0,16,,701,,,0,15,,702,,,0,56,,703,,,0,16,,704,,,0,16,,705,,,0,56,,706,,,0,15,,707,,,0,16,,708,,,0,15,,709,,,0,56,,710,,,0,15,,711,,,0,16,,712,,,0,16,,713,,,0,57,,714,,,0,18,,715,,,0,25,,716,,,0,66,,717,,,0,24,,718,,,0,65,,719,,,0,25,,720,,,0,25,,721,,,0,85,,722,,,0,84,,723,,,0,85,,724,,,0,45,,725,,,0
801,'4961',556,,3180,,,0,90,,3182,,,0,62,,3184,,,0,16,,3185,,,0,15,,3186,,,0,15,,3187,,,0,55,,3188,,,0,15,,3189,,,0,15,,3190,,,0,15,,3191,,,0,55,,3192,,,0,15,,3193,,,0,15,,3194,,,0,15,,3195,,,0,55,,3196,,,0,15,,3197,,,0,15,,3198,,,0,15,,3199,,,0,55,,3200,,,0,15,,3201,,,0,15,,3202,,,0,15,,3203,,,0,55,,3204,,,0,15,,3205,,,0,15,,3206,,,0,15,,3207,,,0,55,,3208,,,0,15,,3209,,,0,15,,3210,,,0,15,,3211,,,0,55,,3212,,,0,15,,3213,,,0,15,,3214,,,0,16,,3215,,,0,55,,3216,,,0,18,,3217,,,0,16,,3218,,,0,15,,3219,,,0,56,,3220,,,0,16,,3221,,,0,16,,3222,,,0,56,,3223,,,0,15,,3224,,,0,16,,3225,,,0,15,,3226,,,0,56,,3227,,,0,15,,3228,,,0,16,,3229,,,0,16,,3230,,,0,57,,3231,,,0,18,,3232,,,0,25,,3233,,,0,66,,3234,,,0,24,,3235,,,0,65,,3236,,,0,25,,3237,,,0,25,,3238,,,0,85,,3239,,,0,84,,3240,,,0,85,,3241,,,0,45,,3242,,,0
1101,'4794',739,,1066,,,0,102,,1069,,,0,100,,1053,,,0,100,,1056,,,0,100,,1060,,,0,100,,1054,,,0,100,,1055,,,0,100,,1058,,,0,100,,1057,,,0,100,,1063,,,0,100,,1061,,,0,100,,1059,,,0,100,,1062,,,0,100,,1064,,,0,100,,1065,,,0,98,,1067,,,0,100,,1068,,,0
1101,'4795',540,,1084,,,0,70,,1087,,,0,30,,1080,,,0,71,,1078,,,0,31,,1074,,,0,71,,1088,,,0,30,,1079,,,0,70,,1075,,,0,30,,1089,,,0,99,,1083,,,0,70,,1092,,,0,30,,1071,,,0,100,,1076,,,0,70,,1090,,,0,30,,1081,,,0,102,,1091,,,0,70,,1072,,,0,30,,1085,,,0,110,,1086,,,0,70,,1093,,,0,30,,1094,,,0,98,,1096,,,0,70,,1097,,,0,30,,1103,,,0,170,,1099,,,0,198,,1101,,,0
1101,'4800',709,,1109,,,0,30,,1106,,,0,72,,1107,,,0,30,,1104,,,0,70,,1111,,,0,30,,1113,,,0,70,,1115,,,0,30,,1108,,,0,70,,1105,,,0,30,,1112,,,0,70,,1116,,,0,30,,1110,,,0,71,,1117,,,0,30,,1118,,,0,70,,1119,,,0,30,,1120,,,0,70,,1114,,,0,30,,1121,,,0,69,,1122,,,0,30,,1124,,,0,70,,1125,,,0,30,,1126,,,0,70,,1123,,,0,30,,1127,,,0,70,,1128,,,0,100,,1129,,,0,100,,1130,,,0,99,,1131,,,0,99,,1132,,,0,100,,1133,,,0
1101,'4960',1012,,1073,,,0,200,,1082,,,0,200,,1077,,,0,207,,1070,,,0,203,,1095,,,0,200,,1098,,,0,198,,1100,,,0,190,,1102,0,5 6,0
1101,'4961',1012,,3254,,,0,200,,3256,,,0,200,,3255,,,0,207,,3253,,,0,203,,3257,,,0,200,,3258,,,0,198,,3259,,,0,190,,3260,0,5 6,0
9801,'4794',953,,2699,,,0,86,,2706,,,0,85,,2698,,,0,85,,2702,,,0,45,,2697,,,0,85,,2704,,,0,85,,2696,,,0,85,,2700,,,0,45,,2695,,,0,85,,2703,,,0,169,,2701,,,0,130,,2705,,,0,170,,2707,,,0
9801,'4795',640,,2737,,,0,60,,2736,,,0,21,,2723,,,0,20,,2716,,,0,61,,2722,,,0,21,,2725,,,0,21,,2732,,,0,61,,2724,,,0,42,,2729,,,0,83,,2735,,,0,83,,2721,,,0,45,,2731,,,0,85,,2739,,,0,85,,2728,,,0,85,,2730,,,0,45,,2710,,,0,69,,2717,,,0,20,,2720,,,0,60,,2727,,,0,20,,2726,,,0,20,,2712,,,0,59,,2719,,,0,20,,2715,,,0,19,,2713,,,0,60,,2740,,,0,20,,2709,,,0,21,,2741,,,0,79,,2711,,,0,80,,2718,,,0,40,,2738,,,0,80,,2708,,,0,80,,2734,,,0,40,,2714,,,0,79,,2733,,,0
9801,'4800',955,,2744,,,0,85,,2755,,,0,85,,2743,,,0,85,,2751,,,0,45,,2746,,,0,85,,2750,,,0,85,,2745,,,0,85,,2749,,,0,45,,2742,,,0,85,,2748,,,0,85,,2747,,,0,84,,2752,,,0,129,,2753,,,0,170,,2754,,,0
