601,'4327',813,,4374,18,,,0,120,,4373,18,,,0,120,,4372,18,,,0,160,,4376,18,,,0,120,,4377,18,,,0,120,,4378,18,,,0,160,,4375,18,,,0,120,,4379,18,,,0
601,'4795',627,,459,18,,,0,75,,2769,18,,,0,23,,2772,6,,,0,13,,458,18,,,0,76,,2770,18,,,0,35,,457,18,,,0,75,,2771,18,,,0,35,,462,18,,,0,150,,461,18,,,0,110,,464,18,,,0,110,,463,18,,,0,75,,469,18,,,0,35,,460,18,,,0,70,,465,6,,,0,5,,471,18,,,0,36,,456,18,,,0,75,,470,18,,,0,75,,454,18,,,0,34,,472,18,,,0,75,,455,18,,,0,110,,473,18,,,0,110,,474,18,,,0,209,,2773,18,,,0
601,'4800',818,,2774,18,,,0,100,,478,18,,,0,100,,480,18,,,0,100,,2775,18,,,0,100,,479,18,,,0,100,,484,18,,,0,100,,483,18,,,0,100,,482,18,,,0,200,,485,18,,,0
601,'5102',627,,4385,18,,,0,98,,4398,6,,,0,13,,4384,18,,,0,111,,4383,18,,,0,110,,4387,18,,,0,150,,4388,18,,,0,110,,4390,18,,,0,110,,4389,18,,,0,75,,4392,18,,,0,35,,4386,18,,,0,70,,4391,6,,,0,5,,4394,18,,,0,36,,4382,18,,,0,75,,4393,18,,,0,75,,4380,18,,,0,34,,4395,18,,,0,75,,4381,18,,,0,110,,4396,18,,,0,110,,4397,18,,,0
601,'5105',818,,4399,18,,,0,100,,4400,18,,,0,100,,4402,18,,,0,100,,4403,18,,,0,100,,4401,18,,,0,100,,4406,18,,,0,100,,4405,18,,,0,100,,4404,18,,,0,200,,4407,18,,,0
1800,'4327',741,,5283,18,,,0,103,,5276,18,,,0,115,,5275,18,,,0,160,,5274,18,,,0,115,,5273,18,,,0,120,,5272,18,,,0,155,,5271,18,,,0,120,,5277,18,,,0,115,,5278,18,,,0,157,,5279,18,,,0,115,,5280,18,,,0,115,,5281,18,,,0,115,,5282,18,,,0
1800,'4795',622,,3424,18,,,0,106,,1418,18,,,0,27,,1399,18,,,0,66,,1419,18,,,0,29,,1400,18,,,0,68,,1422,18,,,0,27,,1401,18,,,0,80,,1405,18,,,0,80,,1404,18,,,0,40,,1402,18,,,0,80,,1403,18,,,0,80,,1398,18,,,0,40,,1409,18,,,0,80,,1407,18,,,0,28,,1421,18,,,0,67,,1410,18,,,0,29,,1420,18,,,0,68,,1408,18,,,0,30,,1423,18,,,0,66,,1406,18,,,0,30,,1424,18,,,0,70,,1411,18,,,0,95,,1413,18,,,0,37,,1412,18,,,0,80,,1414,18,,,0,83,,1415,18,,,0,115,,1416,18,,,0
1800,'4800',741,,3427,18,,,0,102,,1427,18,,,0,100,,1428,18,,,0,100,,3425,18,,,0,100,,1425,18,,,0,100,,1429,18,,,0,100,,1430,18,,,0,100,,1431,18,,,0,100,,1432,18,,,0,100,,1433,18,,,0,100,,3426,18,,,0,83,,3428,18,,,0,115,,3429,18,,,0,115,,3430,18,,,0,155,,3431,18,,,0,115,,3432,18,,,0,115,,3433,18,,,0
1800,'5102',622,,5303,18,,,0,106,,5304,18,,,0,27,,5285,18,,,0,66,,5305,18,,,0,29,,5286,18,,,0,68,,5308,18,,,0,27,,5287,18,,,0,80,,5292,18,,,0,80,,5291,18,,,0,40,,5288,18,,,0,80,,5289,18,,,0,80,,5284,18,,,0,40,,5296,18,,,0,80,,5290,18,,,0,28,,5307,18,,,0,67,,5295,18,,,0,29,,5306,18,,,0,68,,5294,18,,,0,30,,5309,18,,,0,66,,5293,18,,,0,30,,5310,18,,,0,70,,5297,18,,,0,95,,5299,18,,,0,37,,5298,18,,,0,80,,5301,18,,,0,83,,5300,18,,,0,115,,5302,18,,,0
1800,'5105',741,,5321,18,,,0,102,,5313,18,,,0,100,,5314,18,,,0,100,,5312,18,,,0,100,,5311,18,,,0,100,,5315,18,,,0,100,,5316,18,,,0,100,,5317,18,,,0,100,,5318,18,,,0,100,,5319,18,,,0,100,,5320,18,,,0,83,,5322,18,,,0,115,,5323,18,,,0,115,,5324,18,,,0,155,,5325,18,,,0,115,,5326,18,,,0,115,,5327,18,,,0
