600,'4327',848,,4337,8,,,0,160,,4338,8,,,0,120,,4339,8,,,0,120,,4341,8,,,0,160,,4343,8,,,0,120,,4344,8,,,0,120,,4340,8,,,0,160,,4342,8,,,0
600,'4795',658,,417,8,,,0,75,,2765,8,,,0,75,,416,8,,,0,35,,2766,8,,,0,75,,424,8,,,0,110,,425,8,,,0,110,,426,8,,,0,110,,422,8,,,0,110,,423,8,,,0,75,,430,8,,,0,75,,421,8,,,0,35,,429,8,,,0,75,,420,8,,,0,35,,432,8,,,0,75,,419,8,,,0,75,,433,8,,,0,35,,418,8,,,0,110,,434,8,,,0,110,,431,8,,,0,154,,435,8,,,0
600,'4800',811,,445,8,,,0,100,,437,8,,,0,100,,2767,8,,,0,100,,439,8,,,0,100,,441,8,,,0,100,,438,8,,,0,100,,442,8,,,0,100,,443,8,,,0,100,,440,8,,,0,100,,2768,8,,,0
600,'5102',658,,4346,8,,,0,150,,4345,8,,,0,110,,4354,8,,,0,110,,4355,8,,,0,110,,4353,8,,,0,110,,4352,8,,,0,110,,4351,8,,,0,75,,4357,8,,,0,75,,4350,8,,,0,35,,4356,8,,,0,75,,4349,8,,,0,35,,4359,8,,,0,75,,4348,8,,,0,75,,4360,8,,,0,35,,4347,8,,,0,110,,4361,8,,,0,110,,4358,8,,,0
600,'5105',811,,4371,8,,,0,100,,4363,8,,,0,100,,4362,8,,,0,100,,4365,8,,,0,100,,4367,8,,,0,100,,4364,8,,,0,100,,4368,8,,,0,100,,4369,8,,,0,100,,4366,8,,,0,100,,4370,8,,,0
1801,'4327',814,,5332,2,,,0,115,,5333,2,,,0,120,,5330,2,,,0,155,,5331,2,,,0,120,,5329,2,,,0,115,,5328,2,,,0,120,,5334,2,,,0,155,,5335,2,,,0,120,,5336,2,,,0,115,,5337,2,,,0,155,,5338,2,,,0,115,,5339,2,,,0
1801,'4795',626,,3434,2,,,0,107,,1474,2,,,0,26,,1454,2,,,0,66,,1475,2,,,0,29,,1455,2,,,0,68,,1478,2,,,0,27,,1457,2,,,0,80,,1456,2,,,0,80,,1461,2,,,0,40,,1462,2,,,0,80,,1464,2,,,0,80,,1463,2,,,0,40,,1458,2,,,0,80,,1459,2,,,0,28,,1477,2,,,0,68,,1460,2,,,0,28,,1476,2,,,0,68,,1473,2,,,0,30,,1479,2,,,0,67,,1467,2,,,0,30,,1480,2,,,0,69,,1466,2,,,0,95,,1470,2,,,0,37,,1469,2,,,0,80,,1468,2,,,0,120,,1471,2,,,0,109,,1465,2,,,0
1801,'4800',745,,3437,2,,,0,102,,1487,2,,,0,100,,1488,2,,,0,100,,3441,2,,,0,100,,1492,2,,,0,100,,1489,2,,,0,100,,1490,2,,,0,100,,1493,2,,,0,100,,1494,2,,,0,100,,1495,2,,,0,100,,3442,2,,,0,167,,3438,2,,,0,115,,3440,2,,,0,115,,3436,2,,,0,115,,3439,2,,,0,155,,3435,2,,,0
1801,'5102',626,,5358,2,,,0,107,,5360,2,,,0,26,,5340,2,,,0,66,,5361,2,,,0,29,,5341,2,,,0,68,,5364,2,,,0,27,,5343,2,,,0,80,,5342,2,,,0,80,,5347,2,,,0,40,,5348,2,,,0,80,,5350,2,,,0,80,,5349,2,,,0,40,,5345,2,,,0,80,,5346,2,,,0,28,,5363,2,,,0,68,,5344,2,,,0,28,,5362,2,,,0,68,,5359,2,,,0,30,,5365,2,,,0,67,,5353,2,,,0,30,,5366,2,,,0,69,,5352,2,,,0,95,,5356,2,,,0,37,,5355,2,,,0,80,,5354,2,,,0,120,,5357,2,,,0,109,,5351,2,,,0
1801,'5105',745,,5369,2,,,0,102,,5373,2,,,0,100,,5374,2,,,0,100,,5377,2,,,0,100,,5378,2,,,0,100,,5375,2,,,0,100,,5376,2,,,0,100,,5379,2,,,0,100,,5380,2,,,0,100,,5381,2,,,0,100,,5382,2,,,0,167,,5370,2,,,0,115,,5372,2,,,0,115,,5368,2,,,0,115,,5371,2,,,0,155,,5367,2,,,0
1901,'4327',745,,5465,2,,,0,103,,5458,2,,,0,155,,5457,2,,,0,120,,5456,2,,,0,115,,5455,2,,,0,120,,5454,2,,,0,155,,5453,2,,,0,120,,5459,2,,,0,115,,5460,2,,,0,157,,5461,2,,,0,115,,5462,2,,,0,115,,5463,2,,,0,115,,5464,2,,,0
1901,'4795',720,,1611,2,,,0,20,,1607,2,,,0,60,,1608,2,,,0,20,,1606,2,,,0,19,,1587,2,,,0,20,,1602,2,,,0,61,,1585,2,,,0,35,,1586,2,,,0,75,,1583,2,,,0,75,,1588,2,,,0,35,,1589,2,,,0,75,,1590,2,,,0,35,,1594,2,,,0,75,,1591,2,,,0,75,,1592,2,,,0,36,,1595,2,,,0,20,,1580,2,,,0,60,,1593,2,,,0,20,,1579,2,,,0,20,,1598,2,,,0,60,,1581,2,,,0,20,,1599,2,,,0,20,,1582,2,,,0,60,,1597,2,,,0,19,,1584,2,,,0,20,,1601,2,,,0,75,,1605,2,,,0,75,,1603,2,,,0,34,,1596,2,,,0,75,,1600,2,,,0,35,,1604,2,,,0,63,,1610,2,,,0,115,,1609,2,,,0
1901,'4800',744,,1620,2,,,0,75,,1622,2,,,0,35,,1624,2,,,0,75,,1621,2,,,0,75,,1626,2,,,0,35,,1623,2,,,0,75,,1627,2,,,0,35,,1628,2,,,0,75,,1631,2,,,0,35,,1632,2,,,0,75,,1625,2,,,0,75,,1629,2,,,0,35,,1633,2,,,0,75,,1634,2,,,0,35,,1630,2,,,0,75,,1635,2,,,0,75,,1636,2,,,0,35,,1618,2,,,0,75,,1619,2,,,0,16,,3448,2,,,0,115,,3450,2,,,0,155,,3451,2,,,0,115,,3452,2,,,0,115,,3449,2,,,0,115,,3453,2,,,0
1901,'5102',720,,5498,2,,,0,20,,5494,2,,,0,60,,5495,2,,,0,20,,5493,2,,,0,19,,5474,2,,,0,20,,5489,2,,,0,61,,5472,2,,,0,35,,5473,2,,,0,75,,5470,2,,,0,75,,5475,2,,,0,35,,5476,2,,,0,75,,5477,2,,,0,35,,5481,2,,,0,75,,5478,2,,,0,75,,5479,2,,,0,36,,5482,2,,,0,21,,5499,2,,,0,2,,5467,2,,,0,57,,5480,2,,,0,20,,5466,2,,,0,20,,5485,2,,,0,60,,5468,2,,,0,20,,5486,2,,,0,20,,5469,2,,,0,60,,5484,2,,,0,19,,5471,2,,,0,20,,5488,2,,,0,75,,5491,2,,,0,75,,5490,2,,,0,34,,5483,2,,,0,75,,5487,2,,,0,35,,5492,2,,,0,63,,5497,2,,,0,115,,5496,2,,,0
1901,'5105',744,,5508,2,,,0,75,,5510,2,,,0,35,,5512,2,,,0,75,,5509,2,,,0,75,,5514,2,,,0,35,,5511,2,,,0,75,,5515,2,,,0,35,,5516,2,,,0,75,,5519,2,,,0,35,,5520,2,,,0,75,,5513,2,,,0,75,,5517,2,,,0,35,,5521,2,,,0,75,,5522,2,,,0,35,,5518,2,,,0,75,,5523,2,,,0,75,,5524,2,,,0,35,,5506,2,,,0,75,,5507,2,,,0,16,,5500,2,,,0,115,,5502,2,,,0,155,,5503,2,,,0,115,,5504,2,,,0,115,,5501,2,,,0,115,,5505,2,,,0
