2401,'4327',724,,5960,3,,,0,103,,5957,3,,,0,107,,5959,3,,,0,104,,5958,3,,,0,108,,5961,3,,,0,101,,5963,3,,,0,109,,5964,3,,,0,102,,5962,3,,,0,93,,5965,3,,,0,107,,5966,3,,,0,101,,5967,3,,,0,99,,5968,3,,,0
2401,'4795',606,,2081,3,,,0,104,,2082,3,,,0,32,,2083,3,,,0,106,,2084,3,,,0,71,,2085,3,,,0,32,,3575,3,,,0,103,,2089,3,,,0,104,,3576,3,,,0,143,,2088,3,,,0,108,,3577,3,,,0,116,,2091,3,,,0,30,,3578,3,,,0,69,,2094,3,,,0,31,,2092,3,,,0,72,,2095,3,,,0,32,,2096,3,,,0,83,,3579,3,,,0,94,,2097,3,,,0,116,,3580,3,,,0,101,,2100,3,,,0
2401,'4800',819,,2106,3,,,0,100,,2103,3,,,0,98,,2104,3,,,0,111,,2101,3,,,0,104,,2105,3,,,0,107,,2102,3,,,0,89,,2108,3,,,0,123,,2109,3,,,0,94,,2107,3,,,0,102,,2112,3,,,0,105,,2110,3,,,0,105,,2113,3,,,0,145,,2111,3,,,0
2401,'5102',606,,5969,3,,,0,104,,5970,3,,,0,32,,5971,3,,,0,106,,5972,3,,,0,71,,5973,3,,,0,32,,5974,3,,,0,103,,5977,3,,,0,104,,5975,3,,,0,143,,5976,3,,,0,108,,5978,3,,,0,116,,5979,3,,,0,30,,5981,3,,,0,69,,5982,3,,,0,31,,5980,3,,,0,72,,5983,3,,,0,32,,5984,3,,,0,83,,5986,3,,,0,94,,5985,3,,,0,116,,5987,3,,,0,101,,5988,3,,,0
2401,'5105',819,,5994,3,,,0,100,,5991,3,,,0,98,,5992,3,,,0,111,,5989,3,,,0,104,,5993,3,,,0,107,,5990,3,,,0,89,,5996,3,,,0,123,,5997,3,,,0,94,,5995,3,,,0,102,,6000,3,,,0,105,,5998,3,,,0,105,,6001,3,,,0,145,,5999,3,,,0
2501,'4327',1028,,6021,3,,,0,228,,6022,3,,,0,291,,6023,3,,,0,269,,6024,3,,,0
2501,'4795',716,,2137,3,,,0,94,,2138,3,,,0,91,,2139,3,,,0,134,,2140,3,,,0,171,,2142,3,,,0,137,,2141,3,,,0,112,,2143,3,,,0,100,,2144,3,,,0,95,,2145,3,,,0,91,,2146,3,,,0
2501,'4800',944,,2148,3,,,0,172,,2149,3,,,0,133,,2147,3,,,0,181,,2151,3,,,0,391,,2150,3,,,0
2501,'5102',716,,6025,3,,,0,94,,6026,3,,,0,91,,6027,3,,,0,134,,6028,3,,,0,171,,6030,3,,,0,137,,6029,3,,,0,112,,6031,3,,,0,100,,6032,3,,,0,95,,6033,3,,,0,91,,6034,3,,,0
2501,'5105',944,,6036,3,,,0,172,,6037,3,,,0,133,,6035,3,,,0,181,,6039,3,,,0,391,,6038,3,,,0
2601,'4327',716,,6073,3,,,0,34,,6072,3,,,0,364,,6074,3,,,0,231,,6075,3,,,0,288,,6076,3,,,0,303,,6077,3,,,0
2601,'4795',610,,2191,3,,,0,37,,2190,3,,,0,75,,2192,3,,,0,79,,2194,3,,,0,37,,2193,3,,,0,119,,2195,3,,,0,166,,2196,3,,,0,134,,2197,3,,,0,176,,2198,3,,,0,77,,2200,3,,,0,35,,2201,3,,,0,79,,2199,3,,,0,35,,2202,3,,,0,82,,2203,3,,,0,72,,2204,3,,,0,108,,2205,3,,,0,135,,2206,3,,,0
2601,'4800',735,,2207,3,,,0,100,,2208,3,,,0,195,,2211,3,,,0,173,,2213,3,,,0,132,,2212,3,,,0,172,,2210,3,,,0,51,,2209,3,,,0,164,,2214,3,,,0,199,,2216,3,,,0,30,,2215,3,,,0,175,,2217,3,,,0
2601,'5102',610,,6078,3,,,0,37,,6079,3,,,0,75,,6080,3,,,0,79,,6082,3,,,0,37,,6081,3,,,0,119,,6083,3,,,0,166,,6084,3,,,0,134,,6085,3,,,0,176,,6086,3,,,0,77,,6088,3,,,0,35,,6089,3,,,0,79,,6087,3,,,0,35,,6090,3,,,0,82,,6091,3,,,0,72,,6092,3,,,0,108,,6093,3,,,0,135,,6094,3,,,0
2601,'5105',735,,6095,3,,,0,100,,6096,3,,,0,195,,6099,3,,,0,173,,6101,3,,,0,132,,6100,3,,,0,172,,6098,3,,,0,51,,6097,3,,,0,164,,6102,3,,,0,199,,6104,3,,,0,30,,6103,3,,,0,175,,6105,3,,,0
2801,'4795',712,,3584,3,,,0,92,,3585,3,,,0,699,,2226,3,,,0,99,,2227,3,,,0,55,,2228,3,,,0,100,,2229,3,,,0
2801,'5102',712,,6112,3,,,0,92,,6113,3,,,0,699,,6114,3,,,0,99,,6115,3,,,0,55,,6116,3,,,0,100,,6117,3,,,0
2900,'4795',639,,2230,30,,,0,70,,2231,30,,,0,30,,2233,30,,,0,76,,2232,30,,,0,31,,2240,30,,,0,674,,2241,30,,,0,36,,2239,30,,,0,69,,2236,30,,,0,30,,2234,30,,,0,75,,2235,30,,,0,75,,2237,30,,,0,109,,2238,30,,,0
2900,'5102',639,,6118,30,,,0,70,,6119,30,,,0,30,,6121,30,,,0,76,,6120,30,,,0,31,,6128,30,,,0,674,,6129,30,,,0,36,,6127,30,,,0,69,,6124,30,,,0,30,,6122,30,,,0,75,,6123,30,,,0,75,,6125,30,,,0,109,,6126,30,,,0
