2401,'4528',606,,8733,2,,,0,104,,8734,2,,,0,32,,8735,2,,,0,106,,8736,2,,,0,71,,8737,2,,,0,32,,8738,2,,,0,103,,8741,2,,,0,104,,8739,2,,,0,143,,8740,2,,,0,108,,8742,2,,,0,115,,8743,2,,,0,30,,8745,2,,,0,69,,8746,2,,,0,32,,8744,2,,,0,72,,8747,2,,,0,32,,8748,2,,,0,83,,8750,2,,,0,94,,8749,2,,,0,116,,8751,2,,,0,101,,8752,2,,,0
2401,'5272',724,,8756,2,,,0,103,,8753,2,,,0,107,,8755,2,,,0,104,,8754,2,,,0,108,,8757,2,,,0,101,,8759,2,,,0,109,,8760,2,,,0,102,,8758,2,,,0,93,,8761,2,,,0,107,,8762,2,,,0,101,,8763,2,,,0,99,,8764,2,,,0
2401,'5282',819,,8770,2,,,0,100,,8767,2,,,0,98,,8768,2,,,0,111,,8765,2,,,0,104,,8769,2,,,0,107,,8766,2,,,0,89,,8772,2,,,0,123,,8773,2,,,0,94,,8771,2,,,0,102,,8776,2,,,0,105,,8774,2,,,0,105,,8777,2,,,0,145,,8775,2,,,0
2501,'4528',715,,8797,2,,,0,94,,8798,2,,,0,91,,8799,2,,,0,134,,8800,2,,,0,171,,8802,2,,,0,137,,8801,2,,,0,112,,8803,2,,,0,100,,8804,2,,,0,95,,8805,2,,,0,91,,8806,2,,,0
2501,'5272',1027,,8807,2,,,0,228,,8808,2,,,0,291,,8809,2,,,0,269,,8810,2,,,0
2501,'5282',943,,8812,2,,,0,172,,8813,2,,,0,133,,8811,2,,,0,181,,8815,2,,,0,391,,8814,2,,,0
2601,'4528',610,,8848,2,,,0,37,,8849,2,,,0,75,,8850,2,,,0,79,,8852,2,,,0,36,,8851,2,,,0,120,,8853,2,,,0,166,,8854,2,,,0,134,,8855,2,,,0,176,,8856,2,,,0,77,,8858,2,,,0,35,,8859,2,,,0,79,,8857,2,,,0,35,,8860,2,,,0,82,,8861,2,,,0,72,,8862,2,,,0,108,,8863,2,,,0,134,,8864,2,,,0
2601,'5272',715,,8866,2,,,0,35,,8865,2,,,0,364,,8867,2,,,0,231,,8868,2,,,0,288,,8869,2,,,0,303,,8870,2,,,0
2601,'5282',735,,8871,2,,,0,100,,8872,2,,,0,195,,8875,2,,,0,173,,8877,2,,,0,132,,8876,2,,,0,172,,8874,2,,,0,51,,8873,2,,,0,164,,8878,2,,,0,199,,8880,2,,,0,30,,8879,2,,,0,174,,8881,2,,,0
2801,'4528',711,,8888,2,,,0,92,,8889,2,,,0,699,,8890,2,,,0,99,,8891,2,,,0,55,,8892,2,,,0,100,,8893,2,,,0
2900,'4528',639,,8894,29,,,0,70,,8895,29,,,0,30,,8897,29,,,0,76,,8896,29,,,0,31,,8904,29,,,0,674,,8905,29,,,0,36,,8903,29,,,0,69,,8900,29,,,0,30,,8898,29,,,0,75,,8899,29,,,0,75,,8901,29,,,0,109,,8902,29,,,0
