300,'4327',700,,4159,1,,,0,23,,4159,32,4,,0,207,,4158,1,,,0,23,,4158,32,4,,0,247,,4160,1,,,0,23,,4160,32,4,,0,207,,4162,1,,,0,23,,4162,32,4,,0,247,,4157,1,,,0,23,,4157,32,4,,0,207,,4163,1,,,0,23,,4163,32,4,,0,257,,4161,1,,,0,22,,4161,32,4,,0
300,'4795',650,,239,1,,,0,63,,239,32,4,,0,7,,236,1,,,0,23,,236,32,4,,0,7,,237,1,,,0,63,,237,32,4,,0,7,,238,1,,,0,23,,238,32,4,,0,7,,235,1,,,0,63,,235,32,4,,0,607,,233,1,,,0,23,,233,32,4,,0,7,,230,1,,,0,63,,230,32,4,,0,7,,234,1,,,0,23,,234,32,4,,0,7,,231,1,,,0,63,,231,32,4,,0,7,,232,1,,,0,23,,232,32,4,,0,102,,241,1,,,0,63,,241,32,4,,0,202,,240,1,,,0,23,,240,32,4,,0,82,,2763,1,,,0,22,,2763,32,4,,0
300,'4800',700,,244,1,,,0,23,,244,32,4,,0,207,,243,1,,,0,23,,243,32,4,,0,247,,245,1,,,0,23,,245,32,4,,0,207,,246,1,,,0,23,,246,32,4,,0,247,,248,1,,,0,23,,248,32,4,,0,207,,247,1,,,0,23,,247,32,4,,0,257,,249,1,,,0,22,,249,32,4,,0
300,'5102',650,,4173,1,,,0,63,,4173,32,4,,0,7,,4171,1,,,0,23,,4171,32,4,,0,7,,4172,1,,,0,63,,4172,32,4,,0,7,,4169,1,,,0,23,,4169,32,4,,0,7,,4170,1,,,0,63,,4170,32,4,,0,607,,4167,1,,,0,23,,4167,32,4,,0,7,,4165,1,,,0,63,,4165,32,4,,0,7,,4168,1,,,0,23,,4168,32,4,,0,7,,4164,1,,,0,63,,4164,32,4,,0,7,,4166,1,,,0,23,,4166,32,4,,0,102,,4174,1,,,0,63,,4174,32,4,,0,202,,4175,1,,,0,23,,4175,32,4,,0,82,,4176,1,,,0,22,,4176,32,4,,0
300,'5105',700,,4178,1,,,0,23,,4178,32,4,,0,207,,4177,1,,,0,23,,4177,32,4,,0,247,,4179,1,,,0,23,,4179,32,4,,0,207,,4180,1,,,0,23,,4180,32,4,,0,247,,4182,1,,,0,23,,4182,32,4,,0,207,,4181,1,,,0,23,,4181,32,4,,0,257,,4183,1,,,0,22,,4183,32,4,,0
1900,'4327',800,,5388,1,,,0,115,,5387,1,,,0,120,,5386,1,,,0,115,,5385,1,,,0,160,,5384,1,,,0,115,,5383,1,,,0,120,,5389,1,,,0,155,,5390,1,,,0,120,,5392,1,,,0,115,,5391,1,,,0,115,,5393,1,,,0,155,,5394,1,,,0
1900,'4795',705,,1541,1,,,0,20,,1540,1,,,0,20,,1537,1,,,0,60,,1538,1,,,0,20,,1515,1,,,0,20,,1535,1,,,0,60,,1514,1,,,0,35,,1521,1,,,0,75,,1518,1,,,0,35,,1517,1,,,0,75,,1516,1,,,0,75,,1519,1,,,0,35,,1520,1,,,0,75,,1523,1,,,0,35,,1524,1,,,0,75,,1527,1,,,0,20,,1509,1,,,0,60,,1525,1,,,0,20,,1510,1,,,0,20,,1526,1,,,0,60,,1512,1,,,0,20,,1522,1,,,0,20,,1511,1,,,0,60,,1529,1,,,0,20,,1513,1,,,0,20,,1528,1,,,0,75,,1530,1,,,0,35,,1532,1,,,0,75,,1533,1,,,0,75,,1531,1,,,0,35,,1534,1,,,0,100,,1539,1,,,0,110,,1536,1,,,0
1900,'4800',730,,1543,1,,,0,75,,1544,1,,,0,35,,1545,1,,,0,75,,1542,1,,,0,35,,1546,1,,,0,75,,1548,1,,,0,75,,1549,1,,,0,35,,1550,1,,,0,75,,1547,1,,,0,35,,1551,1,,,0,75,,1553,1,,,0,35,,1554,1,,,0,75,,1555,1,,,0,75,,1552,1,,,0,35,,1556,1,,,0,75,,1557,1,,,0,35,,1558,1,,,0,75,,1559,1,,,0,75,,1560,1,,,0,100,,3443,1,,,0,115,,3444,1,,,0,115,,3445,1,,,0,115,,3447,1,,,0,155,,3446,1,,,0
1900,'5102',705,,5427,1,,,0,20,,5426,1,,,0,20,,5423,1,,,0,60,,5424,1,,,0,20,,5401,1,,,0,20,,5421,1,,,0,60,,5400,1,,,0,35,,5407,1,,,0,75,,5404,1,,,0,35,,5402,1,,,0,75,,5403,1,,,0,75,,5405,1,,,0,35,,5406,1,,,0,75,,5409,1,,,0,35,,5410,1,,,0,75,,5414,1,,,0,23,,5395,1,,,0,57,,5411,1,,,0,20,,5396,1,,,0,20,,5412,1,,,0,60,,5398,1,,,0,20,,5408,1,,,0,20,,5397,1,,,0,60,,5415,1,,,0,20,,5399,1,,,0,20,,5413,1,,,0,75,,5416,1,,,0,35,,5418,1,,,0,75,,5419,1,,,0,75,,5417,1,,,0,35,,5420,1,,,0,100,,5425,1,,,0,110,,5422,1,,,0
1900,'5105',730,,5430,1,,,0,75,,5431,1,,,0,35,,5432,1,,,0,75,,5429,1,,,0,35,,5433,1,,,0,75,,5435,1,,,0,75,,5436,1,,,0,35,,5437,1,,,0,75,,5434,1,,,0,35,,5438,1,,,0,75,,5440,1,,,0,35,,5441,1,,,0,75,,5442,1,,,0,75,,5439,1,,,0,35,,5443,1,,,0,75,,5444,1,,,0,35,,5445,1,,,0,75,,5446,1,,,0,75,,5447,1,,,0,100,,5448,1,,,0,115,,5449,1,,,0,115,,5450,1,,,0,115,,5452,1,,,0,155,,5451,1,,,0
1901,'4327',758,,5465,17,4,,0,143,,5458,17,4,,0,116,,5457,17,4,,0,120,,5456,17,4,,0,115,,5455,17,4,,0,160,,5454,17,4,,0,115,,5453,17,4,,0,120,,5459,17,4,,0,155,,5460,17,4,,0,116,,5461,17,4,,0,115,,5462,17,4,,0,115,,5463,17,4,,0,155,,5464,17,4,,0
1901,'4795',733,,1611,17,4,,0,20,,1607,17,4,,0,61,,1608,17,4,,0,20,,1606,17,4,,0,19,,1587,17,4,,0,60,,1602,17,4,,0,21,,1585,17,4,,0,75,,1586,17,4,,0,35,,1583,17,4,,0,75,,1588,17,4,,0,35,,1589,17,4,,0,75,,1590,17,4,,0,75,,1594,17,4,,0,35,,1591,17,4,,0,75,,1592,17,4,,0,37,,1595,17,4,,0,60,,1580,17,4,,0,20,,1593,17,4,,0,20,,1579,17,4,,0,60,,1598,17,4,,0,20,,1581,17,4,,0,20,,1599,17,4,,0,59,,1582,17,4,,0,20,,1597,17,4,,0,19,,1584,17,4,,0,59,,1601,17,4,,0,35,,1605,17,4,,0,75,,1603,17,4,,0,34,,1596,17,4,,0,75,,1600,17,4,,0,75,,1604,17,4,,0,23,,1610,17,4,,0,115,,1609,17,4,,0
1901,'4800',757,,1620,17,4,,0,75,,1622,17,4,,0,75,,1624,17,4,,0,36,,1621,17,4,,0,75,,1626,17,4,,0,35,,1623,17,4,,0,75,,1627,17,4,,0,75,,1628,17,4,,0,35,,1631,17,4,,0,75,,1632,17,4,,0,35,,1625,17,4,,0,75,,1629,17,4,,0,35,,1633,17,4,,0,75,,1634,17,4,,0,75,,1630,17,4,,0,35,,1635,17,4,,0,75,,1636,17,4,,0,35,,1618,17,4,,0,74,,1619,17,4,,0,16,,3448,17,4,,0,115,,3450,17,4,,0,155,,3451,17,4,,0,115,,3452,17,4,,0,115,,3449,17,4,,0,115,,3453,17,4,,0
1901,'5102',733,,5498,17,4,,0,20,,5494,17,4,,0,61,,5495,17,4,,0,20,,5493,17,4,,0,19,,5474,17,4,,0,60,,5489,17,4,,0,21,,5472,17,4,,0,75,,5473,17,4,,0,35,,5470,17,4,,0,75,,5475,17,4,,0,35,,5476,17,4,,0,75,,5477,17,4,,0,75,,5481,17,4,,0,35,,5478,17,4,,0,75,,5479,17,4,,0,37,,5482,17,4,,0,61,,5499,17,4,,0,2,,5467,17,4,,0,17,,5480,17,4,,0,20,,5466,17,4,,0,60,,5485,17,4,,0,20,,5468,17,4,,0,20,,5486,17,4,,0,59,,5469,17,4,,0,20,,5484,17,4,,0,19,,5471,17,4,,0,59,,5488,17,4,,0,35,,5491,17,4,,0,75,,5490,17,4,,0,34,,5483,17,4,,0,75,,5487,17,4,,0,75,,5492,17,4,,0,23,,5497,17,4,,0,115,,5496,17,4,,0
1901,'5105',757,,5508,17,4,,0,75,,5510,17,4,,0,75,,5512,17,4,,0,36,,5509,17,4,,0,75,,5514,17,4,,0,35,,5511,17,4,,0,75,,5515,17,4,,0,75,,5516,17,4,,0,35,,5519,17,4,,0,75,,5520,17,4,,0,35,,5513,17,4,,0,75,,5517,17,4,,0,35,,5521,17,4,,0,75,,5522,17,4,,0,75,,5518,17,4,,0,35,,5523,17,4,,0,75,,5524,17,4,,0,35,,5506,17,4,,0,74,,5507,17,4,,0,16,,5500,17,4,,0,115,,5502,17,4,,0,155,,5503,17,4,,0,115,,5504,17,4,,0,115,,5501,17,4,,0,115,,5505,17,4,,0
