600,'4327',901,,4337,23,,,0,120,,4338,23,,,0,120,,4339,23,,,0,160,,4341,23,,,0,120,,4343,23,,,0,120,,4344,23,,,0,160,,4340,23,,,0,120,,4342,23,,,0
600,'4795',712,,417,23,,,0,35,,2765,23,,,0,75,,416,23,,,0,35,,2766,23,,,0,75,,424,23,,,0,110,,425,23,,,0,110,,426,23,,,0,150,,422,23,,,0,112,,423,23,,,0,35,,430,23,,,0,75,,421,23,,,0,35,,429,23,,,0,75,,420,23,,,0,75,,432,23,,,0,35,,419,23,,,0,73,,433,23,,,0,35,,418,23,,,0,150,,434,23,,,0,110,,431,23,,,0,113,,435,23,,,0
600,'4800',824,,445,23,,,0,100,,437,23,,,0,100,,2767,23,,,0,100,,439,23,,,0,100,,441,23,,,0,100,,438,23,,,0,100,,442,23,,,0,100,,443,23,,,0,100,,440,23,,,0,100,,2768,23,,,0
600,'5102',712,,4346,23,,,0,110,,4345,23,,,0,110,,4354,23,,,0,110,,4355,23,,,0,110,,4353,23,,,0,150,,4352,23,,,0,112,,4351,23,,,0,35,,4357,23,,,0,75,,4350,23,,,0,35,,4356,23,,,0,75,,4349,23,,,0,75,,4359,23,,,0,35,,4348,23,,,0,73,,4360,23,,,0,35,,4347,23,,,0,150,,4361,23,,,0,110,,4358,23,,,0
600,'5105',824,,4371,23,,,0,100,,4363,23,,,0,100,,4362,23,,,0,100,,4365,23,,,0,100,,4367,23,,,0,100,,4364,23,,,0,100,,4368,23,,,0,100,,4369,23,,,0,100,,4366,23,,,0,100,,4370,23,,,0
1801,'4327',827,,5332,17,,,0,115,,5333,17,,,0,160,,5330,17,,,0,115,,5331,17,,,0,120,,5329,17,,,0,115,,5328,17,,,0,160,,5334,17,,,0,115,,5335,17,,,0,119,,5336,17,,,0,155,,5337,17,,,0,115,,5338,17,,,0,115,,5339,17,,,0
1801,'4795',638,,3434,17,,,0,108,,1474,17,,,0,66,,1454,17,,,0,26,,1475,17,,,0,69,,1455,17,,,0,28,,1478,17,,,0,67,,1457,17,,,0,40,,1456,17,,,0,80,,1461,17,,,0,80,,1462,17,,,0,40,,1464,17,,,0,80,,1463,17,,,0,81,,1458,17,,,0,40,,1459,17,,,0,68,,1477,17,,,0,28,,1460,17,,,0,68,,1476,17,,,0,28,,1473,17,,,0,69,,1479,17,,,0,27,,1467,17,,,0,70,,1480,17,,,0,28,,1466,17,,,0,95,,1470,17,,,0,77,,1469,17,,,0,40,,1468,17,,,0,160,,1471,17,,,0,109,,1465,17,,,0
1801,'4800',757,,3437,17,,,0,143,,1487,17,,,0,100,,1488,17,,,0,100,,3441,17,,,0,100,,1492,17,,,0,100,,1489,17,,,0,100,,1490,17,,,0,100,,1493,17,,,0,100,,1494,17,,,0,100,,1495,17,,,0,100,,3442,17,,,0,126,,3438,17,,,0,115,,3440,17,,,0,115,,3436,17,,,0,155,,3439,17,,,0,115,,3435,17,,,0
1801,'5102',638,,5358,17,,,0,108,,5360,17,,,0,66,,5340,17,,,0,26,,5361,17,,,0,69,,5341,17,,,0,28,,5364,17,,,0,67,,5343,17,,,0,40,,5342,17,,,0,80,,5347,17,,,0,80,,5348,17,,,0,40,,5350,17,,,0,80,,5349,17,,,0,81,,5345,17,,,0,40,,5346,17,,,0,68,,5363,17,,,0,28,,5344,17,,,0,68,,5362,17,,,0,28,,5359,17,,,0,69,,5365,17,,,0,27,,5353,17,,,0,70,,5366,17,,,0,28,,5352,17,,,0,95,,5356,17,,,0,77,,5355,17,,,0,40,,5354,17,,,0,160,,5357,17,,,0,109,,5351,17,,,0
1801,'5105',757,,5369,17,,,0,143,,5373,17,,,0,100,,5374,17,,,0,100,,5377,17,,,0,100,,5378,17,,,0,100,,5375,17,,,0,100,,5376,17,,,0,100,,5379,17,,,0,100,,5380,17,,,0,100,,5381,17,,,0,100,,5382,17,,,0,126,,5370,17,,,0,115,,5372,17,,,0,115,,5368,17,,,0,155,,5371,17,,,0,115,,5367,17,,,0
