600,'4327',855,,4337,16,,,0,160,,4338,16,,,0,120,,4339,16,,,0,120,,4341,16,,,0,160,,4343,16,,,0,120,,4344,16,,,0,120,,4340,16,,,0,160,,4342,16,,,0
600,'4795',705,,417,16,,,0,35,,2765,16,,,0,75,,416,16,,,0,35,,2766,16,,,0,75,,424,16,,,0,110,,425,16,,,0,110,,426,16,,,0,110,,422,16,,,0,151,,423,16,,,0,35,,430,16,,,0,75,,421,16,,,0,35,,429,16,,,0,75,,420,16,,,0,75,,432,16,,,0,35,,419,16,,,0,74,,433,16,,,0,35,,418,16,,,0,110,,434,16,,,0,150,,431,16,,,0,113,,435,16,,,0
600,'4800',818,,445,16,,,0,100,,437,16,,,0,100,,2767,16,,,0,100,,439,16,,,0,100,,441,16,,,0,100,,438,16,,,0,100,,442,16,,,0,100,,443,16,,,0,100,,440,16,,,0,100,,2768,16,,,0
600,'5102',705,,4346,16,,,0,110,,4345,16,,,0,110,,4354,16,,,0,110,,4355,16,,,0,110,,4353,16,,,0,110,,4352,16,,,0,151,,4351,16,,,0,35,,4357,16,,,0,75,,4350,16,,,0,35,,4356,16,,,0,75,,4349,16,,,0,75,,4359,16,,,0,35,,4348,16,,,0,74,,4360,16,,,0,35,,4347,16,,,0,110,,4361,16,,,0,150,,4358,16,,,0
600,'5105',818,,4371,16,,,0,100,,4363,16,,,0,100,,4362,16,,,0,100,,4365,16,,,0,100,,4367,16,,,0,100,,4364,16,,,0,100,,4368,16,,,0,100,,4369,16,,,0,100,,4366,16,,,0,100,,4370,16,,,0
1801,'4327',821,,5332,10,,,0,115,,5333,10,,,0,120,,5330,10,,,0,155,,5331,10,,,0,120,,5329,10,,,0,115,,5328,10,,,0,160,,5334,10,,,0,115,,5335,10,,,0,120,,5336,10,,,0,115,,5337,10,,,0,155,,5338,10,,,0,115,,5339,10,,,0
1801,'4795',633,,3434,10,,,0,108,,1474,10,,,0,66,,1454,10,,,0,26,,1475,10,,,0,69,,1455,10,,,0,28,,1478,10,,,0,27,,1457,10,,,0,80,,1456,10,,,0,80,,1461,10,,,0,40,,1462,10,,,0,80,,1464,10,,,0,80,,1463,10,,,0,40,,1458,10,,,0,80,,1459,10,,,0,68,,1477,10,,,0,28,,1460,10,,,0,68,,1476,10,,,0,28,,1473,10,,,0,30,,1479,10,,,0,67,,1467,10,,,0,30,,1480,10,,,0,68,,1466,10,,,0,95,,1470,10,,,0,37,,1469,10,,,0,80,,1468,10,,,0,120,,1471,10,,,0,149,,1465,10,,,0
1801,'4800',752,,3437,10,,,0,102,,1487,10,,,0,100,,1488,10,,,0,100,,3441,10,,,0,100,,1492,10,,,0,100,,1489,10,,,0,100,,1490,10,,,0,100,,1493,10,,,0,100,,1494,10,,,0,100,,1495,10,,,0,100,,3442,10,,,0,167,,3438,10,,,0,115,,3440,10,,,0,115,,3436,10,,,0,155,,3439,10,,,0,115,,3435,10,,,0
1801,'5102',633,,5358,10,,,0,108,,5360,10,,,0,66,,5340,10,,,0,26,,5361,10,,,0,69,,5341,10,,,0,28,,5364,10,,,0,27,,5343,10,,,0,80,,5342,10,,,0,80,,5347,10,,,0,40,,5348,10,,,0,80,,5350,10,,,0,80,,5349,10,,,0,40,,5345,10,,,0,80,,5346,10,,,0,68,,5363,10,,,0,28,,5344,10,,,0,68,,5362,10,,,0,28,,5359,10,,,0,30,,5365,10,,,0,67,,5353,10,,,0,30,,5366,10,,,0,68,,5352,10,,,0,95,,5356,10,,,0,37,,5355,10,,,0,80,,5354,10,,,0,120,,5357,10,,,0,149,,5351,10,,,0
1801,'5105',752,,5369,10,,,0,102,,5373,10,,,0,100,,5374,10,,,0,100,,5377,10,,,0,100,,5378,10,,,0,100,,5375,10,,,0,100,,5376,10,,,0,100,,5379,10,,,0,100,,5380,10,,,0,100,,5381,10,,,0,100,,5382,10,,,0,167,,5370,10,,,0,115,,5372,10,,,0,115,,5368,10,,,0,155,,5371,10,,,0,115,,5367,10,,,0
