1000,'4327',739,,4725,13,,,0,85,,4713,13,,,0,86,,4726,13,,,0,45,,4714,13,,,0,85,,4715,13,,,0,85,,4717,13,,,0,85,,4727,13,,,0,45,,4718,13,,,0,85,,4716,13,,,0,85,,4719,13,,,0,85,,4728,13,,,0,45,,4720,13,,,0,85,,4723,13,,,0,85,,4724,13,,,0,84,,4729,13,,,0,45,,4722,13,,,0,84,,4721,13,,,0,85,,4732,13,,,0,85,,4733,13,,,0,45,,4730,13,,,0,85,,4735,13,,,0,85,,4731,13,,,0,85,,4734,13,,,0
1000,'4795',529,,3084,13,,,0,80,,3078,13,,,0,20,,3066,13,,,0,20,,3074,13,,,0,60,,3069,13,,,0,21,,3080,13,,,0,20,,3067,13,,,0,60,,3075,13,,,0,20,,3065,13,,,0,20,,3071,13,,,0,66,,3081,13,,,0,34,,3068,13,,,0,72,,3070,13,,,0,32,,3079,13,,,0,72,,3076,13,,,0,32,,3073,13,,,0,72,,3083,13,,,0,72,,3077,13,,,0,32,,3072,13,,,0,72,,3082,13,,,0,26,,854,13,,,0,20,,3064,13,,,0,60,,3086,13,,,0,21,,3087,13,,,0,20,,3088,13,,,0,60,,845,13,,,0,20,,3089,13,,,0,20,,3090,13,,,0,60,,3091,13,,,0,19,,3092,13,,,0,20,,850,13,,,0,59,,3093,13,,,0,39,,3094,13,,,0,79,,3095,13,,,0,80,,3062,13,,,0,40,,3096,13,,,0,80,,3063,13,,,0,79,,3060,13,,,0,40,,3097,13,,,0,80,,3059,13,,,0,79,,3061,13,,,0,40,,3098,13,,,0,75,,3085,13,0,5 6,0
1000,'4800',740,,3120,13,,,0,85,,3107,13,,,0,85,,3108,13,,,0,45,,3102,13,,,0,86,,3101,13,,,0,85,,3109,13,,,0,85,,3110,13,,,0,45,,3103,13,,,0,85,,3116,13,,,0,85,,3117,13,,,0,85,,3114,13,,,0,45,,3119,13,,,0,85,,3112,13,,,0,85,,3106,13,,,0,84,,3121,13,,,0,45,,3111,13,,,0,85,,3099,13,,,0,85,,3115,13,,,0,84,,3104,13,,,0,45,,3100,13,,,0,84,,3118,13,,,0,85,,3105,13,,,0,85,,3113,13,,,0
1000,'5102',529,,4761,13,,,0,80,,4755,13,,,0,20,,4743,13,,,0,20,,4752,13,,,0,60,,4746,13,,,0,21,,4758,13,,,0,20,,4744,13,,,0,60,,4753,13,,,0,20,,4742,13,,,0,20,,4748,13,,,0,66,,4759,13,,,0,34,,4745,13,,,0,72,,4747,13,,,0,32,,4756,13,,,0,72,,4754,13,,,0,32,,4750,13,,,0,72,,4757,13,,,0,72,,4751,13,,,0,32,,4749,13,,,0,72,,4760,13,,,0,26,,4775,13,,,0,20,,4741,13,,,0,60,,4763,13,,,0,21,,4764,13,,,0,20,,4765,13,,,0,60,,4766,13,,,0,20,,4767,13,,,0,20,,4768,13,,,0,60,,4770,13,,,0,19,,4771,13,,,0,20,,4772,13,,,0,59,,4769,13,,,0,39,,4773,13,,,0,79,,4774,13,,,0,80,,4739,13,,,0,40,,4776,13,,,0,80,,4740,13,,,0,79,,4738,13,,,0,40,,4777,13,,,0,80,,4737,13,,,0,79,,4736,13,,,0,40,,4778,13,,,0,75,,4762,13,0,5 6,0
1000,'5105',740,,4800,13,,,0,85,,4787,13,,,0,85,,4788,13,,,0,45,,4782,13,,,0,86,,4781,13,,,0,85,,4789,13,,,0,85,,4790,13,,,0,45,,4783,13,,,0,85,,4796,13,,,0,85,,4797,13,,,0,85,,4794,13,,,0,45,,4799,13,,,0,85,,4792,13,,,0,85,,4786,13,,,0,84,,4801,13,,,0,45,,4791,13,,,0,85,,4779,13,,,0,85,,4795,13,,,0,84,,4784,13,,,0,45,,4780,13,,,0,84,,4798,13,,,0,85,,4785,13,,,0,85,,4793,13,,,0
1901,'4327',756,,5465,15,,,0,103,,5458,15,,,0,156,,5457,15,,,0,120,,5456,15,,,0,115,,5455,15,,,0,160,,5454,15,,,0,115,,5453,15,,,0,120,,5459,15,,,0,155,,5460,15,,,0,116,,5461,15,,,0,115,,5462,15,,,0,115,,5463,15,,,0,155,,5464,15,,,0
1901,'4795',731,,1611,15,,,0,20,,1607,15,,,0,61,,1608,15,,,0,20,,1606,15,,,0,19,,1587,15,,,0,60,,1602,15,,,0,21,,1585,15,,,0,75,,1586,15,,,0,35,,1583,15,,,0,75,,1588,15,,,0,35,,1589,15,,,0,75,,1590,15,,,0,75,,1594,15,,,0,35,,1591,15,,,0,75,,1592,15,,,0,36,,1595,15,,,0,60,,1580,15,,,0,20,,1593,15,,,0,20,,1579,15,,,0,60,,1598,15,,,0,20,,1581,15,,,0,20,,1599,15,,,0,60,,1582,15,,,0,20,,1597,15,,,0,19,,1584,15,,,0,59,,1601,15,,,0,35,,1605,15,,,0,75,,1603,15,,,0,34,,1596,15,,,0,75,,1600,15,,,0,75,,1604,15,,,0,23,,1610,15,,,0,115,,1609,15,,,0
1901,'4800',755,,1620,15,,,0,75,,1622,15,,,0,75,,1624,15,,,0,36,,1621,15,,,0,75,,1626,15,,,0,35,,1623,15,,,0,75,,1627,15,,,0,75,,1628,15,,,0,35,,1631,15,,,0,75,,1632,15,,,0,35,,1625,15,,,0,75,,1629,15,,,0,35,,1633,15,,,0,75,,1634,15,,,0,75,,1630,15,,,0,35,,1635,15,,,0,75,,1636,15,,,0,35,,1618,15,,,0,74,,1619,15,,,0,16,,3448,15,,,0,115,,3450,15,,,0,155,,3451,15,,,0,115,,3452,15,,,0,115,,3449,15,,,0,115,,3453,15,,,0
1901,'5102',731,,5498,15,,,0,20,,5494,15,,,0,61,,5495,15,,,0,20,,5493,15,,,0,19,,5474,15,,,0,60,,5489,15,,,0,21,,5472,15,,,0,75,,5473,15,,,0,35,,5470,15,,,0,75,,5475,15,,,0,35,,5476,15,,,0,75,,5477,15,,,0,75,,5481,15,,,0,35,,5478,15,,,0,75,,5479,15,,,0,36,,5482,15,,,0,61,,5499,15,,,0,2,,5467,15,,,0,17,,5480,15,,,0,20,,5466,15,,,0,60,,5485,15,,,0,20,,5468,15,,,0,20,,5486,15,,,0,60,,5469,15,,,0,20,,5484,15,,,0,19,,5471,15,,,0,59,,5488,15,,,0,35,,5491,15,,,0,75,,5490,15,,,0,34,,5483,15,,,0,75,,5487,15,,,0,75,,5492,15,,,0,23,,5497,15,,,0,115,,5496,15,,,0
1901,'5105',755,,5508,15,,,0,75,,5510,15,,,0,75,,5512,15,,,0,36,,5509,15,,,0,75,,5514,15,,,0,35,,5511,15,,,0,75,,5515,15,,,0,75,,5516,15,,,0,35,,5519,15,,,0,75,,5520,15,,,0,35,,5513,15,,,0,75,,5517,15,,,0,35,,5521,15,,,0,75,,5522,15,,,0,75,,5518,15,,,0,35,,5523,15,,,0,75,,5524,15,,,0,35,,5506,15,,,0,74,,5507,15,,,0,16,,5500,15,,,0,115,,5502,15,,,0,155,,5503,15,,,0,115,,5504,15,,,0,115,,5501,15,,,0,115,,5505,15,,,0
