'3328',800,62600,,'',0,7500,,'',0,3500,,'',0,7500,,'',0,3500,,'',0,7500,,'',0,9900,,'',0,2500,,'',0,6500,,'',0,2000,,'',0,8000,,'',0,2000,,'',0,2000,,'',0,6000,,'',0,2000,,'',0,8000,,'',0,2000,,'',0,2000,,'',0,6000,,'',0,2000,,'',0,8000,,'',0,2000,,'',0,2000,,'',0,6000,,'',0,2000,,'',0,8000,,'',0,2000,,'',0,2000,,'',0,7000,,'',0,11500,,'',0,17000,,'',0,13000,,'',0,16500,,'',0
'3328',801,64800,4,'',0,8000,4,'',0,7500,4,'',0,3500,4,'',0,7600,4,'',0,3600,4,'',0,7500,4,'',0,7600,4,'',0,10200,4,'',0,2600,4,'',0,2500,4,'',0,6500,4,'',0,4000,4,'',0,6000,4,'',0,1900,4,'',0,2000,4,'',0,6000,4,'',0,4000,4,'',0,6000,4,'',0,1900,4,'',0,2000,4,'',0,6000,4,'',0,3900,4,'',0,5900,4,'',0,2000,4,'',0,2000,4,'',0,5800,4,'',0,8700,4,'',0,2900,4,'',0,12900,4,'',0,16800,4,'',0,12800,4,'',0
'3606',800,55500,,'',0,6000,,'',0,4100,,'',0,5800,,'',0,1800,,'',0,1200,,'',0,1200,,'',0,5200,,'',0,2500,,'',0,1300,,'',0,5400,,'',0,1500,,'',0,1800,,'',0,1800,,'',0,5800,,'',0,1800,,'',0,1800,,'',0,5800,,'',0,1800,,'',0,1800,,'',0,1800,,'',0,5800,,'',0,1900,,'',0,1800,,'',0,5800,,'',0,1800,,'',0,1800,,'',0,5400,,'',0,1400,,'',0,1400,,'',0,1400,,'',0,1400,,'',0,5400,,'',0,1400,,'',0,1400,,'',0,1400,,'',0,5400,,'',0,1400,,'',0,1400,,'',0,1400,,'',0,5400,,'',0,1400,,'',0,1400,,'',0,1500,,'',0,5500,,'',0,2000,,'',0,2000,,'',0,6000,,'',0,2000,,'',0,2200,,'',0,6300,,'',0,2500,,'',0,2500,,'',0,6500,,'',0,2500,,'',0,8500,,'',0,8500,,'',0,8500,,'',0,4500,,'',0
'3606',801,63700,4,'',0,8700,4,'',0,1300,4,'',0,1000,4,'',0,5300,4,'',0,2500,4,'',0,1200,4,'',0,1200,4,'',0,5200,4,'',0,1200,4,'',0,1000,4,'',0,1200,4,'',0,1200,4,'',0,7000,4,'',0,1800,4,'',0,1900,4,'',0,5800,4,'',0,1800,4,'',0,1800,4,'',0,5800,4,'',0,2000,4,'',0,1800,4,'',0,5800,4,'',0,1800,4,'',0,1800,4,'',0,900,4,'',0,900,4,'',0,5900,4,'',0,1600,4,'',0,1500,4,'',0,5400,4,'',0,1600,4,'',0,1800,4,'',0,1700,4,'',0,5800,4,'',0,1500,4,'',0,1300,4,'',0,1200,4,'',0,5400,4,'',0,1300,4,'',0,1400,4,'',0,1300,4,'',0,1200,4,'',0,5200,4,'',0,1300,4,'',0,1400,4,'',0,1400,4,'',0,5200,4,'',0,1400,4,'',0,2000,4,'',0,2300,4,'',0,6500,4,'',0,2500,4,'',0,6500,4,'',0,2400,4,'',0,6500,4,'',0,2300,4,'',0,8500,4,'',0,4300,4,'',0,8300,4,'',0,8500,4,'',0
'3921',800,62500,,'',0,7500,,'',0,3500,,'',0,7500,,'',0,3500,,'',0,7500,,'',0,3000,,'',0,7000,,'',0,3000,,'',0,7000,,'',0,3000,,'',0,7000,,'',0,3000,,'',0,7000,,'',0,3000,,'',0,7000,,'',0,3000,,'',0,7000,,'',0,3000,,'',0,7000,,'',0,3000,,'',0,7000,,'',0,3000,,'',0,7000,,'',0,3000,,'',0,7000,,'',0,3000,,'',0,8500,,'',0,8500,,'',0,8500,,'',0,4500,,'',0,8500,,'',0
'3921',801,64700,4,'',0,7700,4,'',0,3500,4,'',0,7700,4,'',0,7700,4,'',0,3500,4,'',0,7500,4,'',0,7700,4,'',0,3600,4,'',0,7000,4,'',0,3100,4,'',0,7000,4,'',0,3000,4,'',0,7000,4,'',0,3000,4,'',0,7000,4,'',0,3000,4,'',0,7000,4,'',0,2900,4,'',0,7000,4,'',0,2900,4,'',0,6900,4,'',0,2900,4,'',0,6900,4,'',0,2800,4,'',0,2900,4,'',0,6800,4,'',0,8500,4,'',0,4400,4,'',0,8500,4,'',0,8400,4,'',0,8500,4,'',0
'4386',800,63600,,'',0,18400,,'',0,19800,0,'Orchard Pk',0
'4386',801,81200,4,'',0,18900,4,'',0
'4387',800,63600,,'',0,18400,,'',0,19800,0,'Orchard Pk',0
'4387',801,81200,4,'',0,18900,4,'',0
'4388',800,95100,,'',0,19900,,'',0,20000,,'',0,20000,,'',0,20000,,'',0,20000,,'',0,17000,,'',0,13000,,'',0,17000,,'',0
'4388',801,113200,4,'',0,20700,4,'',0,19900,4,'',0,19800,4,'',0,19600,4,'',0,18100,4,'',0,12900,4,'',0,16800,4,'',0
'3606',1201,72200,,'',0,8100,,'',0,4000,,'',0
'4386',1201,152200,,'',0,8400,,'',0,4400,,'',0,8200,,'',0,8500,,'',0,21600,,'',0
'4387',1201,152200,,'',0,8400,,'',0,4400,,'',0,8200,,'',0,8500,,'',0,21600,,'',0
