2300,'4327',828,,5743,31,4,,0,95,,5745,31,4,,0,95,,5742,31,4,,0,95,,5746,31,4,,0,95,,5747,31,4,,0,140,,5744,31,4,,0,95,,5748,31,4,,0,95,,5749,31,4,,0,95,,5750,31,4,,0,90,,5751,31,4,,0,94,,5752,31,4,,0,94,,5753,31,4,,0,95,,5754,31,4,,0,125,,5755,31,4,,0,98,,5756,31,4,,0
2300,'4795',547,,1869,21,4,,0,77,,1870,35,4,,0,76,,1871,35,4,,0,32,,1872,35,4,,0,17,,3480,35,4,,0,57,,1874,35,4,,0,17,,3481,35,4,,0,17,,1876,35,4,,0,17,,3482,35,4,,0,57,,1878,35,4,,0,17,,3483,35,4,,0,17,,1909,35,4,,0,57,,3484,35,4,,0,34,,3485,35,4,,0,74,,3486,35,4,,0,34,,3487,35,4,,0,74,,3488,35,4,,0,34,,3490,35,4,,0,74,,3491,35,4,,0,74,,3492,35,4,,0,34,,3489,35,4,,0,78,,3493,38,4,,0,13,,1890,35,4,,0,17,,3494,35,4,,0,57,,1892,35,4,,0,17,,3495,35,4,,0,17,,1894,35,4,,0,17,,3496,35,4,,0,57,,1896,35,4,,0,17,,3497,35,4,,0,17,,1898,35,4,,0,57,,3498,38,4,,0,13,,1900,35,4,,0,21,,3500,35,4,,0,68,,3501,35,4,,0,35,,3502,35,4,,0,75,,3499,35,4,,0,100,,3503,31,4,,0,105,,3504,31,4,,0,100,,3505,31,4,,0,106,,3506,31,4,,0
2300,'4800',733,,1910,35,4,,0,71,,1938,31,4,,0,30,,1911,35,4,,0,68,,1937,31,4,,0,30,,3520,35,4,,0,26,,1924,31,4,,0,75,,1935,35,4,,0,17,,3507,31,4,,0,72,,1936,31,4,,0,25,,3508,31,4,,0,67,,3522,31,4,,0,30,,3509,31,4,,0,70,,3519,31,4,,0,29,,3516,31,4,,0,71,,3518,31,4,,0,40,,3517,38,4,,0,60,,3521,31,4,,0,36,,3515,31,4,,0,74,,3510,35,4,,0,30,,3511,31,4,,0,67,,3513,35,4,,0,28,,3512,31,4,,0,72,,1919,35,4,,0,103,,1917,31,4,,0,91,,1923,31,4,,0,104,,1921,35,4,,0,112,,1920,31,4,,0,108,,1928,31,4,,0,110,,3514,31,4,,0
2300,'5102',547,,5757,21,4,,0,77,,5758,35,4,,0,76,,5759,35,4,,0,32,,5761,35,4,,0,17,,5762,35,4,,0,57,,5763,35,4,,0,17,,5760,35,4,,0,17,,5764,35,4,,0,17,,5765,35,4,,0,57,,5767,35,4,,0,17,,5768,35,4,,0,17,,5797,35,4,,0,57,,5769,35,4,,0,34,,5766,35,4,,0,74,,5771,35,4,,0,34,,5772,35,4,,0,74,,5773,35,4,,0,34,,5774,35,4,,0,74,,5775,35,4,,0,74,,5776,35,4,,0,34,,5770,35,4,,0,78,,5777,38,4,,0,13,,5778,35,4,,0,17,,5780,35,4,,0,57,,5781,35,4,,0,17,,5782,35,4,,0,17,,5783,35,4,,0,17,,5784,35,4,,0,57,,5785,35,4,,0,17,,5779,35,4,,0,17,,5786,35,4,,0,57,,5787,38,4,,0,13,,5788,35,4,,0,21,,5793,35,4,,0,68,,5794,35,4,,0,35,,5790,35,4,,0,75,,5789,35,4,,0,100,,5792,31,4,,0,105,,5791,31,4,,0,100,,5795,31,4,,0,106,,5796,31,4,,0
2300,'5105',733,,5799,35,4,,0,71,,5826,31,4,,0,30,,5798,35,4,,0,68,,5825,31,4,,0,30,,5820,35,4,,0,26,,5812,31,4,,0,75,,5823,35,4,,0,17,,5800,31,4,,0,72,,5824,31,4,,0,25,,5801,31,4,,0,67,,5822,31,4,,0,30,,5802,31,4,,0,70,,5819,31,4,,0,29,,5815,31,4,,0,71,,5818,31,4,,0,40,,5817,38,4,,0,60,,5821,31,4,,0,36,,5814,31,4,,0,74,,5803,35,4,,0,30,,5804,31,4,,0,67,,5810,35,4,,0,28,,5806,31,4,,0,72,,5807,35,4,,0,103,,5805,31,4,,0,91,,5811,31,4,,0,104,,5809,35,4,,0,112,,5808,31,4,,0,108,,5816,31,4,,0,110,,5813,31,4,,0
2301,'4327',828,,5839,1,,,0,95,,5836,1,,,0,95,,5832,1,,,0,95,,5840,1,,,0,95,,5833,1,,,0,140,,5838,1,,,0,95,,5829,1,,,0,95,,5828,1,,,0,95,,5835,1,,,0,90,,5831,1,,,0,94,,5841,1,,,0,94,,5837,1,,,0,95,,5834,1,,,0,125,,5830,1,,,0,98,,5827,1,,,0
2301,'4795',547,,1954,1,,,0,77,,1955,1,,,0,76,,1956,1,,,0,32,,1957,1,0,9 10 11,0,17,,3525,1,,,0,57,,1959,1,,,0,17,,3526,1,,,0,17,,1961,1,,,0,17,,3527,1,,,0,57,,1963,1,,,0,17,,3528,1,,,0,17,,1994,1,,,0,57,,3529,1,0,9 10 11,0,34,,3531,1,,,0,74,,3532,1,,,0,34,,3533,1,,,0,74,,3534,1,,,0,34,,3535,1,,,0,74,,3536,1,,,0,74,,3530,1,,,0,34,,3537,1,,,0,78,,3538,1,,,0,13,,1972,1,,,0,17,,3539,1,,,0,57,,1977,1,,,0,17,,3540,1,,,0,17,,1980,1,,,0,17,,3541,1,,,0,57,,1978,1,,,0,17,,3542,1,,,0,17,,1983,1,,,0,57,,3543,1,,,0,13,,1985,1,,,0,21,,3544,1,,,0,68,,3545,1,,,0,35,,3547,1,,,0,75,,3548,1,,,0,100,,3549,1,,,0,105,,3546,1,,,0,100,,3551,1,,,0,106,,3550,1,,,0
2301,'4800',733,,1997,1,,,0,71,,2002,1,,,0,32,,2003,1,,,0,66,,2004,1,,,0,30,,3554,1,,,0,26,,2000,1,0,9 10 11,0,75,,2005,1,,,0,17,,3555,1,,,0,72,,2006,1,,,0,25,,3557,1,,,0,67,,3559,1,,,0,30,,3560,1,,,0,70,,3562,1,,,0,29,,3556,1,,,0,71,,3553,1,,,0,40,,3565,1,,,0,60,,3564,1,,,0,36,,3561,1,,,0,74,,3563,1,,,0,30,,3558,1,,,0,67,,3552,1,,,0,28,,3566,1,,,0,72,,2014,1,,,0,103,,1998,1,,,0,91,,2019,1,,,0,104,,2017,1,,,0,112,,2018,1,,,0,108,,1999,1,,,0,110,,3567,1,,,0
2301,'5102',547,,5842,1,,,0,77,,5843,1,,,0,76,,5844,1,,,0,32,,5845,1,0,9 10 11,0,17,,5846,1,,,0,57,,5847,1,,,0,17,,5848,1,,,0,17,,5849,1,,,0,17,,5851,1,,,0,57,,5852,1,,,0,17,,5853,1,,,0,17,,5882,1,,,0,57,,5850,1,0,9 10 11,0,34,,5855,1,,,0,74,,5856,1,,,0,34,,5857,1,,,0,74,,5858,1,,,0,34,,5859,1,,,0,74,,5862,1,,,0,74,,5854,1,,,0,34,,5863,1,,,0,78,,5860,1,,,0,13,,5861,1,,,0,17,,5865,1,,,0,57,,5866,1,,,0,17,,5864,1,,,0,17,,5868,1,,,0,17,,5869,1,,,0,57,,5867,1,,,0,17,,5870,1,,,0,17,,5871,1,,,0,57,,5872,1,,,0,13,,5873,1,,,0,21,,5874,1,,,0,68,,5875,1,,,0,35,,5878,1,,,0,75,,5879,1,,,0,100,,5880,1,,,0,105,,5876,1,,,0,100,,5881,1,,,0,106,,5877,1,,,0
2301,'5105',733,,5885,1,,,0,71,,5890,1,,,0,32,,5891,1,,,0,66,,5892,1,,,0,30,,5889,1,,,0,26,,5888,1,0,9 10 11,0,75,,5893,1,,,0,17,,5895,1,,,0,72,,5894,1,,,0,25,,5897,1,,,0,67,,5899,1,,,0,30,,5900,1,,,0,70,,5903,1,,,0,29,,5896,1,,,0,71,,5884,1,,,0,40,,5909,1,,,0,60,,5908,1,,,0,36,,5901,1,,,0,74,,5904,1,,,0,30,,5898,1,,,0,67,,5883,1,,,0,28,,5910,1,,,0,72,,5902,1,,,0,103,,5886,1,,,0,91,,5907,1,,,0,104,,5905,1,,,0,112,,5906,1,,,0,108,,5887,1,,,0,110,,5911,1,,,0
