801,'4327',620,,4554,1,,,0,37,,4555,15,,,0,75,,4556,15,,,0,75,,4557,15,,,0,36,,4558,15,,,0,75,,4559,15,,,0,35,,4560,15,,,0,75,,4561,15,,,0,75,,4563,15,,,0,30,,4564,15,,,0,70,,4565,15,,,0,30,,4562,15,,,0,70,,4568,15,,,0,30,,4569,15,,,0,70,,4566,15,,,0,30,,4567,15,,,0,70,,4570,15,,,0,30,,4571,15,,,0,70,,4572,15,,,0,30,,4574,15,,,0,70,,4575,15,,,0,30,,4576,15,,,0,69,,4573,15,,,0,30,,4577,15,,,0,70,,4578,15,,,0,30,,4579,15,,,0,70,,4580,15,,,0,45,,4581,15,,,0,85,,4582,15,,,0,85,,4583,15,,,0,85,,4552,15,,,0,45,,4553,15,,,0
801,'4795',558,,2938,15,,,0,79,,2939,1,,,0,11,,2940,15,,,0,55,,2941,1,,,0,7,,2942,15,,,0,16,,2943,15,,,0,15,,2944,15,,,0,15,,2945,15,,,0,55,,2946,15,,,0,15,,2947,15,,,0,15,,2948,15,,,0,15,,2949,15,,,0,55,,2950,15,,,0,15,,2951,15,,,0,15,,2952,15,,,0,15,,2953,15,,,0,55,,2954,15,,,0,15,,2955,15,,,0,15,,2956,15,,,0,15,,2957,15,,,0,55,,2958,15,,,0,15,,2959,15,,,0,15,,2960,15,,,0,15,,2961,15,,,0,55,,2962,15,,,0,15,,2963,15,,,0,15,,2964,15,,,0,15,,2965,15,,,0,55,,2966,15,,,0,15,,2967,15,,,0,15,,2968,15,,,0,15,,2969,15,,,0,55,,2970,15,,,0,15,,2971,15,,,0,15,,2972,15,,,0,16,,2973,15,,,0,55,,2974,15,,,0,16,,699,4,,,0,3,,2975,15,,,0,16,,2976,15,,,0,54,,2977,15,,,0,16,,2978,15,,,0,16,,2979,15,,,0,16,,2980,15,,,0,56,,2981,15,,,0,15,,2982,15,,,0,16,,2983,15,,,0,15,,2984,15,,,0,56,,2985,15,,,0,15,,2986,15,,,0,16,,2987,15,,,0,16,,2988,15,,,0,57,,2989,15,,,0,18,,2990,15,,,0,25,,2991,15,,,0,66,,2992,15,,,0,24,,2993,15,,,0,65,,2994,15,,,0,25,,2995,15,,,0,25,,2996,15,,,0,85,,2997,15,,,0,84,,2998,15,,,0,85,,2999,15,,,0,45,,3000,15,,,0
801,'4800',620,,3025,1,,,0,37,,3032,15,,,0,75,,3015,15,,,0,75,,3022,15,,,0,36,,3031,15,,,0,75,,3014,15,,,0,35,,3024,15,,,0,75,,3030,15,,,0,30,,3004,15,,,0,70,,3013,15,,,0,25,,3019,15,,,0,65,,3029,15,,,0,25,,761,15,,,0,60,,3002,15,,,0,20,,3012,15,,,0,20,,3034,15,,,0,60,,3018,15,,,0,20,,3027,15,,,0,20,,763,15,,,0,60,,3001,15,,,0,20,,3010,15,,,0,20,,3033,15,,,0,60,,3016,15,,,0,20,,3026,15,,,0,20,,764,15,,,0,60,,3003,15,,,0,20,,3011,15,,,0,19,,3035,15,,,0,60,,3017,15,,,0,20,,3028,15,,,0,20,,759,15,,,0,60,,3005,15,,,0,30,,3007,15,,,0,70,,3020,15,,,0,45,,3006,15,,,0,85,,3023,15,,,0,85,,3008,15,,,0,85,,3021,15,,,0,44,,3009,15,,,0,85,,749,15,,,0
801,'5102',558,,4584,15,,,0,79,,4585,1,,,0,11,,4586,15,,,0,55,,4587,1,,,0,7,,4588,15,,,0,16,,4589,15,,,0,15,,4591,15,,,0,15,,4592,15,,,0,55,,4593,15,,,0,15,,4590,15,,,0,15,,4595,15,,,0,15,,4596,15,,,0,55,,4597,15,,,0,15,,4594,15,,,0,15,,4598,15,,,0,15,,4599,15,,,0,55,,4600,15,,,0,15,,4601,15,,,0,15,,4602,15,,,0,15,,4603,15,,,0,55,,4604,15,,,0,15,,4606,15,,,0,15,,4607,15,,,0,15,,4609,15,,,0,55,,4605,15,,,0,15,,4610,15,,,0,15,,4611,15,,,0,15,,4608,15,,,0,55,,4612,15,,,0,15,,4613,15,,,0,15,,4614,15,,,0,15,,4615,15,,,0,55,,4616,15,,,0,15,,4617,15,,,0,15,,4619,15,,,0,16,,4621,15,,,0,55,,4618,15,,,0,16,,4622,4,,,0,3,,4623,15,,,0,16,,4624,15,,,0,54,,4625,15,,,0,16,,4626,15,,,0,16,,4627,15,,,0,16,,4628,15,,,0,56,,4630,15,,,0,15,,4632,15,,,0,16,,4633,15,,,0,15,,4629,15,,,0,56,,4634,15,,,0,15,,4631,15,,,0,16,,4635,15,,,0,16,,4636,15,,,0,57,,4637,15,,,0,18,,4638,15,,,0,25,,4639,15,,,0,66,,4640,15,,,0,24,,4641,15,,,0,65,,4642,15,,,0,25,,4643,15,,,0,25,,4644,15,,,0,85,,4646,15,,,0,84,,4647,15,,,0,85,,4648,15,,,0,45,,4645,15,,,0
801,'5105',620,,4674,1,,,0,37,,4681,15,,,0,75,,4663,15,,,0,75,,4670,15,,,0,36,,4680,15,,,0,75,,4662,15,,,0,35,,4673,15,,,0,75,,4679,15,,,0,30,,4652,15,,,0,70,,4661,15,,,0,25,,4667,15,,,0,65,,4678,15,,,0,25,,4684,15,,,0,60,,4650,15,,,0,20,,4660,15,,,0,20,,4685,15,,,0,60,,4666,15,,,0,20,,4676,15,,,0,20,,4686,15,,,0,60,,4649,15,,,0,20,,4658,15,,,0,20,,4683,15,,,0,60,,4664,15,,,0,20,,4675,15,,,0,20,,4687,15,,,0,60,,4651,15,,,0,20,,4659,15,,,0,19,,4688,15,,,0,60,,4665,15,,,0,20,,4677,15,,,0,20,,4682,15,,,0,60,,4653,15,,,0,30,,4655,15,,,0,70,,4668,15,,,0,45,,4654,15,,,0,85,,4671,15,,,0,85,,4656,15,,,0,85,,4669,15,,,0,44,,4657,15,,,0,85,,4672,15,,,0
9801,'4327',955,,6464,7,,,0,86,,6471,7,,,0,85,,6463,7,,,0,85,,6467,7,,,0,45,,6462,7,,,0,85,,6469,7,,,0,85,,6461,7,,,0,85,,6465,7,,,0,45,,6460,7,,,0,85,,6468,7,,,0,169,,6466,7,,,0,130,,6470,7,,,0,170,,6472,7,,,0
9801,'4795',642,,2737,7,,,0,60,,2736,7,,,0,21,,2723,7,,,0,20,,2716,7,,,0,61,,2722,7,,,0,21,,2725,7,,,0,21,,2732,7,,,0,61,,2724,7,,,0,42,,2729,7,,,0,83,,2735,7,,,0,83,,2721,7,,,0,85,,2731,7,,,0,45,,2739,7,,,0,85,,2728,7,,,0,85,,2730,7,,,0,85,,2710,7,,,0,29,,2717,7,,,0,20,,2720,7,,,0,60,,2727,7,,,0,20,,2726,7,,,0,20,,2712,7,,,0,59,,2719,7,,,0,20,,2715,7,,,0,19,,2713,7,,,0,60,,2740,7,,,0,20,,2709,7,,,0,21,,2741,7,,,0,79,,2711,7,,,0,80,,2718,7,,,0,40,,2738,7,,,0,80,,2708,7,,,0,80,,2734,7,,,0,40,,2714,7,,,0,79,,2733,7,,,0
9801,'4800',957,,2744,7,,,0,85,,2755,7,,,0,85,,2743,7,,,0,85,,2751,7,,,0,45,,2746,7,,,0,85,,2750,7,,,0,85,,2745,7,,,0,85,,2749,7,,,0,45,,2742,7,,,0,85,,2748,7,,,0,85,,2747,7,,,0,84,,2752,7,,,0,129,,2753,7,,,0,170,,2754,7,,,0
9801,'5102',642,,6496,7,,,0,60,,6489,7,,,0,21,,6497,7,,,0,20,,6494,7,,,0,61,,6498,7,,,0,21,,6490,7,,,0,82,,6493,7,,,0,42,,6492,7,,,0,83,,6495,7,,,0,83,,6491,7,,,0,85,,6479,7,,,0,45,,6483,7,,,0,85,,6477,7,,,0,85,,6478,7,,,0,87,,6474,7,,,0,25,,6501,7,,,0,22,,6484,7,,,0,60,,6499,7,,,0,20,,6500,7,,,0,20,,6488,7,,,0,78,,6486,7,,,0,89,,6487,7,,,0,90,,6485,7,,,0,49,,6476,7,,,0,86,,6482,7,,,0,86,,6473,7,,,0,80,,6481,7,,,0,40,,6475,7,,,0,79,,6480,7,,,0
9801,'5105',957,,6504,7,,,0,85,,6515,7,,,0,85,,6503,7,,,0,85,,6511,7,,,0,45,,6506,7,,,0,85,,6510,7,,,0,85,,6505,7,,,0,85,,6509,7,,,0,45,,6502,7,,,0,85,,6508,7,,,0,85,,6507,7,,,0,84,,6512,7,,,0,129,,6513,7,,,0,170,,6514,7,,,0
