2501,'4327',1030,,6021,6,,,0,228,,6022,6,,,0,291,,6023,6,,,0,269,,6024,6,,,0
2501,'4795',718,,2137,6,,,0,94,,2138,6,,,0,91,,2139,6,,,0,134,,2140,6,,,0,171,,2142,6,,,0,137,,2141,6,,,0,112,,2143,6,,,0,100,,2144,6,,,0,95,,2145,6,,,0,91,,2146,6,,,0
2501,'4800',946,,2148,6,,,0,172,,2149,6,,,0,133,,2147,6,,,0,181,,2151,6,,,0,391,,2150,6,,,0
2501,'5102',718,,6025,6,,,0,94,,6026,6,,,0,91,,6027,6,,,0,134,,6028,6,,,0,171,,6030,6,,,0,137,,6029,6,,,0,112,,6031,6,,,0,100,,6032,6,,,0,95,,6033,6,,,0,91,,6034,6,,,0
2501,'5105',946,,6036,6,,,0,172,,6037,6,,,0,133,,6035,6,,,0,181,,6039,6,,,0,391,,6038,6,,,0
2601,'4327',717,,6073,6,,,0,35,,6072,6,,,0,364,,6074,6,,,0,231,,6075,6,,,0,288,,6076,6,,,0,303,,6077,6,,,0
2601,'4795',612,,2191,6,,,0,37,,2190,6,,,0,75,,2192,6,,,0,80,,2194,6,,,0,36,,2193,6,,,0,119,,2195,6,,,0,166,,2196,6,,,0,134,,2197,6,,,0,176,,2198,6,,,0,77,,2200,6,,,0,35,,2201,6,,,0,79,,2199,6,,,0,75,,2202,6,,,0,42,,2203,6,,,0,72,,2204,6,,,0,108,,2205,6,,,0,134,,2206,6,,,0
2601,'4800',737,,2207,6,,,0,100,,2208,6,,,0,195,,2211,6,,,0,173,,2213,6,,,0,132,,2212,6,,,0,172,,2210,6,,,0,91,,2209,6,,,0,124,,2214,6,,,0,199,,2216,6,,,0,30,,2215,6,,,0,174,,2217,6,,,0
2601,'5102',612,,6078,6,,,0,37,,6079,6,,,0,75,,6080,6,,,0,80,,6082,6,,,0,36,,6081,6,,,0,119,,6083,6,,,0,166,,6084,6,,,0,134,,6085,6,,,0,176,,6086,6,,,0,77,,6088,6,,,0,35,,6089,6,,,0,79,,6087,6,,,0,75,,6090,6,,,0,42,,6091,6,,,0,72,,6092,6,,,0,108,,6093,6,,,0,134,,6094,6,,,0
2601,'5105',737,,6095,6,,,0,100,,6096,6,,,0,195,,6099,6,,,0,173,,6101,6,,,0,132,,6100,6,,,0,172,,6098,6,,,0,91,,6097,6,,,0,124,,6102,6,,,0,199,,6104,6,,,0,30,,6103,6,,,0,174,,6105,6,,,0
