1200,'4327',746,,5057,13,4,,0,270,,5061,13,4,,0,230,,5058,13,4,,0,270,,5060,13,4,,0,230,,5056,13,4,,0,270,,5059,13,4,,0,130,,5055,13,4,,0
1200,'4795',710,,1143,20,4,,0,41,,1141,20,4,,0,70,,1151,20,4,,0,10,,1142,20,4,,0,280,,1149,13,4,,0,398,,1144,20,4,,0,44,,1145,20,4,,0,84,,1146,20,4,,0,82,,1147,20,4,,0,86,,1148,20,4,,0,216,,3336,13,4,,0
1200,'4800',746,,1153,13,4,,0,270,,1152,13,4,,0,230,,1154,13,4,,0,270,,1156,13,4,,0,230,,1157,13,4,,0,270,,1155,13,4,,0,130,,1158,13,4,,0
1200,'5102',710,,5064,20,4,,0,41,,5062,20,4,,0,80,,5063,20,4,,0,678,,5065,20,4,,0,44,,5066,20,4,,0,84,,5067,20,4,,0,82,,5068,20,4,,0,86,,5069,20,4,,0,216,,5070,13,4,,0
1200,'5105',746,,5072,13,4,,0,270,,5071,13,4,,0,230,,5073,13,4,,0,270,,5075,13,4,,0,230,,5076,13,4,,0,270,,5074,13,4,,0,130,,5077,13,4,,0
1201,'4327',746,,5080,1,0,5 6,0,270,,5084,1,0,5 6,0,230,,5081,1,0,5 6,0,270,,5083,1,0,5 6,0,230,,5079,1,0,5 6,0,270,,5082,1,0,5 6,0,130,,5078,1,0,5 6,0
1201,'4795',710,,1166,1,,,0,41,,1167,1,,,0,70,,1176,1,,,0,10,,1168,1,,,0,280,,1174,1,0,5 6,0,398,,1169,1,,,0,44,,1170,1,,,0,84,,1171,1,,,0,82,,1173,1,,,0,86,,1172,1,,,0,216,,3337,1,,,0
1201,'4800',746,,1178,1,0,5 6,0,270,,1177,1,0,5 6,0,230,,1179,1,0,5 6,0,270,,1181,1,0,5 6,0,230,,1182,1,0,5 6,0,270,,1180,1,0,5 6,0,130,,1183,1,0,5 6,0
1201,'5102',710,,5085,1,,,0,41,,5086,1,,,0,80,,5087,1,,,0,678,,5089,1,,,0,44,,5088,1,,,0,84,,5090,1,,,0,82,,5092,1,,,0,86,,5091,1,,,0,216,,5093,1,,,0
1201,'5105',746,,5095,1,0,5 6,0,270,,5094,1,0,5 6,0,230,,5096,1,0,5 6,0,270,,5098,1,0,5 6,0,230,,5099,1,0,5 6,0,270,,5097,1,0,5 6,0,130,,5100,1,0,5 6,0
