2400,'4327',807,,5912,4,,,0,107,,5914,4,,,0,104,,5913,4,,,0,107,,5915,4,,,0,102,,5917,4,,,0,108,,5918,4,,,0,103,,5916,4,,,0,92,,5919,4,,,0,108,,5920,4,,,0,101,,5922,4,,,0,102,,5921,4,,,0
2400,'4795',546,,2035,4,,,0,104,,2036,4,,,0,72,,2037,4,,,0,105,,2038,4,,,0,30,,2040,4,,,0,70,,3568,4,,,0,108,,2041,4,,,0,104,,3569,4,,,0,104,,2043,4,,,0,106,,3570,4,,,0,151,,2045,4,,,0,32,,3571,4,,,0,72,,2048,4,,,0,32,,2046,4,,,0,72,,2050,4,,,0,32,,2049,4,,,0,80,,3572,4,,,0,96,,2052,4,,,0,116,,3573,4,,,0,101,,2053,4,,,0,104,,3574,4,,,0
2400,'4800',715,,2060,4,,,0,100,,2061,4,,,0,143,,2057,4,,,0,150,,2056,4,,,0,104,,2058,4,,,0,106,,2059,4,,,0,129,,2063,4,,,0,91,,2062,4,,,0,121,,2064,4,,,0,65,,2067,4,,,0,108,,2066,4,,,0,105,,2068,4,,,0,105,,2065,4,,,0
2400,'5102',546,,5923,4,,,0,104,,5924,4,,,0,72,,5925,4,,,0,105,,5926,4,,,0,30,,5928,4,,,0,70,,5927,4,,,0,108,,5929,4,,,0,104,,5930,4,,,0,104,,5931,4,,,0,106,,5932,4,,,0,151,,5934,4,,,0,32,,5935,4,,,0,72,,5936,4,,,0,32,,5933,4,,,0,72,,5938,4,,,0,32,,5937,4,,,0,80,,5939,4,,,0,96,,5940,4,,,0,116,,5942,4,,,0,101,,5941,4,,,0,104,,5943,4,,,0
2400,'5105',715,,5948,4,,,0,100,,5949,4,,,0,143,,5945,4,,,0,150,,5944,4,,,0,104,,5946,4,,,0,106,,5947,4,,,0,129,,5951,4,,,0,91,,5950,4,,,0,121,,5952,4,,,0,65,,5955,4,,,0,108,,5954,4,,,0,105,,5956,4,,,0,105,,5953,4,,,0
2600,'4327',1055,,6040,4,,,0,268,,6041,4,,,0,291,,6042,4,,,0,303,,6043,4,,,0
2600,'4795',552,,2156,4,,,0,75,,2157,4,,,0,79,,2158,4,,,0,38,,2160,4,,,0,76,,2159,4,,,0,38,,2161,4,,,0,159,,2162,4,,,0,124,,2163,4,,,0,176,,2164,4,,,0,134,,2166,4,,,0,78,,2168,4,,,0,79,,2167,4,,,0,35,,2165,4,,,0,76,,2169,4,,,0,120,,2170,4,,,0,199,,2172,4,,,0,175,,2171,4,,,0
2600,'4800',729,,2174,4,,,0,114,,2173,4,,,0,168,,2178,4,,,0,133,,2179,4,,,0,172,,2180,4,,,0,136,,2175,4,,,0,163,,2177,4,,,0,90,,2176,4,,,0,197,,2181,4,,,0,28,,2182,4,,,0,177,,2183,4,,,0
2600,'5102',552,,6044,4,,,0,75,,6045,4,,,0,79,,6046,4,,,0,38,,6048,4,,,0,76,,6047,4,,,0,38,,6049,4,,,0,159,,6050,4,,,0,124,,6051,4,,,0,176,,6052,4,,,0,134,,6054,4,,,0,78,,6056,4,,,0,79,,6055,4,,,0,35,,6053,4,,,0,76,,6057,4,,,0,120,,6058,4,,,0,199,,6060,4,,,0,175,,6059,4,,,0
2600,'5105',729,,6062,4,,,0,114,,6061,4,,,0,168,,6066,4,,,0,133,,6067,4,,,0,172,,6068,4,,,0,136,,6063,4,,,0,163,,6065,4,,,0,90,,6064,4,,,0,197,,6069,4,,,0,28,,6070,4,,,0,177,,6071,4,,,0
