800,'4327',619,,4408,19,,,0,33,,4409,35,,,0,75,,4410,35,,,0,75,,4411,35,,,0,36,,4412,35,,,0,78,,4414,35,,,0,35,,4415,35,,,0,71,,4416,35,,,0,30,,4413,35,,,0,72,,4418,35,,,0,30,,4419,35,,,0,70,,4420,35,,,0,30,,4417,35,,,0,70,,4421,35,,,0,30,,4422,35,,,0,70,,4423,35,,,0,30,,4426,35,,,0,70,,4433,35,,,0,30,,4427,35,,,0,70,,4434,35,,,0,30,,4424,35,,,0,69,,4425,35,,,0,29,,4428,35,,,0,69,,4435,35,,,0,30,,4429,35,,,0,69,,4430,35,,,0,29,,4431,35,,,0,70,,4432,35,,,0,85,,4436,35,,,0,43,,4437,35,,,0,84,,4438,35,,,0,84,,4439,35,,,0,85,,4440,35,,,0
800,'4795',619,,2810,35,,,0,20,,2811,35,,,0,16,,2812,19,,,0,51,,2813,35,,,0,11,,2814,19,,,0,12,,2815,35,,,0,17,,2816,35,,,0,55,,2817,35,,,0,16,,2818,35,,,0,15,,2819,35,,,0,16,,2820,35,,,0,55,,2821,35,,,0,14,,2822,35,,,0,8,,585,35,,,0,8,,2823,35,,,0,15,,2824,35,,,0,55,,2825,35,,,0,15,,2826,35,,,0,15,,2827,35,,,0,15,,2828,35,,,0,55,,2829,35,,,0,16,,2830,35,,,0,15,,2831,35,,,0,15,,2832,35,,,0,55,,2833,35,,,0,15,,2834,35,,,0,15,,2835,35,,,0,15,,2836,35,,,0,55,,2837,35,,,0,15,,2838,35,,,0,15,,2839,35,,,0,15,,2840,35,,,0,55,,2841,35,,,0,16,,2842,35,,,0,16,,2843,35,,,0,15,,2844,35,,,0,56,,2845,35,,,0,16,,2846,35,,,0,16,,2847,35,,,0,17,,2848,35,,,0,55,,561,35,,,0,16,,2850,35,,,0,16,,2851,35,,,0,11,,565,35,,,0,4,,2852,35,,,0,55,,2853,35,,,0,14,,2854,35,,,0,16,,2855,35,,,0,14,,2856,35,,,0,56,,2857,35,,,0,15,,2858,35,,,0,14,,2859,35,,,0,16,,2860,35,,,0,56,,2861,35,,,0,18,,2862,35,,,0,20,,2863,35,,,0,60,,2864,35,,,0,23,,2865,35,,,0,65,,2866,35,,,0,24,,2867,35,,,0,24,,2868,35,,,0,65,,2869,35,,,0,43,,2870,35,,,0,85,,2808,35,,,0,82,,2807,35,,,0,85,,2809,35,,,0
800,'4800',619,,2904,19,,,0,36,,2886,35,,,0,76,,2895,35,,,0,75,,2903,35,,,0,36,,2885,35,,,0,75,,2896,35,,,0,37,,2902,35,,,0,70,,2871,35,,,0,29,,2882,35,,,0,66,,2888,35,,,0,25,,2898,35,,,0,60,,622,35,,,0,20,,2876,35,,,0,20,,2884,35,,,0,60,,2905,35,,,0,20,,2889,35,,,0,20,,2901,35,,,0,60,,625,35,,,0,20,,2873,35,,,0,20,,2881,35,,,0,60,,2906,35,,,0,20,,2890,35,,,0,20,,2897,35,,,0,60,,626,35,,,0,20,,2874,35,,,0,20,,2883,35,,,0,60,,2908,35,,,0,19,,2891,35,,,0,20,,2900,35,,,0,60,,628,35,,,0,20,,2875,35,,,0,19,,2879,35,,,0,58,,2907,35,,,0,20,,2887,35,,,0,30,,2899,35,,,0,69,,2878,35,,,0,85,,2893,35,,,0,44,,2880,35,,,0,83,,2894,35,,,0,85,,2877,35,,,0,84,,2892,35,,,0,43,,2872,35,,,0,80,,611,35,,,0
800,'5102',619,,4444,35,,,0,20,,4446,35,,,0,16,,4447,19,,,0,51,,4448,35,,,0,11,,4445,19,,,0,12,,4449,35,,,0,17,,4450,35,,,0,55,,4451,35,,,0,16,,4452,35,,,0,15,,4453,35,,,0,16,,4454,35,,,0,55,,4455,35,,,0,14,,4456,35,,,0,8,,4507,35,,,0,8,,4458,35,,,0,15,,4459,35,,,0,55,,4460,35,,,0,15,,4457,35,,,0,15,,4461,35,,,0,15,,4463,35,,,0,55,,4464,35,,,0,16,,4465,35,,,0,15,,4462,35,,,0,15,,4466,35,,,0,55,,4467,35,,,0,15,,4468,35,,,0,15,,4469,35,,,0,15,,4470,35,,,0,55,,4471,35,,,0,15,,4472,35,,,0,15,,4473,35,,,0,15,,4474,35,,,0,55,,4475,35,,,0,16,,4477,35,,,0,16,,4478,35,,,0,15,,4479,35,,,0,56,,4476,35,,,0,16,,4480,35,,,0,16,,4481,35,,,0,17,,4482,35,,,0,55,,4483,35,,,0,16,,4485,35,,,0,8,,4508,35,,,0,8,,4486,35,,,0,11,,4487,35,,,0,4,,4488,35,,,0,55,,4489,35,,,0,14,,4490,35,,,0,16,,4491,35,,,0,14,,4492,35,,,0,56,,4493,35,,,0,15,,4495,35,,,0,14,,4496,35,,,0,16,,4497,35,,,0,56,,4494,35,,,0,18,,4498,35,,,0,20,,4500,35,,,0,60,,4501,35,,,0,23,,4499,35,,,0,65,,4502,35,,,0,24,,4503,35,,,0,24,,4504,35,,,0,65,,4505,35,,,0,43,,4506,35,,,0,85,,4442,35,,,0,82,,4441,35,,,0,85,,4443,35,,,0
800,'5105',619,,4543,19,,,0,36,,4524,35,,,0,76,,4533,35,,,0,75,,4542,35,,,0,36,,4523,35,,,0,75,,4535,35,,,0,37,,4541,35,,,0,70,,4509,35,,,0,29,,4520,35,,,0,66,,4526,35,,,0,25,,4537,35,,,0,60,,4545,35,,,0,20,,4514,35,,,0,20,,4522,35,,,0,60,,4544,35,,,0,20,,4527,35,,,0,20,,4540,35,,,0,60,,4548,35,,,0,20,,4511,35,,,0,20,,4519,35,,,0,60,,4546,35,,,0,20,,4528,35,,,0,20,,4536,35,,,0,60,,4549,35,,,0,20,,4512,35,,,0,20,,4521,35,,,0,60,,4550,35,,,0,19,,4529,35,,,0,20,,4539,35,,,0,60,,4551,35,,,0,20,,4513,35,,,0,19,,4517,35,,,0,58,,4547,35,,,0,20,,4525,35,,,0,30,,4538,35,,,0,69,,4516,35,,,0,85,,4531,35,,,0,44,,4518,35,,,0,83,,4532,35,,,0,85,,4515,35,,,0,84,,4530,35,,,0,43,,4510,35,,,0,80,,4534,35,,,0
9800,'4327',920,,6407,12,,,0,86,,6415,12,,,0,47,,6406,12,,,0,85,,6408,12,,,0,85,,6405,12,,,0,85,,6410,12,,,0,45,,6404,12,,,0,85,,6409,12,,,0,85,,6402,12,,,0,85,,6411,12,,,0,45,,6403,12,,,0,85,,6412,12,,,0,170,,6413,12,,,0,128,,6414,12,,,0
9800,'4795',651,,2670,12,,,0,60,,2666,12,,,0,20,,2669,12,,,0,22,,2668,12,,,0,61,,2680,12,,,0,21,,2657,12,,,0,21,,2660,12,,,0,61,,2655,12,,,0,42,,2648,12,,,0,83,,2671,12,,,0,84,,2675,12,,,0,83,,2656,12,,,0,45,,2658,12,,,0,85,,2677,12,,,0,86,,2649,12,,,0,89,,2659,12,,,0,20,,2673,12,,,0,20,,2678,12,,,0,60,,2665,12,,,0,20,,2652,12,,,0,20,,2663,12,,,0,60,,2661,12,,,0,16,,2654,12,,,0,19,,2650,12,,,0,60,,2651,12,,,0,20,,2672,12,,,0,28,,2679,12,,,0,80,,2664,12,,,0,80,,2676,12,,,0,40,,2674,12,,,0,79,,2647,12,,,0,80,,2667,12,,,0,38,,2653,12,,,0,79,,2662,12,,,0
9800,'4800',920,,2685,12,,,0,86,,2694,12,,,0,49,,2686,12,,,0,85,,2689,12,,,0,85,,2683,12,,,0,85,,2688,12,,,0,45,,2684,12,,,0,85,,2691,12,,,0,85,,2681,12,,,0,84,,2690,12,,,0,45,,2682,12,,,0,85,,2687,12,,,0,169,,2692,12,,,0,130,,2693,12,,,0
9800,'5102',651,,6437,12,,,0,60,,6433,12,,,0,20,,6440,12,,,0,22,,6435,12,,,0,61,,6441,12,,,0,21,,6439,12,,,0,82,,6434,12,,,0,42,,6438,12,,,0,83,,6436,12,,,0,84,,6432,12,,,0,83,,6419,12,,,0,45,,6420,12,,,0,85,,6426,12,,,0,86,,6416,12,,,0,89,,6431,12,,,0,20,,6443,12,,,0,20,,6442,12,,,0,60,,6430,12,,,0,20,,6445,12,,,0,20,,6428,12,,,0,60,,6444,12,,,0,31,,6427,12,,,0,82,,6429,12,,,0,88,,6422,12,,,0,90,,6425,12,,,0,46,,6424,12,,,0,85,,6417,12,,,0,80,,6423,12,,,0,38,,6418,12,,,0,79,,6421,12,,,0
9800,'5105',920,,6450,12,,,0,86,,6459,12,,,0,49,,6451,12,,,0,85,,6454,12,,,0,85,,6448,12,,,0,85,,6453,12,,,0,45,,6449,12,,,0,85,,6456,12,,,0,85,,6446,12,,,0,84,,6455,12,,,0,45,,6447,12,,,0,85,,6452,12,,,0,169,,6457,12,,,0,130,,6458,12,,,0
