1000,'4327',737,,4725,10,,,0,85,,4713,10,,,0,85,,4726,10,,,0,45,,4714,10,,,0,85,,4715,10,,,0,85,,4717,10,,,0,85,,4727,10,,,0,45,,4718,10,,,0,85,,4716,10,,,0,85,,4719,10,,,0,85,,4728,10,,,0,45,,4720,10,,,0,85,,4723,10,,,0,85,,4724,10,,,0,84,,4729,10,,,0,45,,4722,10,,,0,85,,4721,10,,,0,85,,4732,10,,,0,85,,4733,10,,,0,45,,4730,10,,,0,85,,4735,10,,,0,85,,4731,10,,,0,85,,4734,10,,,0
1000,'4795',526,,3084,10,,,0,80,,3078,10,,,0,20,,3066,10,,,0,20,,3074,10,,,0,60,,3069,10,,,0,21,,3080,10,,,0,20,,3067,10,,,0,60,,3075,10,,,0,20,,3065,10,,,0,20,,3071,10,,,0,66,,3081,10,,,0,33,,3068,10,,,0,72,,3070,10,,,0,32,,3079,10,,,0,72,,3076,10,,,0,32,,3073,10,,,0,72,,3083,10,,,0,32,,3077,10,,,0,72,,3072,10,,,0,72,,3082,10,,,0,26,,854,10,,,0,20,,3064,10,,,0,60,,3086,10,,,0,20,,3087,10,,,0,20,,3088,10,,,0,60,,845,10,,,0,20,,3089,10,,,0,20,,3090,10,,,0,60,,3091,10,,,0,20,,3092,10,,,0,20,,850,10,,,0,59,,3093,10,,,0,39,,3094,10,,,0,80,,3095,10,,,0,80,,3062,10,,,0,40,,3096,10,,,0,80,,3063,10,,,0,79,,3060,10,,,0,40,,3097,10,,,0,80,,3059,10,,,0,80,,3061,10,,,0,40,,3098,10,,,0,75,,3085,10,0,5 6,0
1000,'4800',737,,3120,10,,,0,85,,3107,10,,,0,85,,3108,10,,,0,45,,3102,10,,,0,85,,3101,10,,,0,85,,3109,10,,,0,85,,3110,10,,,0,45,,3103,10,,,0,85,,3116,10,,,0,85,,3117,10,,,0,85,,3114,10,,,0,45,,3119,10,,,0,85,,3112,10,,,0,85,,3106,10,,,0,85,,3121,10,,,0,45,,3111,10,,,0,85,,3099,10,,,0,85,,3115,10,,,0,84,,3104,10,,,0,45,,3100,10,,,0,85,,3118,10,,,0,85,,3105,10,,,0,85,,3113,10,,,0
1000,'5102',526,,4761,10,,,0,80,,4755,10,,,0,20,,4743,10,,,0,20,,4752,10,,,0,60,,4746,10,,,0,21,,4758,10,,,0,20,,4744,10,,,0,60,,4753,10,,,0,20,,4742,10,,,0,20,,4748,10,,,0,66,,4759,10,,,0,33,,4745,10,,,0,72,,4747,10,,,0,32,,4756,10,,,0,72,,4754,10,,,0,32,,4750,10,,,0,72,,4757,10,,,0,32,,4751,10,,,0,72,,4749,10,,,0,72,,4760,10,,,0,26,,4775,10,,,0,20,,4741,10,,,0,60,,4763,10,,,0,20,,4764,10,,,0,20,,4765,10,,,0,60,,4766,10,,,0,20,,4767,10,,,0,20,,4768,10,,,0,60,,4770,10,,,0,20,,4771,10,,,0,20,,4772,10,,,0,59,,4769,10,,,0,39,,4773,10,,,0,80,,4774,10,,,0,80,,4739,10,,,0,40,,4776,10,,,0,80,,4740,10,,,0,79,,4738,10,,,0,40,,4777,10,,,0,80,,4737,10,,,0,80,,4736,10,,,0,40,,4778,10,,,0,75,,4762,10,0,5 6,0
1000,'5105',737,,4800,10,,,0,85,,4787,10,,,0,85,,4788,10,,,0,45,,4782,10,,,0,85,,4781,10,,,0,85,,4789,10,,,0,85,,4790,10,,,0,45,,4783,10,,,0,85,,4796,10,,,0,85,,4797,10,,,0,85,,4794,10,,,0,45,,4799,10,,,0,85,,4792,10,,,0,85,,4786,10,,,0,85,,4801,10,,,0,45,,4791,10,,,0,85,,4779,10,,,0,85,,4795,10,,,0,84,,4784,10,,,0,45,,4780,10,,,0,85,,4798,10,,,0,85,,4785,10,,,0,85,,4793,10,,,0
1901,'4327',754,,5465,12,,,0,103,,5458,12,,,0,155,,5457,12,,,0,120,,5456,12,,,0,115,,5455,12,,,0,160,,5454,12,,,0,115,,5453,12,,,0,120,,5459,12,,,0,115,,5460,12,,,0,157,,5461,12,,,0,115,,5462,12,,,0,115,,5463,12,,,0,115,,5464,12,,,0
1901,'4795',729,,1611,12,,,0,20,,1607,12,,,0,60,,1608,12,,,0,20,,1606,12,,,0,19,,1587,12,,,0,60,,1602,12,,,0,21,,1585,12,,,0,75,,1586,12,,,0,35,,1583,12,,,0,75,,1588,12,,,0,35,,1589,12,,,0,75,,1590,12,,,0,35,,1594,12,,,0,75,,1591,12,,,0,75,,1592,12,,,0,37,,1595,12,,,0,60,,1580,12,,,0,20,,1593,12,,,0,20,,1579,12,,,0,60,,1598,12,,,0,20,,1581,12,,,0,20,,1599,12,,,0,59,,1582,12,,,0,20,,1597,12,,,0,19,,1584,12,,,0,60,,1601,12,,,0,35,,1605,12,,,0,75,,1603,12,,,0,34,,1596,12,,,0,75,,1600,12,,,0,35,,1604,12,,,0,63,,1610,12,,,0,115,,1609,12,,,0
1901,'4800',753,,1620,12,,,0,75,,1622,12,,,0,75,,1624,12,,,0,35,,1621,12,,,0,75,,1626,12,,,0,35,,1623,12,,,0,75,,1627,12,,,0,35,,1628,12,,,0,75,,1631,12,,,0,75,,1632,12,,,0,35,,1625,12,,,0,75,,1629,12,,,0,35,,1633,12,,,0,75,,1634,12,,,0,75,,1630,12,,,0,35,,1635,12,,,0,75,,1636,12,,,0,35,,1618,12,,,0,75,,1619,12,,,0,16,,3448,12,,,0,115,,3450,12,,,0,155,,3451,12,,,0,115,,3452,12,,,0,115,,3449,12,,,0,115,,3453,12,,,0
1901,'5102',729,,5498,12,,,0,20,,5494,12,,,0,60,,5495,12,,,0,20,,5493,12,,,0,19,,5474,12,,,0,60,,5489,12,,,0,21,,5472,12,,,0,75,,5473,12,,,0,35,,5470,12,,,0,75,,5475,12,,,0,35,,5476,12,,,0,75,,5477,12,,,0,35,,5481,12,,,0,75,,5478,12,,,0,75,,5479,12,,,0,37,,5482,12,,,0,61,,5499,12,,,0,2,,5467,12,,,0,17,,5480,12,,,0,20,,5466,12,,,0,60,,5485,12,,,0,20,,5468,12,,,0,20,,5486,12,,,0,59,,5469,12,,,0,20,,5484,12,,,0,19,,5471,12,,,0,60,,5488,12,,,0,35,,5491,12,,,0,75,,5490,12,,,0,34,,5483,12,,,0,75,,5487,12,,,0,35,,5492,12,,,0,63,,5497,12,,,0,115,,5496,12,,,0
1901,'5105',753,,5508,12,,,0,75,,5510,12,,,0,75,,5512,12,,,0,35,,5509,12,,,0,75,,5514,12,,,0,35,,5511,12,,,0,75,,5515,12,,,0,35,,5516,12,,,0,75,,5519,12,,,0,75,,5520,12,,,0,35,,5513,12,,,0,75,,5517,12,,,0,35,,5521,12,,,0,75,,5522,12,,,0,75,,5518,12,,,0,35,,5523,12,,,0,75,,5524,12,,,0,35,,5506,12,,,0,75,,5507,12,,,0,16,,5500,12,,,0,115,,5502,12,,,0,155,,5503,12,,,0,115,,5504,12,,,0,115,,5501,12,,,0,115,,5505,12,,,0
