800,'4327',624,,4408,26,,,0,33,,4409,42,,,0,75,,4410,42,,,0,75,,4411,42,,,0,36,,4412,42,,,0,78,,4414,42,,,0,35,,4415,42,,,0,71,,4416,42,,,0,30,,4413,42,,,0,72,,4418,42,,,0,30,,4419,42,,,0,70,,4420,42,,,0,71,,4417,42,,,0,30,,4421,42,,,0,70,,4422,42,,,0,30,,4423,42,,,0,70,,4426,42,,,0,30,,4433,42,,,0,70,,4427,42,,,0,30,,4434,42,,,0,70,,4424,42,,,0,29,,4425,42,,,0,29,,4428,42,,,0,69,,4435,42,,,0,30,,4429,42,,,0,68,,4430,42,,,0,29,,4431,42,,,0,69,,4432,42,,,0,85,,4436,42,,,0,43,,4437,42,,,0,84,,4438,42,,,0,84,,4439,42,,,0,85,,4440,42,,,0
800,'4795',624,,2810,42,,,0,20,,2811,42,,,0,56,,2812,26,,,0,11,,2813,42,,,0,12,,2814,26,,,0,12,,2815,42,,,0,17,,2816,42,,,0,55,,2817,42,,,0,16,,2818,42,,,0,15,,2819,42,,,0,16,,2820,42,,,0,55,,2821,42,,,0,14,,2822,42,,,0,8,,585,42,,,0,8,,2823,42,,,0,15,,2824,42,,,0,55,,2825,42,,,0,15,,2826,42,,,0,15,,2827,42,,,0,15,,2828,42,,,0,55,,2829,42,,,0,16,,2830,42,,,0,15,,2831,42,,,0,15,,2832,42,,,0,55,,2833,42,,,0,15,,2834,42,,,0,15,,2835,42,,,0,15,,2836,42,,,0,55,,2837,42,,,0,15,,2838,42,,,0,15,,2839,42,,,0,15,,2840,42,,,0,55,,2841,42,,,0,16,,2842,42,,,0,16,,2843,42,,,0,15,,2844,42,,,0,56,,2845,42,,,0,16,,2846,42,,,0,16,,2847,42,,,0,57,,2848,42,,,0,15,,561,42,,,0,16,,2850,42,,,0,16,,2851,42,,,0,51,,565,42,,,0,4,,2852,42,,,0,15,,2853,42,,,0,13,,2854,42,,,0,16,,2855,42,,,0,54,,2856,42,,,0,16,,2857,42,,,0,15,,2858,42,,,0,14,,2859,42,,,0,56,,2860,42,,,0,16,,2861,42,,,0,18,,2862,42,,,0,20,,2863,42,,,0,60,,2864,42,,,0,23,,2865,42,,,0,65,,2866,42,,,0,24,,2867,42,,,0,24,,2868,42,,,0,65,,2869,42,,,0,82,,2870,42,,,0,45,,2808,42,,,0,82,,2807,42,,,0,85,,2809,42,,,0
800,'4800',624,,2904,26,,,0,76,,2886,42,,,0,36,,2895,42,,,0,75,,2903,42,,,0,36,,2885,42,,,0,75,,2896,42,,,0,37,,2902,42,,,0,70,,2871,42,,,0,29,,2882,42,,,0,66,,2888,42,,,0,26,,2898,42,,,0,60,,622,42,,,0,20,,2876,42,,,0,20,,2884,42,,,0,60,,2905,42,,,0,20,,2889,42,,,0,20,,2901,42,,,0,60,,625,42,,,0,20,,2873,42,,,0,20,,2881,42,,,0,60,,2906,42,,,0,20,,2890,42,,,0,20,,2897,42,,,0,60,,626,42,,,0,20,,2874,42,,,0,20,,2883,42,,,0,60,,2908,42,,,0,19,,2891,42,,,0,20,,2900,42,,,0,60,,628,42,,,0,20,,2875,42,,,0,19,,2879,42,,,0,57,,2907,42,,,0,20,,2887,42,,,0,30,,2899,42,,,0,69,,2878,42,,,0,85,,2893,42,,,0,44,,2880,42,,,0,82,,2894,42,,,0,85,,2877,42,,,0,84,,2892,42,,,0,43,,2872,42,,,0,80,,611,42,,,0
800,'5102',624,,4444,42,,,0,20,,4446,42,,,0,56,,4447,26,,,0,11,,4448,42,,,0,12,,4445,26,,,0,12,,4449,42,,,0,17,,4450,42,,,0,55,,4451,42,,,0,16,,4452,42,,,0,15,,4453,42,,,0,16,,4454,42,,,0,55,,4455,42,,,0,14,,4456,42,,,0,8,,4507,42,,,0,8,,4458,42,,,0,15,,4459,42,,,0,55,,4460,42,,,0,15,,4457,42,,,0,15,,4461,42,,,0,15,,4463,42,,,0,55,,4464,42,,,0,16,,4465,42,,,0,15,,4462,42,,,0,15,,4466,42,,,0,55,,4467,42,,,0,15,,4468,42,,,0,15,,4469,42,,,0,15,,4470,42,,,0,55,,4471,42,,,0,15,,4472,42,,,0,15,,4473,42,,,0,15,,4474,42,,,0,55,,4475,42,,,0,16,,4477,42,,,0,16,,4478,42,,,0,15,,4479,42,,,0,56,,4476,42,,,0,16,,4480,42,,,0,16,,4481,42,,,0,57,,4482,42,,,0,15,,4483,42,,,0,16,,4485,42,,,0,8,,4508,42,,,0,8,,4486,42,,,0,51,,4487,42,,,0,4,,4488,42,,,0,15,,4489,42,,,0,13,,4490,42,,,0,16,,4491,42,,,0,54,,4492,42,,,0,16,,4493,42,,,0,15,,4495,42,,,0,14,,4496,42,,,0,56,,4497,42,,,0,16,,4494,42,,,0,18,,4498,42,,,0,20,,4500,42,,,0,60,,4501,42,,,0,23,,4499,42,,,0,65,,4502,42,,,0,24,,4503,42,,,0,24,,4504,42,,,0,65,,4505,42,,,0,82,,4506,42,,,0,45,,4442,42,,,0,82,,4441,42,,,0,85,,4443,42,,,0
800,'5105',624,,4543,26,,,0,76,,4524,42,,,0,36,,4533,42,,,0,75,,4542,42,,,0,36,,4523,42,,,0,75,,4535,42,,,0,37,,4541,42,,,0,70,,4509,42,,,0,29,,4520,42,,,0,66,,4526,42,,,0,26,,4537,42,,,0,60,,4545,42,,,0,20,,4514,42,,,0,20,,4522,42,,,0,60,,4544,42,,,0,20,,4527,42,,,0,20,,4540,42,,,0,60,,4548,42,,,0,20,,4511,42,,,0,20,,4519,42,,,0,60,,4546,42,,,0,20,,4528,42,,,0,20,,4536,42,,,0,60,,4549,42,,,0,20,,4512,42,,,0,20,,4521,42,,,0,60,,4550,42,,,0,19,,4529,42,,,0,20,,4539,42,,,0,60,,4551,42,,,0,20,,4513,42,,,0,19,,4517,42,,,0,57,,4547,42,,,0,20,,4525,42,,,0,30,,4538,42,,,0,69,,4516,42,,,0,85,,4531,42,,,0,44,,4518,42,,,0,82,,4532,42,,,0,85,,4515,42,,,0,84,,4530,42,,,0,43,,4510,42,,,0,80,,4534,42,,,0
2301,'4795',751,,1957,15,0,9 10 11,0,273,,3529,15,0,9 10 11,0
2301,'4800',1016,,2000,15,0,9 10 11,0
2301,'5102',751,,5845,15,0,9 10 11,0,273,,5850,15,0,9 10 11,0
2301,'5105',1016,,5888,15,0,9 10 11,0
9800,'4327',924,,6407,15,,,0,87,,6415,15,,,0,47,,6406,15,,,0,85,,6408,15,,,0,85,,6405,15,,,0,85,,6410,15,,,0,45,,6404,15,,,0,85,,6409,15,,,0,85,,6402,15,,,0,85,,6411,15,,,0,45,,6403,15,,,0,85,,6412,15,,,0,169,,6413,15,,,0,128,,6414,15,,,0
9800,'4795',655,,2670,15,,,0,60,,2666,15,,,0,20,,2669,15,,,0,23,,2668,15,,,0,61,,2680,15,,,0,22,,2657,15,,,0,61,,2660,15,,,0,20,,2655,15,,,0,82,,2648,15,,,0,43,,2671,15,,,0,84,,2675,15,,,0,83,,2656,15,,,0,45,,2658,15,,,0,85,,2677,15,,,0,86,,2649,15,,,0,90,,2659,15,,,0,20,,2673,15,,,0,60,,2678,15,,,0,20,,2665,15,,,0,20,,2652,15,,,0,60,,2663,15,,,0,20,,2661,15,,,0,15,,2654,15,,,0,19,,2650,15,,,0,59,,2651,15,,,0,20,,2672,15,,,0,68,,2679,15,,,0,40,,2664,15,,,0,80,,2676,15,,,0,80,,2674,15,,,0,39,,2647,15,,,0,80,,2667,15,,,0,38,,2653,15,,,0,79,,2662,15,,,0
9800,'4800',924,,2685,15,,,0,87,,2694,15,,,0,89,,2686,15,,,0,45,,2689,15,,,0,85,,2683,15,,,0,85,,2688,15,,,0,85,,2684,15,,,0,45,,2691,15,,,0,85,,2681,15,,,0,84,,2690,15,,,0,45,,2682,15,,,0,85,,2687,15,,,0,168,,2692,15,,,0,130,,2693,15,,,0
9800,'5102',655,,6437,15,,,0,60,,6433,15,,,0,20,,6440,15,,,0,23,,6435,15,,,0,61,,6441,15,,,0,22,,6439,15,,,0,81,,6434,15,,,0,82,,6438,15,,,0,43,,6436,15,,,0,84,,6432,15,,,0,83,,6419,15,,,0,45,,6420,15,,,0,85,,6426,15,,,0,86,,6416,15,,,0,90,,6431,15,,,0,20,,6443,15,,,0,60,,6442,15,,,0,20,,6430,15,,,0,20,,6445,15,,,0,60,,6428,15,,,0,20,,6444,15,,,0,30,,6427,15,,,0,81,,6429,15,,,0,88,,6422,15,,,0,90,,6425,15,,,0,46,,6424,15,,,0,85,,6417,15,,,0,80,,6423,15,,,0,38,,6418,15,,,0,79,,6421,15,,,0
9800,'5105',924,,6450,15,,,0,87,,6459,15,,,0,89,,6451,15,,,0,45,,6454,15,,,0,85,,6448,15,,,0,85,,6453,15,,,0,85,,6449,15,,,0,45,,6456,15,,,0,85,,6446,15,,,0,84,,6455,15,,,0,45,,6447,15,,,0,85,,6452,15,,,0,168,,6457,15,,,0,130,,6458,15,,,0
