801,'4327',651,,4555,4,,,0,75,,4556,4,,,0,75,,4557,4,,,0,35,,4558,4,,,0,75,,4559,4,,,0,35,,4560,4,,,0,75,,4561,4,,,0,35,,4563,4,,,0,70,,4564,4,,,0,30,,4565,4,,,0,70,,4562,4,,,0,30,,4568,4,,,0,70,,4569,4,,,0,30,,4566,4,,,0,70,,4567,4,,,0,30,,4570,4,,,0,70,,4571,4,,,0,30,,4572,4,,,0,70,,4574,4,,,0,30,,4575,4,,,0,70,,4576,4,,,0,30,,4573,4,,,0,70,,4577,4,,,0,30,,4578,4,,,0,70,,4579,4,,,0,30,,4580,4,,,0,85,,4581,4,,,0,85,,4582,4,,,0,85,,4583,4,,,0,45,,4552,4,,,0,85,,4553,4,,,0
801,'4795',551,,2938,4,,,0,90,,2940,4,,,0,62,,2942,4,,,0,16,,2943,4,,,0,15,,2944,4,,,0,15,,2945,4,,,0,55,,2946,4,,,0,15,,2947,4,,,0,15,,2948,4,,,0,15,,2949,4,,,0,55,,2950,4,,,0,15,,2951,4,,,0,15,,2952,4,,,0,15,,2953,4,,,0,55,,2954,4,,,0,15,,2955,4,,,0,15,,2956,4,,,0,15,,2957,4,,,0,55,,2958,4,,,0,15,,2959,4,,,0,15,,2960,4,,,0,15,,2961,4,,,0,55,,2962,4,,,0,15,,2963,4,,,0,15,,2964,4,,,0,15,,2965,4,,,0,55,,2966,4,,,0,15,,2967,4,,,0,15,,2968,4,,,0,15,,2969,4,,,0,55,,2970,4,,,0,15,,2971,4,,,0,15,,2972,4,,,0,15,,2973,4,,,0,55,,2974,4,,,0,18,,2975,4,,,0,16,,2976,4,,,0,15,,2977,4,,,0,56,,2978,4,,,0,16,,2979,4,,,0,16,,2980,4,,,0,16,,2981,4,,,0,55,,2982,4,,,0,16,,2983,4,,,0,16,,2984,4,,,0,56,,2985,4,,,0,15,,2986,4,,,0,16,,2987,4,,,0,16,,2988,4,,,0,58,,2989,4,,,0,18,,2990,4,,,0,25,,2991,4,,,0,66,,2992,4,,,0,24,,2993,4,,,0,65,,2994,4,,,0,25,,2995,4,,,0,25,,2996,4,,,0,85,,2997,4,,,0,84,,2998,4,,,0,85,,2999,4,,,0,45,,3000,4,,,0
801,'4800',651,,3032,4,,,0,75,,3015,4,,,0,75,,3022,4,,,0,35,,3031,4,,,0,75,,3014,4,,,0,35,,3024,4,,,0,75,,3030,4,,,0,30,,3004,4,,,0,70,,3013,4,,,0,25,,3019,4,,,0,65,,3029,4,,,0,25,,761,4,,,0,20,,3002,4,,,0,60,,3012,4,,,0,20,,3034,4,,,0,20,,3018,4,,,0,60,,3027,4,,,0,20,,763,4,,,0,20,,3001,4,,,0,60,,3010,4,,,0,20,,3033,4,,,0,20,,3016,4,,,0,60,,3026,4,,,0,20,,764,4,,,0,20,,3003,4,,,0,60,,3011,4,,,0,20,,3035,4,,,0,20,,3017,4,,,0,60,,3028,4,,,0,20,,759,4,,,0,20,,3005,4,,,0,70,,3007,4,,,0,30,,3020,4,,,0,85,,3006,4,,,0,85,,3023,4,,,0,85,,3008,4,,,0,45,,3021,4,,,0,84,,3009,4,,,0,85,,749,4,,,0
801,'5102',551,,4584,4,,,0,90,,4586,4,,,0,62,,4588,4,,,0,16,,4589,4,,,0,15,,4591,4,,,0,15,,4592,4,,,0,55,,4593,4,,,0,15,,4590,4,,,0,15,,4595,4,,,0,15,,4596,4,,,0,55,,4597,4,,,0,15,,4594,4,,,0,15,,4598,4,,,0,15,,4599,4,,,0,55,,4600,4,,,0,15,,4601,4,,,0,15,,4602,4,,,0,15,,4603,4,,,0,55,,4604,4,,,0,15,,4606,4,,,0,15,,4607,4,,,0,15,,4609,4,,,0,55,,4605,4,,,0,15,,4610,4,,,0,15,,4611,4,,,0,15,,4608,4,,,0,55,,4612,4,,,0,15,,4613,4,,,0,15,,4614,4,,,0,15,,4615,4,,,0,55,,4616,4,,,0,15,,4617,4,,,0,15,,4619,4,,,0,15,,4621,4,,,0,55,,4618,4,,,0,18,,4623,4,,,0,16,,4624,4,,,0,15,,4625,4,,,0,56,,4626,4,,,0,16,,4627,4,,,0,16,,4628,4,,,0,16,,4630,4,,,0,55,,4632,4,,,0,16,,4633,4,,,0,16,,4629,4,,,0,56,,4634,4,,,0,15,,4631,4,,,0,16,,4635,4,,,0,16,,4636,4,,,0,58,,4637,4,,,0,18,,4638,4,,,0,25,,4639,4,,,0,66,,4640,4,,,0,24,,4641,4,,,0,65,,4642,4,,,0,25,,4643,4,,,0,25,,4644,4,,,0,85,,4646,4,,,0,84,,4647,4,,,0,85,,4648,4,,,0,45,,4645,4,,,0
801,'5105',651,,4681,4,,,0,75,,4663,4,,,0,75,,4670,4,,,0,35,,4680,4,,,0,75,,4662,4,,,0,35,,4673,4,,,0,75,,4679,4,,,0,30,,4652,4,,,0,70,,4661,4,,,0,25,,4667,4,,,0,65,,4678,4,,,0,25,,4684,4,,,0,20,,4650,4,,,0,60,,4660,4,,,0,20,,4685,4,,,0,20,,4666,4,,,0,60,,4676,4,,,0,20,,4686,4,,,0,20,,4649,4,,,0,60,,4658,4,,,0,20,,4683,4,,,0,20,,4664,4,,,0,60,,4675,4,,,0,20,,4687,4,,,0,20,,4651,4,,,0,60,,4659,4,,,0,20,,4688,4,,,0,20,,4665,4,,,0,60,,4677,4,,,0,20,,4682,4,,,0,20,,4653,4,,,0,70,,4655,4,,,0,30,,4668,4,,,0,85,,4654,4,,,0,85,,4671,4,,,0,85,,4656,4,,,0,45,,4669,4,,,0,84,,4657,4,,,0,85,,4672,4,,,0
2300,'4795',1436,,3493,4,0,9 10 11,0,286,,3498,4,0,9 10 11,0
2300,'4800',1417,,3517,4,0,9 10 11,0
2300,'5102',1436,,5777,4,0,9 10 11,0,286,,5787,4,0,9 10 11,0
2300,'5105',1417,,5817,4,0,9 10 11,0
9801,'4327',950,,6464,3,,,0,85,,6471,3,,,0,85,,6463,3,,,0,85,,6467,3,,,0,45,,6462,3,,,0,85,,6469,3,,,0,85,,6461,3,,,0,85,,6465,3,,,0,45,,6460,3,,,0,85,,6468,3,,,0,170,,6466,3,,,0,130,,6470,3,,,0,170,,6472,3,,,0
9801,'4795',636,,2737,3,,,0,20,,2736,3,,,0,60,,2723,3,,,0,20,,2716,3,,,0,21,,2722,3,,,0,61,,2725,3,,,0,21,,2732,3,,,0,61,,2724,3,,,0,42,,2729,3,,,0,83,,2735,3,,,0,83,,2721,3,,,0,45,,2731,3,,,0,85,,2739,3,,,0,85,,2728,3,,,0,85,,2730,3,,,0,44,,2710,3,,,0,69,,2717,3,,,0,20,,2720,3,,,0,60,,2727,3,,,0,20,,2726,3,,,0,20,,2712,3,,,0,60,,2719,3,,,0,20,,2715,3,,,0,19,,2713,3,,,0,60,,2740,3,,,0,20,,2709,3,,,0,21,,2741,3,,,0,80,,2711,3,,,0,80,,2718,3,,,0,40,,2738,3,,,0,80,,2708,3,,,0,80,,2734,3,,,0,40,,2714,3,,,0,79,,2733,3,,,0
9801,'4800',951,,2744,3,,,0,85,,2755,3,,,0,85,,2743,3,,,0,85,,2751,3,,,0,45,,2746,3,,,0,85,,2750,3,,,0,85,,2745,3,,,0,85,,2749,3,,,0,45,,2742,3,,,0,85,,2748,3,,,0,85,,2747,3,,,0,84,,2752,3,,,0,130,,2753,3,,,0,170,,2754,3,,,0
9801,'5102',636,,6496,3,,,0,20,,6489,3,,,0,60,,6497,3,,,0,20,,6494,3,,,0,21,,6498,3,,,0,61,,6490,3,,,0,82,,6493,3,,,0,42,,6492,3,,,0,83,,6495,3,,,0,83,,6491,3,,,0,45,,6479,3,,,0,85,,6483,3,,,0,85,,6477,3,,,0,85,,6478,3,,,0,46,,6474,3,,,0,65,,6501,3,,,0,22,,6484,3,,,0,60,,6499,3,,,0,20,,6500,3,,,0,20,,6488,3,,,0,79,,6486,3,,,0,89,,6487,3,,,0,50,,6485,3,,,0,90,,6476,3,,,0,86,,6482,3,,,0,86,,6473,3,,,0,80,,6481,3,,,0,40,,6475,3,,,0,79,,6480,3,,,0
9801,'5105',951,,6504,3,,,0,85,,6515,3,,,0,85,,6503,3,,,0,85,,6511,3,,,0,45,,6506,3,,,0,85,,6510,3,,,0,85,,6505,3,,,0,85,,6509,3,,,0,45,,6502,3,,,0,85,,6508,3,,,0,85,,6507,3,,,0,84,,6512,3,,,0,130,,6513,3,,,0,170,,6514,3,,,0
