2500,'4327',1016,,6002,18,,,0,228,,6003,18,,,0,295,,6004,18,,,0,269,,6005,18,,,0
2500,'4795',758,,2118,18,,,0,91,,2119,18,,,0,90,,2120,18,,,0,177,,2121,18,,,0,135,,2122,18,,,0,174,,2123,18,,,0,115,,2125,18,,,0,100,,2124,18,,,0,92,,2126,18,,,0,89,,2127,18,,,0
2500,'4800',932,,2128,18,,,0,172,,2130,18,,,0,134,,2129,18,,,0,171,,2131,18,,,0,401,,2132,18,,,0
2500,'5102',758,,6006,18,,,0,91,,6007,18,,,0,90,,6008,18,,,0,177,,6009,18,,,0,135,,6010,18,,,0,174,,6011,18,,,0,115,,6013,18,,,0,100,,6012,18,,,0,92,,6014,18,,,0,89,,6015,18,,,0
2500,'5105',932,,6016,18,,,0,172,,6018,18,,,0,134,,6017,18,,,0,171,,6019,18,,,0,401,,6020,18,,,0
2600,'4327',1104,,6040,14,,,0,228,,6041,14,,,0,291,,6042,14,,,0,303,,6043,14,,,0
2600,'4795',600,,2156,14,,,0,35,,2157,14,,,0,80,,2158,14,,,0,38,,2160,14,,,0,78,,2159,14,,,0,77,,2161,14,,,0,117,,2162,14,,,0,124,,2163,14,,,0,176,,2164,14,,,0,176,,2166,14,,,0,38,,2168,14,,,0,79,,2167,14,,,0,34,,2165,14,,,0,75,,2169,14,,,0,120,,2170,14,,,0,198,,2172,14,,,0,175,,2171,14,,,0
2600,'4800',738,,2174,14,,,0,114,,2173,14,,,0,168,,2178,14,,,0,133,,2179,14,,,0,172,,2180,14,,,0,176,,2175,14,,,0,123,,2177,14,,,0,90,,2176,14,,,0,197,,2181,14,,,0,28,,2182,14,,,0,177,,2183,14,,,0
2600,'5102',600,,6044,14,,,0,35,,6045,14,,,0,80,,6046,14,,,0,38,,6048,14,,,0,78,,6047,14,,,0,77,,6049,14,,,0,117,,6050,14,,,0,124,,6051,14,,,0,176,,6052,14,,,0,176,,6054,14,,,0,38,,6056,14,,,0,79,,6055,14,,,0,34,,6053,14,,,0,75,,6057,14,,,0,120,,6058,14,,,0,198,,6060,14,,,0,175,,6059,14,,,0
2600,'5105',738,,6062,14,,,0,114,,6061,14,,,0,168,,6066,14,,,0,133,,6067,14,,,0,172,,6068,14,,,0,176,,6063,14,,,0,123,,6065,14,,,0,90,,6064,14,,,0,197,,6069,14,,,0,28,,6070,14,,,0,177,,6071,14,,,0
