9700,'4327',738,,6184,10,,,0,70,,6181,10,,,0,30,,6185,10,,,0,70,,6183,10,,,0,32,,6157,10,,,0,71,,6182,10,,,0,33,,6158,10,,,0,71,,6178,10,,,0,31,,6159,10,,,0,70,,6180,10,,,0,31,,6161,10,,,0,70,,6179,10,,,0,30,,6162,10,,,0,70,,6176,10,,,0,30,,6163,10,,,0,69,,6177,10,,,0,30,,6167,10,,,0,70,,6173,10,,,0,30,,6168,10,,,0,69,,6172,10,,,0,29,,6160,10,,,0,70,,6174,10,,,0,30,,6165,10,,,0,68,,6171,10,,,0,27,,6166,10,,,0,69,,6175,10,,,0,30,,6164,10,,,0,70,,6186,10,,,0,30,,6169,10,,,0,70,,6188,10,,,0,28,,6170,10,,,0,100,,6187,10,,,0
9700,'4795',544,,3654,1,,,0,109,,3647,10,,,0,55,,3645,10,,,0,17,,3653,10,,,0,20,,3650,10,,,0,55,,3641,10,,,0,45,,3648,10,,,0,13,,3637,10,,,0,53,,3646,10,,,0,29,,3655,10,,,0,14,,3649,10,,,0,56,,3640,10,,,0,46,,3651,10,,,0,55,,3634,10,,,0,30,,3656,10,,,0,15,,3652,10,,,0,56,,3643,10,,,0,88,,3632,10,,,0,16,,3639,10,,,0,32,,3657,10,,,0,55,,3630,10,,,0,15,,3644,10,,,0,88,,3633,10,,,0,17,,3638,10,,,0,16,,3629,10,,,0,70,,3658,10,,,0,15,,3627,10,,,0,15,,3642,10,,,0,88,,3631,10,,,0,18,,3635,10,,,0,60,,3628,10,,,0,38,,3626,10,,,0,101,,3636,10,,,0,62,,3659,10,,,0,126,,3660,10,,,0,22,,3661,10,,,0,175,,3662,10,,,0,179,,3663,10,,,0
9700,'4796',621,,3671,1,,,0,17,,3679,10,,,0,177,,3672,10,,,0,15,,3680,10,,,0,95,,3670,10,,,0,101,,3673,10,,,0,15,,3678,10,,,0,85,,3674,10,,,0,102,,3676,10,,,0,16,,3682,10,,,0,88,,3675,10,,,0,102,,3668,10,,,0,16,,3681,10,,,0,104,,3684,10,,,0,100,,3667,10,,,0,55,,3677,10,,,0,116,,3683,10,,,0,78,,3666,10,,,0,19,,3669,10,,,0,106,,3685,10,,,0,25,,3686,10,,,0,59,,3694,10,,,0,104,,3687,10,,,0,24,,3688,10,,,0,65,,3689,10,,,0,49,,3690,10,,,0,65,,3691,10,,,0,24,,3692,10,,,0,90,,3693,10,,,0
9700,'4799',621,,3700,1,,,0,17,,3708,10,,,0,177,,3701,10,,,0,15,,3709,10,,,0,95,,3699,10,,,0,101,,3702,10,,,0,15,,3707,10,,,0,85,,3703,10,,,0,102,,3705,10,,,0,16,,3711,10,,,0,88,,3704,10,,,0,102,,3697,10,,,0,16,,3710,10,,,0,104,,3713,10,,,0,100,,3696,10,,,0,55,,3706,10,,,0,116,,3712,10,,,0,78,,3695,10,,,0,19,,3698,10,,,0,106,,3715,10,,,0,25,,3716,10,,,0,59,,3725,10,,,0,104,,3717,10,,,0,24,,3718,10,,,0,65,,3719,10,,,0,49,,3720,10,,,0,65,,3721,10,,,0,24,,3722,10,,,0,90,,3723,10,,,0,25,,3724,10,,,0,65,,3714,10,,,0
9700,'4800',737,,3731,10,,,0,70,,3727,10,,,0,31,,3732,10,,,0,70,,3726,10,,,0,30,,3730,10,,,0,73,,3728,10,,,0,31,,3734,10,,,0,71,,3736,10,,,0,30,,3729,10,,,0,71,,3733,10,,,0,30,,3739,10,,,0,70,,3738,10,,,0,30,,3735,10,,,0,70,,3740,10,,,0,30,,3737,10,,,0,70,,3741,10,,,0,29,,3742,10,,,0,69,,3743,10,,,0,29,,3745,10,,,0,70,,3747,10,,,0,30,,3748,10,,,0,76,,3744,10,,,0,28,,3749,10,,,0,70,,3746,10,,,0,30,,3750,10,,,0,69,,3763,10,,,0,30,,3753,10,,,0,70,,3756,10,,,0,30,,3751,10,,,0,69,,3757,10,,,0,28,,3754,10,,,0,69,,3758,10,,,0,30,,3752,10,,,0,70,,3759,10,,,0,29,,3755,10,,,0,70,,3760,10,,,0,30,,3761,10,,,0,70,,3762,10,,,0
9700,'5102',544,,6214,1,,,0,77,,6244,1,,,0,22,,6211,10,,,0,61,,6203,10,,,0,21,,6206,10,,,0,25,,6210,10,,,0,63,,6204,10,,,0,21,,6208,10,,,0,20,,6207,10,,,0,60,,6200,10,,,0,20,,6197,10,,,0,23,,6217,10,,,0,68,,6209,10,,,0,28,,6213,10,,,0,70,,6198,10,,,0,29,,6219,10,,,0,69,,6205,10,,,0,29,,6216,10,,,0,68,,6202,10,,,0,21,,6242,10,,,0,20,,6220,10,,,0,59,,6240,10,,,0,20,,6215,10,,,0,20,,6196,10,,,0,62,,6201,10,,,0,20,,6218,10,,,0,61,,6223,10,,,0,20,,6192,10,,,0,20,,6191,10,,,0,59,,6212,10,,,0,17,,6195,10,,,0,18,,6193,10,,,0,18,,6235,10,,,0,58,,6236,10,,,0,18,,6237,10,,,0,17,,6189,10,,,0,59,,6190,10,,,0,19,,6241,10,,,0,19,,6194,10,,,0,60,,6199,10,,,0,19,,6225,10,,,0,23,,6226,10,,,0,63,,6239,10,,,0,22,,6238,10,,,0,25,,6222,10,,,0,64,,6227,10,,,0,23,,6224,10,,,0,65,,6228,10,,,0,23,,6229,10,,,0,25,,6230,10,,,0,65,,6231,10,,,0,25,,6232,10,,,0,64,,6233,10,,,0,25,,6234,10,,,0
9700,'5105',737,,6250,10,,,0,70,,6246,10,,,0,31,,6251,10,,,0,72,,6245,10,,,0,31,,6249,10,,,0,73,,6247,10,,,0,31,,6253,10,,,0,71,,6255,10,,,0,32,,6248,10,,,0,73,,6252,10,,,0,32,,6258,10,,,0,72,,6257,10,,,0,32,,6254,10,,,0,72,,6259,10,,,0,72,,6256,10,,,0,32,,6260,10,,,0,71,,6261,10,,,0,30,,6263,10,,,0,72,,6265,10,,,0,32,,6266,10,,,0,72,,6262,10,,,0,30,,6267,10,,,0,72,,6264,10,,,0,32,,6268,10,,,0,69,,6279,10,,,0,32,,6271,10,,,0,70,,6274,10,,,0,30,,6269,10,,,0,69,,6275,10,,,0,28,,6272,10,,,0,69,,6276,10,,,0,30,,6270,10,,,0,70,,6277,10,,,0,29,,6273,10,,,0
9800,'4327',909,,6407,5,,,0,45,,6415,5,,,0,86,,6406,5,,,0,85,,6408,5,,,0,85,,6405,5,,,0,45,,6410,5,,,0,85,,6404,5,,,0,85,,6409,5,,,0,85,,6402,5,,,0,45,,6411,5,,,0,85,,6403,5,,,0,85,,6412,5,,,0,130,,6413,5,,,0,169,,6414,5,,,0
9800,'4795',640,,2670,5,,,0,60,,2666,5,,,0,20,,2669,5,,,0,21,,2668,5,,,0,61,,2680,5,,,0,21,,2657,5,,,0,21,,2660,5,,,0,61,,2655,5,,,0,42,,2648,5,,,0,83,,2671,5,,,0,84,,2675,5,,,0,43,,2656,5,,,0,85,,2658,5,,,0,85,,2677,5,,,0,86,,2649,5,,,0,87,,2659,5,,,0,20,,2673,5,,,0,20,,2678,5,,,0,60,,2665,5,,,0,20,,2652,5,,,0,20,,2663,5,,,0,60,,2661,5,,,0,18,,2654,5,,,0,19,,2650,5,,,0,20,,2651,5,,,0,60,,2672,5,,,0,29,,2679,5,,,0,80,,2664,5,,,0,80,,2676,5,,,0,40,,2674,5,,,0,79,,2647,5,,,0,80,,2667,5,,,0,40,,2653,5,,,0,79,,2662,5,,,0
9800,'4800',909,,2685,5,,,0,45,,2694,5,,,0,88,,2686,5,,,0,85,,2689,5,,,0,85,,2683,5,,,0,45,,2688,5,,,0,85,,2684,5,,,0,85,,2691,5,,,0,85,,2681,5,,,0,44,,2690,5,,,0,85,,2682,5,,,0,85,,2687,5,,,0,130,,2692,5,,,0,170,,2693,5,,,0
9800,'5102',640,,6437,5,,,0,60,,6433,5,,,0,20,,6440,5,,,0,21,,6435,5,,,0,61,,6441,5,,,0,21,,6439,5,,,0,82,,6434,5,,,0,42,,6438,5,,,0,83,,6436,5,,,0,84,,6432,5,,,0,43,,6419,5,,,0,85,,6420,5,,,0,85,,6426,5,,,0,86,,6416,5,,,0,87,,6431,5,,,0,20,,6443,5,,,0,20,,6442,5,,,0,60,,6430,5,,,0,20,,6445,5,,,0,20,,6428,5,,,0,60,,6444,5,,,0,33,,6427,5,,,0,82,,6429,5,,,0,89,,6422,5,,,0,50,,6425,5,,,0,86,,6424,5,,,0,85,,6417,5,,,0,80,,6423,5,,,0,40,,6418,5,,,0,79,,6421,5,,,0
9800,'5105',909,,6450,5,,,0,45,,6459,5,,,0,88,,6451,5,,,0,85,,6454,5,,,0,85,,6448,5,,,0,45,,6453,5,,,0,85,,6449,5,,,0,85,,6456,5,,,0,85,,6446,5,,,0,44,,6455,5,,,0,85,,6447,5,,,0,85,,6452,5,,,0,130,,6457,5,,,0,170,,6458,5,,,0
