601,'4327',807,,4374,10,,,0,120,,4373,10,,,0,120,,4372,10,,,0,160,,4376,10,,,0,120,,4377,10,,,0,120,,4378,10,,,0,160,,4375,10,,,0,120,,4379,10,,,0
601,'4795',622,,459,10,,,0,35,,2769,10,,,0,75,,458,10,,,0,76,,2770,10,,,0,35,,457,10,,,0,75,,2771,10,,,0,35,,462,10,,,0,150,,461,10,,,0,110,,464,10,,,0,110,,463,10,,,0,35,,469,10,,,0,75,,460,10,,,0,75,,471,10,,,0,36,,456,10,,,0,75,,470,10,,,0,35,,454,10,,,0,74,,472,10,,,0,75,,455,10,,,0,110,,473,10,,,0,110,,474,10,,,0,210,,2773,10,,,0
601,'4800',812,,2774,10,,,0,100,,478,10,,,0,100,,480,10,,,0,100,,2775,10,,,0,100,,479,10,,,0,100,,484,10,,,0,100,,483,10,,,0,100,,482,10,,,0,200,,485,10,,,0
601,'5102',622,,4385,10,,,0,110,,4384,10,,,0,111,,4383,10,,,0,110,,4387,10,,,0,150,,4388,10,,,0,110,,4390,10,,,0,110,,4389,10,,,0,35,,4392,10,,,0,75,,4386,10,,,0,75,,4394,10,,,0,36,,4382,10,,,0,75,,4393,10,,,0,35,,4380,10,,,0,74,,4395,10,,,0,75,,4381,10,,,0,110,,4396,10,,,0,110,,4397,10,,,0
601,'5105',812,,4399,10,,,0,100,,4400,10,,,0,100,,4402,10,,,0,100,,4403,10,,,0,100,,4401,10,,,0,100,,4406,10,,,0,100,,4405,10,,,0,100,,4404,10,,,0,200,,4407,10,,,0
1800,'4327',736,,5283,10,,,0,102,,5276,10,,,0,115,,5275,10,,,0,160,,5274,10,,,0,115,,5273,10,,,0,120,,5272,10,,,0,155,,5271,10,,,0,120,,5277,10,,,0,115,,5278,10,,,0,118,,5279,10,,,0,155,,5280,10,,,0,115,,5281,10,,,0,115,,5282,10,,,0
1800,'4795',617,,3424,10,,,0,106,,1418,10,,,0,27,,1399,10,,,0,66,,1419,10,,,0,29,,1400,10,,,0,68,,1422,10,,,0,27,,1401,10,,,0,80,,1405,10,,,0,80,,1404,10,,,0,40,,1402,10,,,0,80,,1403,10,,,0,80,,1398,10,,,0,40,,1409,10,,,0,80,,1407,10,,,0,28,,1421,10,,,0,67,,1410,10,,,0,29,,1420,10,,,0,68,,1408,10,,,0,30,,1423,10,,,0,66,,1406,10,,,0,30,,1424,10,,,0,70,,1411,10,,,0,95,,1413,10,,,0,37,,1412,10,,,0,80,,1414,10,,,0,83,,1415,10,,,0,115,,1416,10,,,0
1800,'4800',736,,3427,10,,,0,101,,1427,10,,,0,100,,1428,10,,,0,100,,3425,10,,,0,100,,1425,10,,,0,100,,1429,10,,,0,100,,1430,10,,,0,100,,1431,10,,,0,100,,1432,10,,,0,100,,1433,10,,,0,100,,3426,10,,,0,84,,3428,10,,,0,115,,3429,10,,,0,115,,3430,10,,,0,155,,3431,10,,,0,115,,3432,10,,,0,115,,3433,10,,,0
1800,'5102',617,,5303,10,,,0,106,,5304,10,,,0,27,,5285,10,,,0,66,,5305,10,,,0,29,,5286,10,,,0,68,,5308,10,,,0,27,,5287,10,,,0,80,,5292,10,,,0,80,,5291,10,,,0,40,,5288,10,,,0,80,,5289,10,,,0,80,,5284,10,,,0,40,,5296,10,,,0,80,,5290,10,,,0,28,,5307,10,,,0,67,,5295,10,,,0,29,,5306,10,,,0,68,,5294,10,,,0,30,,5309,10,,,0,66,,5293,10,,,0,30,,5310,10,,,0,70,,5297,10,,,0,95,,5299,10,,,0,37,,5298,10,,,0,80,,5301,10,,,0,83,,5300,10,,,0,115,,5302,10,,,0
1800,'5105',736,,5321,10,,,0,101,,5313,10,,,0,100,,5314,10,,,0,100,,5312,10,,,0,100,,5311,10,,,0,100,,5315,10,,,0,100,,5316,10,,,0,100,,5317,10,,,0,100,,5318,10,,,0,100,,5319,10,,,0,100,,5320,10,,,0,84,,5322,10,,,0,115,,5323,10,,,0,115,,5324,10,,,0,155,,5325,10,,,0,115,,5326,10,,,0,115,,5327,10,,,0
