1,100,'4794',1,2,3,4,5,6,7,8,9,10,11,12,13,14,15,16
1,100,'4795',17,18,19,20,21,22,23,24,25,26,27,28,29,30,31,32,33,34,35,36,37,38,39,40,41,42,43,44,45,46,47,48,49,50,51,52,53,54,55,56,57,58
1,100,'4800',59,60,61,62,63,64,65,66,67,68,69,70,71,72,73,74,75,76,77,78,79,80,81,82,83,84,85,86,87,88,89
1,101,'4794',90,91,92,93,94,95,96,97,98,99,100,101,102,103,104,105
1,101,'4795',2756,107,108,109,110,111,112,113,114,115,116,117,118,119,120,121,122,123,124,125,126,127,128,129,130,131,132,133,134,135,136,137,138,139,140,141,142,143,144,145,146,147
1,101,'4800',148,149,150,151,152,153,154,155,156,157,158,159,160,161,162,163,164,165,166,167,168,169,170,171,172,173,174,175,176,177,178,179
2,200,'4794',180,181,182,183,184,185,2757,187,188,189,2758
2,200,'4795',191,192,193,194,195,196,197,198,199,2759,2760,202,203,204,205,206,207,208,209
2,200,'4800',210,211,212,213,214,215,2761,217,218,219,2762,221,222
3,300,'4794',223,224,225,226,227,228,229
3,300,'4795',230,231,232,233,234,235,236,237,238,239,240,241,2763
3,300,'4800',243,244,245,246,247,248,249
4,400,'4795',250,251,252,253,254,255,256,257,258,259,260
4,401,'4795',261,262,263,264,265,266,267,268,269,270,271
5,500,'4794',272,273,274,275,276,277,278,279,280,281,282,283,284,285
5,500,'4795',286,287,288,289,290,291,292,293,294,295,296,297,298,299,300,301,302,303,304,305,306,307,308,309,310,311,312,2764
5,500,'4800',314,315,316,317,318,319,320,321,322,323,324,325,326,327,328,329,330,331,332,333,334,335,336,337,338
5,501,'4794',339,340,341,342,343,344,345,346,347,348,349,350,351,352
5,501,'4795',353,354,355,356,357,358,359,360,361,362,363,364,365,366,367,368,369,370,371,372,373,374,375,376,377,378,379,380,381
5,501,'4800',382,383,384,385,386,387,388,389,390,391,392,393,394,395,396,397,398,399,400,401,402,403,404,405,406,407
6,600,'4794',408,409,410,411,412,413,414,415
6,600,'4795',416,417,418,419,420,421,422,423,424,425,426,2765,2766,429,430,431,432,433,434,435
6,600,'4800',2767,437,438,439,440,441,442,443,2768,445
6,601,'4794',446,447,448,449,450,451,452,453
6,601,'4795',454,455,456,457,458,459,460,461,462,463,464,465,2769,2770,2771,469,470,471,472,473,474,2772,2773
6,601,'4800',2774,478,479,480,2775,482,483,484,485
8,800,'4794',2776,2777,2778,2779,2780,2781,2782,2783,2784,2785,2786,2787,2788,2789,2790,2791,2792,2793,2794,2795,2796,2797,2798,2799,2800,2801,2802,2803,2804,515,2805,517,2806
8,800,'4795',2807,2808,2809,2810,2811,2812,2813,2814,2815,2816,2817,2818,2819,2820,2821,2822,2823,2824,2825,2826,2827,2828,2829,2830,2831,2832,2833,2834,2835,2836,2837,2838,2839,2840,2841,2842,2843,2844,2845,2846,2847,2848,561,2849,2850,2851,565,2852,2853,2854,2855,2856,2857,2858,2859,2860,2861,2862,2863,2864,2865,2866,2867,2868,2869,2870,585
8,800,'4800',2871,2872,2873,2874,2875,2876,2877,2878,2879,2880,2881,2882,2883,2884,2885,2886,2887,2888,2889,2890,2891,2892,2893,2894,2895,611,2896,2897,2898,2899,2900,2901,2902,2903,2904,2905,622,2906,2907,625,626,2908,628
8,801,'4794',2909,630,2910,2911,2912,2913,2914,2915,2916,2917,2918,2919,2920,2921,2922,2923,2924,2925,2926,2927,2928,2929,2930,2931,2932,2933,2934,2935,2936,658,2937,660
8,801,'4795',2938,2939,2940,2941,2942,2943,2944,2945,2946,2947,2948,2949,2950,2951,2952,2953,2954,2955,2956,2957,2958,2959,2960,2961,2962,2963,2964,2965,2966,2967,2968,2969,2970,2971,2972,696,2973,2974,699,2975,2976,2977,2978,2979,2980,2981,2982,2983,2984,2985,2986,2987,2988,2989,2990,2991,2992,2993,2994,2995,2996,2997,2998,2999,3000
8,801,'4800',3001,3002,3003,3004,3005,3006,3007,3008,3009,3010,3011,3012,3013,3014,3015,3016,3017,3018,3019,3020,3021,3022,3023,749,3024,3025,3026,3027,3028,3029,3030,3031,3032,759,3033,761,3034,763,764,3035
9,900,'4794',766,767,768,769,770
9,900,'4795',771,772,773
9,900,'4800',774,775,776,777,778
9,901,'4794',779,780,781,782,783
9,901,'4795',784,785,786
9,901,'4800',787,788,789,790,791
10,1000,'4794',3036,3037,3038,3039,3040,3041,3042,3043,3044,3045,3046,3047,3048,3049,3050,3051,3052,3053,3054,3055,3056,3057,3058
10,1000,'4795',3059,3060,3061,3062,3063,3064,3065,3066,3067,3068,3069,3070,3071,3072,3073,3074,3075,3076,3077,3078,3079,3080,3081,3082,3083,3084,3085,3086,3087,3088,845,3089,3090,3091,3092,850,3093,3094,3095,854,3096,3097,3098
10,1000,'4800',3099,3100,3101,3102,3103,3104,3105,3106,3107,3108,3109,3110,3111,3112,3113,3114,3115,3116,3117,3118,3119,3120,3121
10,1001,'4794',3122,3123,3124,3125,3126,3127,3128,3129,3130,3131,3132,3133,3134,3135,3136,3137,3138,3139,3140,3141,3142,3143,3144
10,1001,'4795',3145,3146,3147,3148,3149,3150,3151,3152,3153,3154,3155,3156,3157,3158,3159,3160,3161,3162,3163,3164,3165,3166,3167,3168,3169,3170,3171,3172,3173,3174,3175,3176,3177,937,3178,3179,3180,3181,3182,943,3183,3184,3185,3186,3187
10,1001,'4800',3188,3189,3190,3191,3192,3193,3194,3195,3196,3197,3198,3199,3200,3201,3202,3203,3204,3205,3206,3207,3208,3209,3210
11,1100,'4794',972,973,974,975,976,977,978,979,980,981,982,983,984,985,986,987,988
11,1100,'4795',3211,3212,3213,3214,3215,3216,3217,3218,3219,3220,3221,3222,3223,3224,3225,3226,1005,3227,3228,3229,3230,3231,3232,3233,3234,3235,3236,3237,3238,3239,3240,3241,3242
11,1100,'4800',3243,3244,3245,3246,3247,3248,3249,3250,3251,3252,3253,3254,3255,3256,3257,3258,3259,3260,3261,3262,3263,3264,3265,3266,3267,3268,3269,3270,3271,3272,3273
11,1101,'4794',1053,1054,1055,1056,1057,1058,1059,1060,1061,1062,1063,1064,1065,1066,1067,1068,1069
11,1101,'4795',3274,3275,3276,3277,3278,3279,3280,3281,3282,3283,3284,3285,3286,3287,3288,3289,3290,1087,1088,3291,3292,3293,3294,3295,3296,3297,3298,3299,3300,3301,3302,3303,3304,3305
11,1101,'4800',3306,3307,3308,3309,3310,3311,3312,3313,3314,3315,3316,3317,3318,3319,3320,3321,3322,3323,3324,3325,3326,3327,3328,3329,3330,3331,3332,3333,3334,3335
12,1200,'4794',1134,1135,1136,1137,1138,1139,1140
12,1200,'4795',1141,1142,1143,1144,1145,1146,1147,1148,1149,3336,1151
12,1200,'4800',1152,1153,1154,1155,1156,1157,1158
12,1201,'4794',1159,1160,1161,1162,1163,1164,1165
12,1201,'4795',1166,1167,1168,1169,1170,1171,1172,1173,1174,3337,1176
12,1201,'4800',1177,1178,1179,1180,1181,1182,1183
13,1300,'4795',1184,1185,1186,1187,1188,1189,1190,1191,1192,1193,1194,1195,1196,1197,1198,1199,1200,1201,1202,1203,1204,1205,1206,1207
13,1301,'4795',1208,1209,1210,1211,1212,1213,1214,1215,1216,1217,1218,1219,1220,1221,1222,1223,1224,1225,1226,1227,1228,1229,1230,1231
14,1400,'4794',3338,3339,3340,3341,3342,3343,3344,3345,3346,3347,3348,3349,3350,3351
14,1400,'4795',3352,1247,3353,1249,1250,1251,3354,3355,1254,3356,3357,3358,3359,3360,3361,3362,1262,3363,3364,3365,3366
14,1400,'4800',3367,3368,3369,3370,3371,3372,3373,3374,3375,3376,3377,3378,3379,3380
14,1401,'4794',3381,3382,3383,3384,3385,3386,3387,3388,3389,3390,3391,3392,3393,3394
14,1401,'4795',3395,1296,1297,3396,1299,3397,3398,1302,1303,3399,3400,3401,3402,3403,3404,3405,3406,1312,3407,3408,3409
14,1401,'4800',3410,3411,3412,3413,3414,3415,3416,3417,3418,3419,3420,3421,3422,3423
16,1601,'4794',1330,1331,1332,1333,1334,1335,1336,1337,1338,1339,1340,1341,1342,1343
16,1601,'4795',1344,1345,1346,1347,1348,1349,1350,1351,1352,1353,1354,1355,1356,1357,1358,1359,1360,1361,1362,1363,1364,1365,1366,1367,1368,1369
16,1601,'4800',1370,1371,1372,1373,1374,1375,1376,1377,1378,1379,1380,1381,1382,1383,1384
18,1800,'4794',1385,1386,1387,1388,1389,1390,1391,1392,1393,1394,1395,1396,1397
18,1800,'4795',1398,1399,1400,1401,1402,1403,1404,1405,1406,1407,1408,1409,1410,1411,1412,1413,1414,1415,1416,3424,1418,1419,1420,1421,1422,1423,1424
18,1800,'4800',1425,3425,1427,1428,1429,1430,1431,1432,1433,3426,3427,3428,3429,3430,3431,3432,3433
18,1801,'4794',1442,1443,1444,1445,1446,1447,1448,1449,1450,1451,1452,1453
18,1801,'4795',1454,1455,1456,1457,1458,1459,1460,1461,1462,1463,1464,1465,1466,1467,1468,1469,1470,1471,3434,1473,1474,1475,1476,1477,1478,1479,1480
18,1801,'4800',3435,3436,3437,3438,3439,3440,1487,1488,1489,1490,3441,1492,1493,1494,1495,3442
19,1900,'4794',1497,1498,1499,1500,1501,1502,1503,1504,1505,1506,1507,1508
19,1900,'4795',1509,1510,1511,1512,1513,1514,1515,1516,1517,1518,1519,1520,1521,1522,1523,1524,1525,1526,1527,1528,1529,1530,1531,1532,1533,1534,1535,1536,1537,1538,1539,1540,1541
19,1900,'4800',1542,1543,1544,1545,1546,1547,1548,1549,1550,1551,1552,1553,1554,1555,1556,1557,1558,1559,1560,3443,3444,3445,3446,3447
19,1901,'4794',1566,1567,1568,1569,1570,1571,1572,1573,1574,1575,1576,1577,1578
19,1901,'4795',1579,1580,1581,1582,1583,1584,1585,1586,1587,1588,1589,1590,1591,1592,1593,1594,1595,1596,1597,1598,1599,1600,1601,1602,1603,1604,1605,1606,1607,1608,1609,1610,1611
19,1901,'4800',3448,3449,3450,3451,3452,3453,1618,1619,1620,1621,1622,1623,1624,1625,1626,1627,1628,1629,1630,1631,1632,1633,1634,1635,1636
20,2000,'4794',1637,1638,1639,1640,1641,1642,1643,1644,1645,1646,1647,1648
20,2000,'4795',1649,1650,1651,1652,3454,1654,1655,3455,3456,1658,1659,1660,1661,1662,1663,1664,3457,3458,1667
20,2000,'4800',1668,1669,1670,1671,1672,1673,1674,1675,1676,1677,1678,1679,1680
20,2001,'4794',1681,1682,1683,1684,1685,1686,1687,1688,1689,1690,1691
20,2001,'4795',1692,1693,1694,1695,1696,3459,3460,1699,3461,1701,1702,1703,3462,1705,1706,1707,1708,3463,1710,3464,3465
20,2001,'4800',1713,1714,1715,1716,1717,1718,1719,1720,1721,1722,1723,1724,1725,1726,1727
21,2101,'4794',1728,1729,1730,1731,1732,1733,1734,1735,1736,1737,1738
21,2101,'4795',1739,1740,1741,1742,1743,1744,1745,1746,3466,3467,1749,1750,3468,3469,3470,3471,3472,3473,1757,3474,1759,3475,1761
21,2101,'4800',1762,1763,1764,1765,1766,1767,1768,1769,1770,1771,1772,1773,1774,1775,1776,1777,1778,1779,1780,1781
22,2200,'4794',1782,1783,1784,1785,1786,1787,1788,1789,1790
22,2200,'4795',3476,1792,1793,1794,1795,1796,1797,1798,1799,1800,1801,1802,1803,1804,1805
22,2200,'4800',1806,1807,1808,1809,1810,1811,1812,1813,1814,1815,1816,1817
22,2201,'4794',1818,1819,1820,1821,1822,1823,1824,1825,1826
22,2201,'4795',3477,1828,1829,1830,1831,1832,1833,1834,1835,1836,1837,1838,1839,1840,1841
22,2201,'4800',1842,1843,1844,1845,1846,1847,1848,1849,1850,1851,1852,1853
23,2300,'4794',1854,1855,1856,1857,1858,1859,1860,1861,1862,1863,1864,1865,1866,3478,3479
23,2300,'4795',1869,1870,1871,1872,3480,1874,3481,1876,3482,1878,3483,3484,3485,3486,3487,3488,3489,3490,3491,3492,3493,1890,3494,1892,3495,1894,3496,1896,3497,1898,3498,1900,3499,3500,3501,3502,3503,3504,3505,3506,1909
23,2300,'4800',1910,1911,3507,3508,3509,3510,3511,1917,3512,1919,1920,1921,3513,1923,1924,3514,3515,3516,1928,3517,3518,3519,3520,3521,3522,1935,1936,1937,1938
23,2301,'4794',3523,1940,3524,1942,1943,1944,1945,1946,1947,1948,1949,1950,1951,1952,1953
23,2301,'4795',1954,1955,1956,1957,3525,1959,3526,1961,3527,1963,3528,3529,3530,3531,3532,3533,3534,3535,1972,3536,3537,3538,3539,1977,1978,3540,1980,3541,3542,1983,3543,1985,3544,3545,3546,3547,3548,3549,3550,3551,1994
23,2301,'4800',3552,3553,1997,1998,1999,2000,3554,2002,2003,2004,2005,2006,3555,3556,3557,3558,3559,3560,3561,2014,3562,3563,2017,2018,2019,3564,3565,3566,3567
24,2400,'4794',2024,2025,2026,2027,2028,2029,2030,2031,2032,2033,2034
24,2400,'4795',2035,2036,2037,2038,3568,2040,2041,3569,2043,3570,2045,2046,3571,2048,2049,2050,3572,2052,2053,3573,3574
24,2400,'4800',2056,2057,2058,2059,2060,2061,2062,2063,2064,2065,2066,2067,2068
24,2401,'4794',2069,2070,2071,2072,2073,2074,2075,2076,2077,2078,2079,2080
24,2401,'4795',2081,2082,2083,2084,2085,3575,3576,2088,2089,3577,2091,2092,3578,2094,2095,2096,2097,3579,3580,2100
24,2401,'4800',2101,2102,2103,2104,2105,2106,2107,2108,2109,2110,2111,2112,2113
25,2500,'4794',2114,2115,2116,2117
25,2500,'4795',2118,2119,2120,2121,2122,2123,2124,2125,2126,2127
25,2500,'4800',2128,2129,2130,2131,2132
25,2501,'4794',2133,2134,2135,2136
25,2501,'4795',2137,2138,2139,2140,2141,2142,2143,2144,2145,2146
25,2501,'4800',2147,2148,2149,2150,2151
26,2600,'4794',2152,2153,2154,2155
26,2600,'4795',2156,2157,2158,2159,2160,2161,2162,2163,2164,2165,2166,2167,2168,2169,2170,2171,2172
26,2600,'4800',2173,2174,2175,2176,2177,2178,2179,2180,2181,2182,2183
26,2601,'4794',2184,2185,2186,2187,2188,2189
26,2601,'4795',2190,2191,2192,2193,2194,2195,2196,2197,2198,2199,2200,2201,2202,2203,2204,2205,2206
26,2601,'4800',2207,2208,2209,2210,2211,2212,2213,2214,2215,2216,2217
28,2800,'4795',3581,3582,3583,2221,2222,2223
28,2801,'4795',3584,3585,2226,2227,2228,2229
29,2900,'4795',2230,2231,2232,2233,2234,2235,2236,2237,2238,2239,2240,2241
32,3200,'4795',2242,2243,2244,2245,2246,2247,2248,2249,2250,2251,2252,2253,2254,2255
84,8400,'4795',3586,3587,3588,3589,2260,2261,2262,2263,2264,2265,2266,2267,2268,2269,2270,2271,2272
84,8401,'4795',3590,3591,3592,3593,2277,2278,2279,2280,2281,2282,2283,2284,2285,2286,2287,2288,2289
88,8801,'4795',2290
97,9700,'4794',3594,3595,3596,3597,3598,3599,3600,3601,3602,3603,3604,3605,3606,3607,3608,3609,3610,3611,3612,3613,3614,3615,3616,3617,3618,3619,3620,3621,3622,3623,3624,3625
97,9700,'4795',3626,3627,3628,3629,3630,3631,3632,3633,3634,3635,3636,3637,3638,3639,3640,3641,3642,3643,3644,3645,3646,3647,3648,3649,3650,3651,3652,3653,3654,3655,3656,3657,2355,3658,3659,3660,3661,3662,3663,3664,3665
97,9700,'4796',3666,3667,3668,3669,3670,3671,3672,3673,3674,3675,3676,3677,3678,3679,3680,3681,3682,3683,3684,3685,3686,3687,3688,3689,3690,3691,3692,3693,3694
97,9700,'4799',3695,3696,3697,3698,3699,3700,3701,3702,3703,3704,3705,3706,3707,3708,3709,3710,3711,3712,3713,3714,3715,3716,3717,3718,3719,3720,3721,3722,3723,3724,3725
97,9700,'4800',3726,3727,3728,3729,3730,3731,3732,3733,3734,3735,3736,3737,3738,3739,3740,3741,3742,3743,3744,3745,3746,3747,3748,3749,3750,3751,3752,3753,3754,3755,3756,3757,3758,3759,3760,3761,3762,3763
97,9701,'4794',3764,3765,3766,3767,3768,3769,3770,3771,3772,3773,3774,3775,3776,3777,3778,3779,3780,3781,3782,3783,3784,3785,3786,3787,3788,3789,3790,3791,3792,3793,3794,3795
97,9701,'4795',3796,3797,3798,3799,3800,3801,3802,3803,3804,3805,3806,3807,3808,3809,3810,3811,3812,3813,3814,3815,3816,3817,3818,3819,3820,3821,3822,3823,3824,3825,3826,3827,3828,3829,3830,3831,3832,3833
97,9701,'4796',3834,3835,3836,3837,3838,3839,3840,3841,3842,3843,3844,3845,3846,3847,3848,3849,3850,3851,3852,3853,3854,3855,3856,3857,3858,3859,3860,3861,3862,3863
97,9701,'4799',3864,3865,3866,3867,3868,3869,3870,3871,3872,3873,3874,3875,3876,3877,3878,3879,3880,3881,3882,3883,3884,3885,3886,3887,3888,3889,3890,3891,3892,3893,3894,3895
97,9701,'4800',3896,3897,3898,3899,3900,3901,3902,3903,3904,3905,3906,3907,3908,3909,3910,3911,3912,3913,3914,3915,3916,3917,3918,3919,3920,3921,3922,3923,3924,3925,3926,3927,3928,3929,3930,3931,3932,3933,3934
98,9800,'4794',2633,2634,2635,2636,2637,2638,2639,2640,2641,2642,2643,2644,2645,2646
98,9800,'4795',2647,2648,2649,2650,2651,2652,2653,2654,2655,2656,2657,2658,2659,2660,2661,2662,2663,2664,2665,2666,2667,2668,2669,2670,2671,2672,2673,2674,2675,2676,2677,2678,2679,2680
98,9800,'4800',2681,2682,2683,2684,2685,2686,2687,2688,2689,2690,2691,2692,2693,2694
98,9801,'4794',2695,2696,2697,2698,2699,2700,2701,2702,2703,2704,2705,2706,2707
98,9801,'4795',2708,2709,2710,2711,2712,2713,2714,2715,2716,2717,2718,2719,2720,2721,2722,2723,2724,2725,2726,2727,2728,2729,2730,2731,2732,2733,2734,2735,2736,2737,2738,2739,2740,2741
98,9801,'4800',2742,2743,2744,2745,2746,2747,2748,2749,2750,2751,2752,2753,2754,2755
