2401,'4327',736,,5960,21,,,0,103,,5957,21,,,0,107,,5959,21,,,0,104,,5958,21,,,0,108,,5961,21,,,0,101,,5963,21,,,0,149,,5964,21,,,0,102,,5962,21,,,0,93,,5965,21,,,0,107,,5966,21,,,0,101,,5967,21,,,0,99,,5968,21,,,0
2401,'4795',618,,2081,21,,,0,105,,2082,21,,,0,32,,2083,21,,,0,146,,2084,21,,,0,31,,2085,21,,,0,72,,3575,21,,,0,103,,2089,21,,,0,104,,3576,21,,,0,103,,2088,21,,,0,108,,3577,21,,,0,124,,2091,21,,,0,63,,3578,21,,,0,28,,2094,21,,,0,71,,2092,21,,,0,32,,2095,21,,,0,72,,2096,21,,,0,43,,3579,21,,,0,94,,2097,21,,,0,155,,3580,21,,,0,101,,2100,21,,,0
2401,'4800',831,,2106,21,,,0,100,,2103,21,,,0,98,,2104,21,,,0,111,,2101,21,,,0,104,,2105,21,,,0,107,,2102,21,,,0,89,,2108,21,,,0,164,,2109,21,,,0,54,,2107,21,,,0,142,,2112,21,,,0,104,,2110,21,,,0,105,,2113,21,,,0,105,,2111,21,,,0
2401,'5102',618,,5969,21,,,0,105,,5970,21,,,0,32,,5971,21,,,0,146,,5972,21,,,0,31,,5973,21,,,0,72,,5974,21,,,0,103,,5977,21,,,0,104,,5975,21,,,0,103,,5976,21,,,0,108,,5978,21,,,0,124,,5979,21,,,0,63,,5981,21,,,0,28,,5982,21,,,0,71,,5980,21,,,0,32,,5983,21,,,0,72,,5984,21,,,0,43,,5986,21,,,0,94,,5985,21,,,0,155,,5987,21,,,0,101,,5988,21,,,0
2401,'5105',831,,5994,21,,,0,100,,5991,21,,,0,98,,5992,21,,,0,111,,5989,21,,,0,104,,5993,21,,,0,107,,5990,21,,,0,89,,5996,21,,,0,164,,5997,21,,,0,54,,5995,21,,,0,142,,6000,21,,,0,104,,5998,21,,,0,105,,6001,21,,,0,105,,5999,21,,,0
2501,'4327',1043,,6021,20,,,0,268,,6022,20,,,0,291,,6023,20,,,0,229,,6024,20,,,0
2501,'4795',731,,2137,20,,,0,94,,2138,20,,,0,91,,2139,20,,,0,134,,2140,20,,,0,172,,2142,20,,,0,137,,2141,20,,,0,152,,2143,20,,,0,100,,2144,20,,,0,95,,2145,20,,,0,50,,2146,20,,,0
2501,'4800',959,,2148,20,,,0,172,,2149,20,,,0,173,,2147,20,,,0,141,,2151,20,,,0,391,,2150,20,,,0
2501,'5102',731,,6025,20,,,0,94,,6026,20,,,0,91,,6027,20,,,0,134,,6028,20,,,0,172,,6030,20,,,0,137,,6029,20,,,0,152,,6031,20,,,0,100,,6032,20,,,0,95,,6033,20,,,0,50,,6034,20,,,0
2501,'5105',959,,6036,20,,,0,172,,6037,20,,,0,173,,6035,20,,,0,141,,6039,20,,,0,391,,6038,20,,,0
2601,'4327',724,,6073,15,,,0,76,,6072,15,,,0,324,,6074,15,,,0,231,,6075,15,,,0,288,,6076,15,,,0,303,,6077,15,,,0
2601,'4795',619,,2191,15,,,0,38,,2190,15,,,0,75,,2192,15,,,0,80,,2194,15,,,0,38,,2193,15,,,0,157,,2195,15,,,0,126,,2196,15,,,0,174,,2197,15,,,0,136,,2198,15,,,0,78,,2200,15,,,0,35,,2201,15,,,0,78,,2199,15,,,0,75,,2202,15,,,0,42,,2203,15,,,0,72,,2204,15,,,0,108,,2205,15,,,0,174,,2206,15,,,0
2601,'4800',745,,2207,15,,,0,100,,2208,15,,,0,195,,2211,15,,,0,173,,2213,15,,,0,132,,2212,15,,,0,172,,2210,15,,,0,91,,2209,15,,,0,124,,2214,15,,,0,199,,2216,15,,,0,70,,2215,15,,,0,134,,2217,15,,,0
2601,'5102',619,,6078,15,,,0,38,,6079,15,,,0,75,,6080,15,,,0,80,,6082,15,,,0,38,,6081,15,,,0,157,,6083,15,,,0,126,,6084,15,,,0,174,,6085,15,,,0,136,,6086,15,,,0,78,,6088,15,,,0,35,,6089,15,,,0,78,,6087,15,,,0,75,,6090,15,,,0,42,,6091,15,,,0,72,,6092,15,,,0,108,,6093,15,,,0,174,,6094,15,,,0
2601,'5105',745,,6095,15,,,0,100,,6096,15,,,0,195,,6099,15,,,0,173,,6101,15,,,0,132,,6100,15,,,0,172,,6098,15,,,0,91,,6097,15,,,0,124,,6102,15,,,0,199,,6104,15,,,0,70,,6103,15,,,0,134,,6105,15,,,0
