600,'4327',905,,4337,26,4,,0,120,,4338,26,4,,0,120,,4339,26,4,,0,160,,4341,26,4,,0,120,,4343,26,4,,0,120,,4344,26,4,,0,160,,4340,26,4,,0,120,,4342,26,4,,0
600,'4795',717,,417,26,4,,0,35,,2765,26,4,,0,75,,416,26,4,,0,75,,2766,26,4,,0,35,,424,26,4,,0,110,,425,26,4,,0,110,,426,26,4,,0,150,,422,26,4,,0,112,,423,26,4,,0,35,,430,26,4,,0,75,,421,26,4,,0,75,,429,26,4,,0,35,,420,26,4,,0,75,,432,26,4,,0,35,,419,26,4,,0,73,,433,26,4,,0,35,,418,26,4,,0,150,,434,26,4,,0,110,,431,26,4,,0,112,,435,26,4,,0
600,'4800',828,,445,26,4,,0,100,,437,26,4,,0,100,,2767,26,4,,0,100,,439,26,4,,0,100,,441,26,4,,0,100,,438,26,4,,0,100,,442,26,4,,0,100,,443,26,4,,0,100,,440,26,4,,0,100,,2768,26,4,,0
600,'5102',717,,4346,26,4,,0,110,,4345,26,4,,0,110,,4354,26,4,,0,110,,4355,26,4,,0,110,,4353,26,4,,0,150,,4352,26,4,,0,112,,4351,26,4,,0,35,,4357,26,4,,0,75,,4350,26,4,,0,75,,4356,26,4,,0,35,,4349,26,4,,0,75,,4359,26,4,,0,35,,4348,26,4,,0,73,,4360,26,4,,0,35,,4347,26,4,,0,150,,4361,26,4,,0,110,,4358,26,4,,0
600,'5105',828,,4371,26,4,,0,100,,4363,26,4,,0,100,,4362,26,4,,0,100,,4365,26,4,,0,100,,4367,26,4,,0,100,,4364,26,4,,0,100,,4368,26,4,,0,100,,4369,26,4,,0,100,,4366,26,4,,0,100,,4370,26,4,,0
601,'4327',800,,4374,1,,,0,120,,4373,1,,,0,120,,4372,1,,,0,160,,4376,1,,,0,120,,4377,1,,,0,120,,4378,1,,,0,160,,4375,1,,,0,120,,4379,1,,,0
601,'4795',615,,459,1,,,0,35,,2769,1,,,0,75,,458,1,,,0,75,,2770,1,,,0,35,,457,1,,,0,75,,2771,1,,,0,35,,462,1,,,0,110,,461,1,,,0,150,,464,1,,,0,110,,463,1,,,0,35,,469,1,,,0,75,,460,1,,,0,75,,471,1,,,0,35,,456,1,,,0,75,,470,1,,,0,35,,454,1,,,0,75,,472,1,,,0,35,,455,1,,,0,150,,473,1,,,0,110,,474,1,,,0,210,,2773,1,,,0
601,'4800',805,,2774,1,,,0,100,,478,1,,,0,100,,480,1,,,0,100,,2775,1,,,0,100,,479,1,,,0,100,,484,1,,,0,100,,483,1,,,0,100,,482,1,,,0,200,,485,1,,,0
601,'5102',615,,4385,1,,,0,110,,4384,1,,,0,110,,4383,1,,,0,110,,4387,1,,,0,110,,4388,1,,,0,150,,4390,1,,,0,110,,4389,1,,,0,35,,4392,1,,,0,75,,4386,1,,,0,75,,4394,1,,,0,35,,4382,1,,,0,75,,4393,1,,,0,35,,4380,1,,,0,75,,4395,1,,,0,35,,4381,1,,,0,150,,4396,1,,,0,110,,4397,1,,,0
601,'5105',805,,4399,1,,,0,100,,4400,1,,,0,100,,4402,1,,,0,100,,4403,1,,,0,100,,4401,1,,,0,100,,4406,1,,,0,100,,4405,1,,,0,100,,4404,1,,,0,200,,4407,1,,,0
1800,'4327',730,,5283,1,,,0,101,,5276,1,,,0,115,,5275,1,,,0,160,,5274,1,,,0,115,,5273,1,,,0,120,,5272,1,,,0,115,,5271,1,,,0,160,,5277,1,,,0,115,,5278,1,,,0,119,,5279,1,,,0,155,,5280,1,,,0,115,,5281,1,,,0,115,,5282,1,,,0
1800,'4795',610,,3424,1,,,0,106,,1418,1,,,0,26,,1399,1,,,0,66,,1419,1,,,0,29,,1400,1,,,0,68,,1422,1,,,0,27,,1401,1,,,0,80,,1405,1,,,0,40,,1404,1,,,0,80,,1402,1,,,0,80,,1403,1,,,0,40,,1398,1,,,0,80,,1409,1,,,0,80,,1407,1,,,0,28,,1421,1,,,0,67,,1410,1,,,0,28,,1420,1,,,0,68,,1408,1,,,0,30,,1423,1,,,0,67,,1406,1,,,0,30,,1424,1,,,0,70,,1411,1,,,0,55,,1413,1,,,0,77,,1412,1,,,0,80,,1414,1,,,0,43,,1415,1,,,0,155,,1416,1,,,0
1800,'4800',730,,3427,1,,,0,100,,1427,1,,,0,100,,1428,1,,,0,100,,3425,1,,,0,100,,1425,1,,,0,100,,1429,1,,,0,100,,1430,1,,,0,100,,1431,1,,,0,100,,1432,1,,,0,100,,1433,1,,,0,100,,3426,1,,,0,85,,3428,1,,,0,115,,3429,1,,,0,115,,3430,1,,,0,155,,3431,1,,,0,115,,3432,1,,,0,115,,3433,1,,,0
1800,'5102',610,,5303,1,,,0,106,,5304,1,,,0,26,,5285,1,,,0,66,,5305,1,,,0,29,,5286,1,,,0,68,,5308,1,,,0,27,,5287,1,,,0,80,,5292,1,,,0,40,,5291,1,,,0,80,,5288,1,,,0,80,,5289,1,,,0,40,,5284,1,,,0,80,,5296,1,,,0,80,,5290,1,,,0,28,,5307,1,,,0,67,,5295,1,,,0,28,,5306,1,,,0,68,,5294,1,,,0,30,,5309,1,,,0,67,,5293,1,,,0,30,,5310,1,,,0,70,,5297,1,,,0,55,,5299,1,,,0,77,,5298,1,,,0,80,,5301,1,,,0,43,,5300,1,,,0,155,,5302,1,,,0
1800,'5105',730,,5321,1,,,0,100,,5313,1,,,0,100,,5314,1,,,0,100,,5312,1,,,0,100,,5311,1,,,0,100,,5315,1,,,0,100,,5316,1,,,0,100,,5317,1,,,0,100,,5318,1,,,0,100,,5319,1,,,0,100,,5320,1,,,0,85,,5322,1,,,0,115,,5323,1,,,0,115,,5324,1,,,0,155,,5325,1,,,0,115,,5326,1,,,0,115,,5327,1,,,0
