900,'4327',904,,4689,5,,,0,230,,4690,5,,,0,270,,4691,5,,,0,230,,4693,5,,,0,270,,4692,5,,,0
900,'4795',854,,771,5,,,0,265,,772,5,,,0,300,,773,5,,,0
900,'4800',904,,775,5,,,0,230,,774,5,,,0,270,,776,5,,,0,230,,778,5,,,0,270,,777,5,,,0
900,'5102',1119,,4694,5,,,0,300,,4695,5,,,0
900,'5105',904,,4697,5,,,0,230,,4696,5,,,0,270,,4698,5,,,0,230,,4700,5,,,0,270,,4699,5,,,0
1000,'4327',732,,4725,3,,,0,85,,4713,3,,,0,85,,4726,3,,,0,45,,4714,3,,,0,85,,4715,3,,,0,85,,4717,3,,,0,85,,4727,3,,,0,45,,4718,3,,,0,85,,4716,3,,,0,85,,4719,3,,,0,85,,4728,3,,,0,45,,4720,3,,,0,85,,4723,3,,,0,85,,4724,3,,,0,85,,4729,3,,,0,45,,4722,3,,,0,85,,4721,3,,,0,85,,4732,3,,,0,85,,4733,3,,,0,45,,4730,3,,,0,85,,4735,3,,,0,85,,4731,3,,,0,85,,4734,3,,,0
1000,'4795',522,,3084,3,,,0,80,,3078,3,,,0,20,,3066,3,,,0,20,,3074,3,,,0,60,,3069,3,,,0,20,,3080,3,,,0,20,,3067,3,,,0,60,,3075,3,,,0,20,,3065,3,,,0,20,,3071,3,,,0,66,,3081,3,,,0,33,,3068,3,,,0,72,,3070,3,,,0,32,,3079,3,,,0,72,,3076,3,,,0,32,,3073,3,,,0,72,,3083,3,,,0,32,,3077,3,,,0,72,,3072,3,,,0,32,,3082,3,,,0,66,,854,3,,,0,20,,3064,3,,,0,60,,3086,3,,,0,20,,3087,3,,,0,20,,3088,3,,,0,60,,845,3,,,0,20,,3089,3,,,0,20,,3090,3,,,0,60,,3091,3,,,0,20,,3092,3,,,0,20,,850,3,,,0,59,,3093,3,,,0,40,,3094,3,,,0,80,,3095,3,,,0,80,,3062,3,,,0,40,,3096,3,,,0,80,,3063,3,,,0,80,,3060,3,,,0,40,,3097,3,,,0,80,,3059,3,,,0,80,,3061,3,,,0,40,,3098,3,,,0,75,,3085,3,0,5 6,0
1000,'4800',732,,3120,3,,,0,85,,3107,3,,,0,85,,3108,3,,,0,45,,3102,3,,,0,85,,3101,3,,,0,85,,3109,3,,,0,85,,3110,3,,,0,45,,3103,3,,,0,85,,3116,3,,,0,85,,3117,3,,,0,85,,3114,3,,,0,45,,3119,3,,,0,85,,3112,3,,,0,85,,3106,3,,,0,85,,3121,3,,,0,45,,3111,3,,,0,85,,3099,3,,,0,85,,3115,3,,,0,85,,3104,3,,,0,45,,3100,3,,,0,85,,3118,3,,,0,85,,3105,3,,,0,85,,3113,3,,,0
1000,'5102',522,,4761,3,,,0,80,,4755,3,,,0,20,,4743,3,,,0,20,,4752,3,,,0,60,,4746,3,,,0,20,,4758,3,,,0,20,,4744,3,,,0,60,,4753,3,,,0,20,,4742,3,,,0,20,,4748,3,,,0,66,,4759,3,,,0,33,,4745,3,,,0,72,,4747,3,,,0,32,,4756,3,,,0,72,,4754,3,,,0,32,,4750,3,,,0,72,,4757,3,,,0,32,,4751,3,,,0,72,,4749,3,,,0,32,,4760,3,,,0,66,,4775,3,,,0,20,,4741,3,,,0,60,,4763,3,,,0,20,,4764,3,,,0,20,,4765,3,,,0,60,,4766,3,,,0,20,,4767,3,,,0,20,,4768,3,,,0,60,,4770,3,,,0,20,,4771,3,,,0,20,,4772,3,,,0,59,,4769,3,,,0,40,,4773,3,,,0,80,,4774,3,,,0,80,,4739,3,,,0,40,,4776,3,,,0,80,,4740,3,,,0,80,,4738,3,,,0,40,,4777,3,,,0,80,,4737,3,,,0,80,,4736,3,,,0,40,,4778,3,,,0,75,,4762,3,0,5 6,0
1000,'5105',732,,4800,3,,,0,85,,4787,3,,,0,85,,4788,3,,,0,45,,4782,3,,,0,85,,4781,3,,,0,85,,4789,3,,,0,85,,4790,3,,,0,45,,4783,3,,,0,85,,4796,3,,,0,85,,4797,3,,,0,85,,4794,3,,,0,45,,4799,3,,,0,85,,4792,3,,,0,85,,4786,3,,,0,85,,4801,3,,,0,45,,4791,3,,,0,85,,4779,3,,,0,85,,4795,3,,,0,85,,4784,3,,,0,45,,4780,3,,,0,85,,4798,3,,,0,85,,4785,3,,,0,85,,4793,3,,,0
