'4412',1000,54900,4,'',0,15300,4,'',0,2000,4,'',0,10400,4,'',0,2100,4,'',0,6000,4,'',0,10100,4,'',0,2000,4,'',0,13100,4,'',0,17000,4,'',0,17100,4,'',0,5400,4,'',0,9100,4,'',0,5700,4,'',0,3400,4,'',0,9400,4,'',0,7700,4,'',0,11900,4,'',0,11600,4,'',0,11700,4,'',0,15800,4,'',0
'4412',1001,55000,,'',0,15200,,'',0,2000,,'',0,10400,,'',0,2100,,'',0,6000,,'',0,10100,,'',0,2000,,'',0,13100,,'',0,17000,,'',0,17100,,'',0,5400,,'',0,9100,,'',0,5700,,'',0,3400,,'',0,9400,,'',0,7700,,'',0,11900,,'',0,11600,,'',0,11700,,'',0,15800,,'',0
'4413',1000,52900,4,'',0,9100,4,'',0,2000,4,'',0,10500,4,'',0,6100,4,'',0,12000,4,'',0,2000,4,'',0,11300,4,'',0,7000,4,'',0,10000,4,'',0,3000,4,'',0,10000,4,'',0,7000,4,'',0,9000,4,'',0,1900,4,'',0,7300,4,'',0,1700,4,'',0,9100,4,'',0,3400,4,'',0,5700,4,'',0,13600,4,'',0,15900,4,'',0,11600,4,'',0,11800,4,'',0,11800,4,'',0
'4413',1001,52900,,'',0,9100,,'',0,2000,,'',0,10500,,'',0,6100,,'',0,12000,,'',0,2000,,'',0,11300,,'',0,7000,,'',0,10000,,'',0,3000,,'',0,10000,,'',0,7000,,'',0,9000,,'',0,1900,,'',0,7300,,'',0,1700,,'',0,9100,,'',0,3400,,'',0,5700,,'',0,13600,,'',0,15900,,'',0,11600,,'',0,11800,,'',0,11800,0,'Orchard Pk',0
'4505',1000,75200,4,'',0,15800,4,'',0,10100,4,'',0,10100,4,'',0,10100,4,'',0,10000,4,'',0,10000,4,'',0,10000,4,'',0,10000,4,'',0,10000,4,'',0,10000,4,'',0,9800,4,'',0,9800,4,'',0,12700,4,'',0,10000,4,'',0
'4505',1001,75200,,'',0,15800,,'',0,10100,,'',0,10100,,'',0,10100,,'',0,10000,,'',0,10000,,'',0,10000,,'',0,10000,,'',0,10000,,'',0,10000,,'',0,9800,,'',0,9800,,'',0,12700,,'',0,18700,0,'Orchard Pk',0
'4508',1000,74700,4,'',0,6900,4,'',0,2900,4,'',0,7000,4,'',0,3000,4,'',0,7000,4,'',0,3200,4,'',0,7000,4,'',0,3000,4,'',0,7000,4,'',0,3000,4,'',0,7000,4,'',0,3000,4,'',0,7000,4,'',0,3000,4,'',0,7000,4,'',0,3000,4,'',0,7000,4,'',0,3000,4,'',0,7000,4,'',0,3000,4,'',0,6900,4,'',0,3700,4,'',0,6900,4,'',0,9900,4,'',0,9800,4,'',0,9900,4,'',0,9800,4,'',0,9800,4,'',0
'4508',1001,74700,,'',0,6900,,'',0,2900,,'',0,7000,,'',0,3000,,'',0,7000,,'',0,3200,,'',0,7000,,'',0,3000,,'',0,7000,,'',0,3000,,'',0,7000,,'',0,3000,,'',0,7000,,'',0,3000,,'',0,7000,,'',0,3000,,'',0,7000,,'',0,3000,,'',0,7000,,'',0,3000,,'',0,6900,,'',0,3700,,'',0,6900,,'',0,9900,,'',0,9800,,'',0,9900,,'',0,9800,,'',0,9800,,'',0,9900,0,'Orchard Pk',0
'4837',1000,52900,4,'',0,9100,4,'',0,2000,4,'',0,10500,4,'',0,6100,4,'',0,12000,4,'',0,2000,4,'',0,11300,4,'',0,7000,4,'',0,10000,4,'',0,3000,4,'',0,10000,4,'',0,7000,4,'',0,9000,4,'',0,1900,4,'',0,7300,4,'',0,1700,4,'',0,9100,4,'',0,3400,4,'',0,5700,4,'',0,13600,4,'',0,15900,4,'',0,11600,4,'',0,11800,4,'',0,11800,4,'',0
'4837',1001,52900,,'',0,9100,,'',0,2000,,'',0,10500,,'',0,6100,,'',0,12000,,'',0,2000,,'',0,11300,,'',0,7000,,'',0,10000,,'',0,3000,,'',0,10000,,'',0,7000,,'',0,9000,,'',0,1900,,'',0,7300,,'',0,1700,,'',0,9100,,'',0,3400,,'',0,5700,,'',0,13600,,'',0,15900,,'',0,11600,,'',0,11800,,'',0,11800,0,'Orchard Pk',0
