9700,'4327',731,,6184,7,,,0,70,,6181,7,,,0,30,,6185,7,,,0,70,,6183,7,,,0,31,,6157,7,,,0,71,,6182,7,,,0,32,,6158,7,,,0,71,,6178,7,,,0,31,,6159,7,,,0,70,,6180,7,,,0,31,,6161,7,,,0,70,,6179,7,,,0,30,,6162,7,,,0,70,,6176,7,,,0,30,,6163,7,,,0,69,,6177,7,,,0,30,,6167,7,,,0,70,,6173,7,,,0,30,,6168,7,,,0,69,,6172,7,,,0,29,,6160,7,,,0,70,,6174,7,,,0,30,,6165,7,,,0,69,,6171,7,,,0,27,,6166,7,,,0,70,,6175,7,,,0,30,,6164,7,,,0,70,,6186,7,,,0,30,,6169,7,,,0,70,,6188,7,,,0,29,,6170,7,,,0,100,,6187,7,,,0
9700,'4795',645,,3647,7,,,0,55,,3645,7,,,0,17,,3653,7,,,0,19,,3650,7,,,0,15,,3641,7,,,0,85,,3648,7,,,0,13,,3637,7,,,0,53,,3646,7,,,0,29,,3655,7,,,0,14,,3649,7,,,0,56,,3640,7,,,0,45,,3651,7,,,0,55,,3634,7,,,0,30,,3656,7,,,0,15,,3652,7,,,0,56,,3643,7,,,0,48,,3632,7,,,0,56,,3639,7,,,0,32,,3657,7,,,0,15,,3630,7,,,0,55,,3644,7,,,0,48,,3633,7,,,0,56,,3638,7,,,0,16,,3629,7,,,0,30,,3658,7,,,0,55,,3627,7,,,0,15,,3642,7,,,0,89,,3631,7,,,0,19,,3635,7,,,0,20,,3628,7,,,0,78,,3626,7,,,0,101,,3636,7,,,0,22,,3659,7,,,0,167,,3660,7,,,0,22,,3661,7,,,0,177,,3662,7,,,0,179,,3663,7,,,0
9700,'4796',630,,3679,7,,,0,176,,3672,7,,,0,15,,3680,7,,,0,95,,3670,7,,,0,100,,3673,7,,,0,15,,3678,7,,,0,85,,3674,7,,,0,102,,3676,7,,,0,16,,3682,7,,,0,88,,3675,7,,,0,102,,3668,7,,,0,16,,3681,7,,,0,103,,3684,7,,,0,100,,3667,7,,,0,16,,3677,7,,,0,157,,3683,7,,,0,38,,3666,7,,,0,59,,3669,7,,,0,106,,3685,7,,,0,25,,3686,7,,,0,60,,3694,7,,,0,104,,3687,7,,,0,25,,3688,7,,,0,25,,3689,7,,,0,90,,3690,7,,,0,65,,3691,7,,,0,24,,3692,7,,,0,90,,3693,7,,,0
9700,'4799',630,,3708,7,,,0,176,,3701,7,,,0,15,,3709,7,,,0,95,,3699,7,,,0,100,,3702,7,,,0,15,,3707,7,,,0,85,,3703,7,,,0,102,,3705,7,,,0,16,,3711,7,,,0,88,,3704,7,,,0,102,,3697,7,,,0,16,,3710,7,,,0,103,,3713,7,,,0,100,,3696,7,,,0,16,,3706,7,,,0,157,,3712,7,,,0,38,,3695,7,,,0,59,,3698,7,,,0,106,,3715,7,,,0,25,,3716,7,,,0,60,,3725,7,,,0,104,,3717,7,,,0,25,,3718,7,,,0,25,,3719,7,,,0,90,,3720,7,,,0,65,,3721,7,,,0,24,,3722,7,,,0,90,,3723,7,,,0,25,,3724,7,,,0,65,,3714,7,,,0
9700,'4800',729,,3731,7,,,0,30,,3727,7,,,0,71,,3732,7,,,0,70,,3726,7,,,0,29,,3730,7,,,0,73,,3728,7,,,0,30,,3734,7,,,0,71,,3736,7,,,0,30,,3729,7,,,0,70,,3733,7,,,0,30,,3739,7,,,0,70,,3738,7,,,0,30,,3735,7,,,0,70,,3740,7,,,0,30,,3737,7,,,0,70,,3741,7,,,0,30,,3742,7,,,0,70,,3743,7,,,0,29,,3745,7,,,0,70,,3747,7,,,0,30,,3748,7,,,0,76,,3744,7,,,0,28,,3749,7,,,0,70,,3746,7,,,0,30,,3750,7,,,0,70,,3763,7,,,0,30,,3753,7,,,0,70,,3756,7,,,0,30,,3751,7,,,0,69,,3757,7,,,0,29,,3754,7,,,0,70,,3758,7,,,0,30,,3752,7,,,0,70,,3759,7,,,0,29,,3755,7,,,0,70,,3760,7,,,0,30,,3761,7,,,0,70,,3762,7,,,0
9700,'5102',634,,6211,7,,,0,21,,6203,7,,,0,61,,6206,7,,,0,25,,6210,7,,,0,63,,6204,7,,,0,21,,6208,7,,,0,20,,6207,7,,,0,60,,6200,7,,,0,20,,6197,7,,,0,22,,6217,7,,,0,67,,6209,7,,,0,28,,6213,7,,,0,68,,6198,7,,,0,29,,6219,7,,,0,69,,6205,7,,,0,29,,6216,7,,,0,68,,6202,7,,,0,20,,6242,7,,,0,20,,6220,7,,,0,60,,6240,7,,,0,20,,6215,7,,,0,20,,6196,7,,,0,62,,6201,7,,,0,20,,6218,7,,,0,20,,6223,7,,,0,60,,6192,7,,,0,20,,6191,7,,,0,20,,6212,7,,,0,58,,6195,7,,,0,20,,6193,7,,,0,19,,6235,7,,,0,58,,6236,7,,,0,18,,6237,7,,,0,17,,6189,7,,,0,19,,6190,7,,,0,59,,6241,7,,,0,19,,6194,7,,,0,20,,6199,7,,,0,59,,6225,7,,,0,23,,6226,7,,,0,23,,6239,7,,,0,62,,6238,7,,,0,25,,6222,7,,,0,64,,6227,7,,,0,25,,6224,7,,,0,65,,6228,7,,,0,24,,6229,7,,,0,25,,6230,7,,,0,65,,6231,7,,,0,25,,6232,7,,,0,64,,6233,7,,,0,25,,6234,7,,,0
9700,'5105',728,,6250,7,,,0,30,,6246,7,,,0,71,,6251,7,,,0,72,,6245,7,,,0,31,,6249,7,,,0,72,,6247,7,,,0,30,,6253,7,,,0,71,,6255,7,,,0,32,,6248,7,,,0,72,,6252,7,,,0,32,,6258,7,,,0,72,,6257,7,,,0,32,,6254,7,,,0,72,,6259,7,,,0,32,,6256,7,,,0,72,,6260,7,,,0,32,,6261,7,,,0,71,,6263,7,,,0,32,,6265,7,,,0,72,,6266,7,,,0,72,,6262,7,,,0,31,,6267,7,,,0,72,,6264,7,,,0,32,,6268,7,,,0,69,,6279,7,,,0,32,,6271,7,,,0,70,,6274,7,,,0,30,,6269,7,,,0,69,,6275,7,,,0,29,,6272,7,,,0,70,,6276,7,,,0,30,,6270,7,,,0,70,,6277,7,,,0,29,,6273,7,,,0
9800,'4327',902,,6407,2,,,0,45,,6415,2,,,0,85,,6406,2,,,0,85,,6408,2,,,0,85,,6405,2,,,0,45,,6410,2,,,0,85,,6404,2,,,0,85,,6409,2,,,0,85,,6402,2,,,0,45,,6411,2,,,0,85,,6403,2,,,0,85,,6412,2,,,0,130,,6413,2,,,0,170,,6414,2,,,0
9800,'4795',632,,2670,2,,,0,20,,2666,2,,,0,60,,2669,2,,,0,20,,2668,2,,,0,21,,2680,2,,,0,61,,2657,2,,,0,21,,2660,2,,,0,21,,2655,2,,,0,82,,2648,2,,,0,83,,2671,2,,,0,84,,2675,2,,,0,43,,2656,2,,,0,85,,2658,2,,,0,85,,2677,2,,,0,85,,2649,2,,,0,45,,2659,2,,,0,60,,2673,2,,,0,20,,2678,2,,,0,20,,2665,2,,,0,60,,2652,2,,,0,20,,2663,2,,,0,20,,2661,2,,,0,60,,2654,2,,,0,20,,2650,2,,,0,20,,2651,2,,,0,60,,2672,2,,,0,29,,2679,2,,,0,80,,2664,2,,,0,40,,2676,2,,,0,80,,2674,2,,,0,80,,2647,2,,,0,40,,2667,2,,,0,80,,2653,2,,,0,80,,2662,2,,,0
9800,'4800',902,,2685,2,,,0,45,,2694,2,,,0,86,,2686,2,,,0,85,,2689,2,,,0,85,,2683,2,,,0,45,,2688,2,,,0,85,,2684,2,,,0,85,,2691,2,,,0,85,,2681,2,,,0,44,,2690,2,,,0,85,,2682,2,,,0,85,,2687,2,,,0,130,,2692,2,,,0,170,,2693,2,,,0
9800,'5102',632,,6437,2,,,0,20,,6433,2,,,0,60,,6440,2,,,0,20,,6435,2,,,0,21,,6441,2,,,0,61,,6439,2,,,0,42,,6434,2,,,0,82,,6438,2,,,0,83,,6436,2,,,0,84,,6432,2,,,0,43,,6419,2,,,0,85,,6420,2,,,0,85,,6426,2,,,0,85,,6416,2,,,0,45,,6431,2,,,0,60,,6443,2,,,0,20,,6442,2,,,0,20,,6430,2,,,0,60,,6445,2,,,0,20,,6428,2,,,0,20,,6444,2,,,0,75,,6427,2,,,0,83,,6429,2,,,0,49,,6422,2,,,0,90,,6425,2,,,0,86,,6424,2,,,0,86,,6417,2,,,0,40,,6423,2,,,0,80,,6418,2,,,0,80,,6421,2,,,0
9800,'5105',902,,6450,2,,,0,45,,6459,2,,,0,86,,6451,2,,,0,85,,6454,2,,,0,85,,6448,2,,,0,45,,6453,2,,,0,85,,6449,2,,,0,85,,6456,2,,,0,85,,6446,2,,,0,44,,6455,2,,,0,85,,6447,2,,,0,85,,6452,2,,,0,130,,6457,2,,,0,170,,6458,2,,,0
