100,'4327',744,,3950,14,,,0,100,,3935,14,,,0,100,,3936,14,,,0,100,,3937,14,,,0,100,,3938,14,,,0,100,,3939,14,,,0,100,,3940,14,,,0,100,,3941,14,,,0,100,,3942,14,,,0,100,,3943,14,,,0,100,,3944,14,,,0,99,,3945,14,,,0,100,,3946,14,,,0,99,,3947,14,,,0,100,,3948,14,,,0,100,,3949,14,,,0
100,'4795',611,,41,14,,,0,30,,53,14,,,0,71,,42,14,,,0,15,,34,14,,,0,16,,52,14,,,0,16,,32,14,,,0,56,,39,14,,,0,17,,33,14,,,0,16,,51,14,,,0,55,,31,14,,,0,16,,43,14,,,0,16,,35,14,4,,0,16,,54,14,,,0,72,,44,14,,,0,32,,55,14,,,0,72,,40,14,,,0,73,,50,14,,,0,33,,45,14,,,0,73,,56,14,,,0,33,,46,14,,,0,73,,58,14,,,0,17,,27,14,,,0,17,,37,14,,,0,58,,17,14,,,0,20,,49,14,,,0,20,,28,14,,,0,60,,47,14,,,0,19,,18,14,,,0,20,,48,14,,,0,59,,26,14,,,0,17,,38,14,,,0,17,,25,14,,,0,17,,57,14,,,0,56,,30,14,,,0,17,,36,14,,,0,15,,24,14,,,0,70,,29,14,,,0,30,,20,14,,,0,100,,22,14,,,0,99,,21,14,,,0,100,,23,14,,,0,100,,19,14,,,0
100,'4800',744,,89,14,,,0,71,,59,14,,,0,30,,60,14,,,0,70,,61,14,,,0,31,,62,14,,,0,70,,63,14,,,0,30,,64,14,,,0,70,,85,14,,,0,30,,65,14,,,0,70,,66,14,,,0,30,,67,14,,,0,70,,68,14,,,0,30,,69,14,,,0,70,,70,14,,,0,30,,71,14,,,0,70,,72,14,,,0,30,,73,14,,,0,70,,74,14,,,0,30,,75,14,,,0,70,,76,14,,,0,30,,77,14,,,0,69,,78,14,,,0,30,,86,14,,,0,70,,80,14,,,0,30,,87,14,,,0,70,,81,14,,,0,30,,88,14,,,0,72,,82,14,,,0,99,,79,14,,,0,100,,83,14,,,0,98,,84,14,,,0
100,'5102',611,,3975,14,,,0,30,,3987,14,,,0,71,,3976,14,,,0,15,,3968,14,,,0,16,,3986,14,,,0,16,,3966,14,,,0,56,,3973,14,,,0,17,,3967,14,,,0,16,,3985,14,,,0,55,,3963,14,,,0,16,,3977,14,,,0,16,,3969,14,4,,0,16,,3988,14,,,0,72,,3978,14,,,0,32,,3989,14,,,0,72,,3974,14,,,0,73,,3984,14,,,0,33,,3979,14,,,0,73,,3990,14,,,0,33,,3980,14,,,0,73,,3992,14,,,0,17,,3961,14,,,0,17,,3971,14,,,0,58,,3951,14,,,0,20,,3983,14,,,0,20,,3962,14,,,0,60,,3981,14,,,0,19,,3952,14,,,0,20,,3982,14,,,0,59,,3960,14,,,0,17,,3972,14,,,0,17,,3959,14,,,0,17,,3991,14,,,0,56,,3965,14,,,0,17,,3970,14,,,0,15,,3958,14,,,0,70,,3964,14,,,0,30,,3954,14,,,0,100,,3956,14,,,0,99,,3955,14,,,0,100,,3957,14,,,0,100,,3953,14,,,0
100,'5105',744,,4023,14,,,0,71,,3993,14,,,0,30,,3994,14,,,0,70,,3995,14,,,0,31,,3996,14,,,0,70,,3997,14,,,0,30,,3998,14,,,0,70,,4019,14,,,0,30,,3999,14,,,0,70,,4000,14,,,0,30,,4001,14,,,0,70,,4002,14,,,0,30,,4003,14,,,0,70,,4004,14,,,0,30,,4005,14,,,0,70,,4006,14,,,0,30,,4007,14,,,0,70,,4008,14,,,0,30,,4009,14,,,0,70,,4010,14,,,0,30,,4011,14,,,0,69,,4012,14,,,0,30,,4020,14,,,0,70,,4014,14,,,0,30,,4021,14,,,0,70,,4015,14,,,0,30,,4022,14,,,0,72,,4016,14,,,0,99,,4013,14,,,0,100,,4017,14,,,0,98,,4018,14,,,0
101,'4327',715,,4039,13,,,0,100,,4024,13,,,0,100,,4025,13,,,0,101,,4026,13,,,0,100,,4027,13,,,0,100,,4028,13,,,0,100,,4029,13,,,0,100,,4030,13,,,0,100,,4031,13,,,0,100,,4032,13,,,0,100,,4033,13,,,0,100,,4034,13,,,0,99,,4035,13,,,0,99,,4036,13,,,0,100,,4037,13,,,0,100,,4038,13,,,0
101,'4795',610,,137,13,,,0,31,,127,13,,,0,70,,141,13,,,0,16,,123,13,,,0,16,,133,13,,,0,57,,124,13,,,0,9,,2756,13,,,0,7,,138,13,,,0,16,,122,13,,,0,16,,131,13,,,0,55,,125,13,,,0,16,,140,13,,,0,32,,128,13,,,0,72,,143,13,,,0,32,,129,13,,,0,73,,139,13,,,0,74,,132,13,,,0,33,,144,13,,,0,73,,130,13,,,0,33,,142,13,,,0,17,,117,13,,,0,57,,134,13,,,0,17,,114,13,,,0,17,,145,13,,,0,60,,121,13,,,0,20,,126,13,,,0,20,,115,13,,,0,60,,146,13,,,0,20,,118,13,,,0,19,,135,13,,,0,57,,116,13,,,0,17,,147,13,,,0,16,,120,13,,,0,17,,136,13,,,0,56,,112,13,,,0,30,,119,13,,,0,69,,111,13,,,0,100,,113,13,,,0,100,,108,13,,,0,99,,109,13,,,0,100,,110,13,,,0,100,,107,13,,,0
101,'4800',715,,179,13,,,0,30,,178,13,,,0,70,,150,13,,,0,30,,151,13,,,0,70,,148,13,,,0,31,,149,13,,,0,70,,152,13,,,0,30,,153,13,,,0,70,,158,13,,,0,30,,157,13,,,0,70,,156,13,,,0,30,,155,13,,,0,70,,160,13,,,0,30,,154,13,,,0,70,,161,13,,,0,30,,173,13,,,0,70,,174,13,,,0,30,,164,13,,,0,70,,163,13,,,0,30,,165,13,,,0,70,,159,13,,,0,30,,162,13,,,0,70,,175,13,,,0,30,,168,13,,,0,69,,176,13,,,0,30,,166,13,,,0,70,,177,13,,,0,35,,169,13,,,0,100,,167,13,,,0,100,,170,13,,,0,99,,171,13,,,0,96,,172,13,,,0
101,'5102',610,,4072,13,,,0,31,,4061,13,,,0,70,,4076,13,,,0,16,,4057,13,,,0,16,,4064,13,,,0,57,,4058,13,,,0,9,,4040,13,,,0,7,,4071,13,,,0,16,,4056,13,,,0,16,,4066,13,,,0,55,,4059,13,,,0,16,,4074,13,,,0,32,,4062,13,,,0,72,,4078,13,,,0,32,,4063,13,,,0,73,,4073,13,,,0,74,,4067,13,,,0,33,,4075,13,,,0,73,,4065,13,,,0,33,,4077,13,,,0,17,,4051,13,,,0,57,,4068,13,,,0,17,,4050,13,,,0,17,,4079,13,,,0,60,,4055,13,,,0,20,,4060,13,,,0,20,,4048,13,,,0,60,,4080,13,,,0,20,,4052,13,,,0,19,,4069,13,,,0,57,,4049,13,,,0,17,,4081,13,,,0,16,,4054,13,,,0,17,,4070,13,,,0,56,,4046,13,,,0,30,,4053,13,,,0,69,,4045,13,,,0,100,,4047,13,,,0,100,,4042,13,,,0,99,,4043,13,,,0,100,,4044,13,,,0,100,,4041,13,,,0
101,'5105',715,,4113,13,,,0,30,,4112,13,,,0,70,,4084,13,,,0,30,,4085,13,,,0,70,,4082,13,,,0,31,,4083,13,,,0,70,,4086,13,,,0,30,,4087,13,,,0,70,,4092,13,,,0,30,,4091,13,,,0,70,,4090,13,,,0,30,,4089,13,,,0,70,,4094,13,,,0,30,,4088,13,,,0,70,,4095,13,,,0,30,,4107,13,,,0,70,,4108,13,,,0,30,,4098,13,,,0,70,,4097,13,,,0,30,,4099,13,,,0,70,,4093,13,,,0,30,,4096,13,,,0,70,,4109,13,,,0,30,,4102,13,,,0,69,,4110,13,,,0,30,,4100,13,,,0,70,,4111,13,,,0,35,,4103,13,,,0,100,,4101,13,,,0,100,,4104,13,,,0,99,,4105,13,,,0,96,,4106,13,,,0
