600,'4327',853,,4337,14,,,0,160,,4338,14,,,0,120,,4339,14,,,0,120,,4341,14,,,0,160,,4343,14,,,0,120,,4344,14,,,0,120,,4340,14,,,0,160,,4342,14,,,0
600,'4795',703,,417,14,,,0,35,,2765,14,,,0,75,,416,14,,,0,35,,2766,14,,,0,75,,424,14,,,0,110,,425,14,,,0,110,,426,14,,,0,110,,422,14,,,0,151,,423,14,,,0,35,,430,14,,,0,75,,421,14,,,0,35,,429,14,,,0,75,,420,14,,,0,35,,432,14,,,0,75,,419,14,,,0,74,,433,14,,,0,35,,418,14,,,0,110,,434,14,,,0,150,,431,14,,,0,113,,435,14,,,0
600,'4800',816,,445,14,,,0,100,,437,14,,,0,100,,2767,14,,,0,100,,439,14,,,0,100,,441,14,,,0,100,,438,14,,,0,100,,442,14,,,0,100,,443,14,,,0,100,,440,14,,,0,100,,2768,14,,,0
600,'5102',703,,4346,14,,,0,110,,4345,14,,,0,110,,4354,14,,,0,110,,4355,14,,,0,110,,4353,14,,,0,110,,4352,14,,,0,151,,4351,14,,,0,35,,4357,14,,,0,75,,4350,14,,,0,35,,4356,14,,,0,75,,4349,14,,,0,35,,4359,14,,,0,75,,4348,14,,,0,74,,4360,14,,,0,35,,4347,14,,,0,110,,4361,14,,,0,150,,4358,14,,,0
600,'5105',816,,4371,14,,,0,100,,4363,14,,,0,100,,4362,14,,,0,100,,4365,14,,,0,100,,4367,14,,,0,100,,4364,14,,,0,100,,4368,14,,,0,100,,4369,14,,,0,100,,4366,14,,,0,100,,4370,14,,,0
1801,'4327',819,,5332,8,,,0,115,,5333,8,,,0,120,,5330,8,,,0,155,,5331,8,,,0,120,,5329,8,,,0,115,,5328,8,,,0,160,,5334,8,,,0,115,,5335,8,,,0,120,,5336,8,,,0,115,,5337,8,,,0,155,,5338,8,,,0,115,,5339,8,,,0
1801,'4795',631,,3434,8,,,0,108,,1474,8,,,0,66,,1454,8,,,0,26,,1475,8,,,0,69,,1455,8,,,0,28,,1478,8,,,0,27,,1457,8,,,0,80,,1456,8,,,0,80,,1461,8,,,0,40,,1462,8,,,0,80,,1464,8,,,0,80,,1463,8,,,0,40,,1458,8,,,0,80,,1459,8,,,0,68,,1477,8,,,0,28,,1460,8,,,0,28,,1476,8,,,0,68,,1473,8,,,0,30,,1479,8,,,0,67,,1467,8,,,0,30,,1480,8,,,0,68,,1466,8,,,0,95,,1470,8,,,0,37,,1469,8,,,0,80,,1468,8,,,0,120,,1471,8,,,0,149,,1465,8,,,0
1801,'4800',750,,3437,8,,,0,102,,1487,8,,,0,100,,1488,8,,,0,100,,3441,8,,,0,100,,1492,8,,,0,100,,1489,8,,,0,100,,1490,8,,,0,100,,1493,8,,,0,100,,1494,8,,,0,100,,1495,8,,,0,100,,3442,8,,,0,167,,3438,8,,,0,115,,3440,8,,,0,115,,3436,8,,,0,155,,3439,8,,,0,115,,3435,8,,,0
1801,'5102',631,,5358,8,,,0,108,,5360,8,,,0,66,,5340,8,,,0,26,,5361,8,,,0,69,,5341,8,,,0,28,,5364,8,,,0,27,,5343,8,,,0,80,,5342,8,,,0,80,,5347,8,,,0,40,,5348,8,,,0,80,,5350,8,,,0,80,,5349,8,,,0,40,,5345,8,,,0,80,,5346,8,,,0,68,,5363,8,,,0,28,,5344,8,,,0,28,,5362,8,,,0,68,,5359,8,,,0,30,,5365,8,,,0,67,,5353,8,,,0,30,,5366,8,,,0,68,,5352,8,,,0,95,,5356,8,,,0,37,,5355,8,,,0,80,,5354,8,,,0,120,,5357,8,,,0,149,,5351,8,,,0
1801,'5105',750,,5369,8,,,0,102,,5373,8,,,0,100,,5374,8,,,0,100,,5377,8,,,0,100,,5378,8,,,0,100,,5375,8,,,0,100,,5376,8,,,0,100,,5379,8,,,0,100,,5380,8,,,0,100,,5381,8,,,0,100,,5382,8,,,0,167,,5370,8,,,0,115,,5372,8,,,0,115,,5368,8,,,0,155,,5371,8,,,0,115,,5367,8,,,0
