800,'4327',616,,4408,14,,,0,33,,4409,30,,,0,75,,4410,30,,,0,35,,4411,30,,,0,76,,4412,30,,,0,78,,4414,30,,,0,35,,4415,30,,,0,71,,4416,30,,,0,30,,4413,30,,,0,72,,4418,30,,,0,30,,4419,30,,,0,70,,4420,30,,,0,30,,4417,30,,,0,70,,4421,30,,,0,30,,4422,30,,,0,70,,4423,30,,,0,30,,4426,30,,,0,70,,4433,30,,,0,30,,4427,30,,,0,70,,4434,30,,,0,30,,4424,30,,,0,69,,4425,30,,,0,29,,4428,30,,,0,69,,4435,30,,,0,30,,4429,30,,,0,69,,4430,30,,,0,29,,4431,30,,,0,70,,4432,30,,,0,85,,4436,30,,,0,43,,4437,30,,,0,84,,4438,30,,,0,84,,4439,30,,,0,45,,4440,30,,,0
800,'4795',616,,2810,30,,,0,20,,2811,30,,,0,16,,2812,14,,,0,51,,2813,30,,,0,11,,2814,14,,,0,12,,2815,30,,,0,17,,2816,30,,,0,15,,2817,30,,,0,56,,2818,30,,,0,15,,2819,30,,,0,16,,2820,30,,,0,55,,2821,30,,,0,14,,2822,30,,,0,8,,585,30,,,0,8,,2823,30,,,0,15,,2824,30,,,0,55,,2825,30,,,0,15,,2826,30,,,0,15,,2827,30,,,0,15,,2828,30,,,0,55,,2829,30,,,0,16,,2830,30,,,0,15,,2831,30,,,0,15,,2832,30,,,0,55,,2833,30,,,0,15,,2834,30,,,0,15,,2835,30,,,0,15,,2836,30,,,0,55,,2837,30,,,0,15,,2838,30,,,0,15,,2839,30,,,0,15,,2840,30,,,0,55,,2841,30,,,0,16,,2842,30,,,0,16,,2843,30,,,0,15,,2844,30,,,0,55,,2845,30,,,0,16,,2846,30,,,0,16,,2847,30,,,0,17,,2848,30,,,0,55,,561,30,,,0,1,,2849,30,,,0,16,,2850,30,,,0,16,,2851,30,,,0,11,,565,30,,,0,4,,2852,30,,,0,55,,2853,30,,,0,14,,2854,30,,,0,16,,2855,30,,,0,14,,2856,30,,,0,56,,2857,30,,,0,15,,2858,30,,,0,14,,2859,30,,,0,16,,2860,30,,,0,56,,2861,30,,,0,18,,2862,30,,,0,20,,2863,30,,,0,60,,2864,30,,,0,23,,2865,30,,,0,25,,2866,30,,,0,64,,2867,30,,,0,24,,2868,30,,,0,65,,2869,30,,,0,43,,2870,30,,,0,85,,2808,30,,,0,83,,2807,30,,,0,85,,2809,30,,,0
800,'4800',616,,2904,14,,,0,36,,2886,30,,,0,76,,2895,30,,,0,75,,2903,30,,,0,36,,2885,30,,,0,75,,2896,30,,,0,37,,2902,30,,,0,70,,2871,30,,,0,29,,2882,30,,,0,66,,2888,30,,,0,25,,2898,30,,,0,60,,622,30,,,0,20,,2876,30,,,0,20,,2884,30,,,0,60,,2905,30,,,0,20,,2889,30,,,0,20,,2901,30,,,0,60,,625,30,,,0,20,,2873,30,,,0,20,,2881,30,,,0,60,,2906,30,,,0,20,,2890,30,,,0,20,,2897,30,,,0,60,,626,30,,,0,20,,2874,30,,,0,20,,2883,30,,,0,60,,2908,30,,,0,19,,2891,30,,,0,20,,2900,30,,,0,60,,628,30,,,0,20,,2875,30,,,0,19,,2879,30,,,0,18,,2907,30,,,0,60,,2887,30,,,0,30,,2899,30,,,0,69,,2878,30,,,0,85,,2893,30,,,0,44,,2880,30,,,0,83,,2894,30,,,0,85,,2877,30,,,0,44,,2892,30,,,0,83,,2872,30,,,0,80,,611,30,,,0
800,'5102',616,,4444,30,,,0,20,,4446,30,,,0,16,,4447,14,,,0,51,,4448,30,,,0,11,,4445,14,,,0,12,,4449,30,,,0,17,,4450,30,,,0,15,,4451,30,,,0,56,,4452,30,,,0,15,,4453,30,,,0,16,,4454,30,,,0,55,,4455,30,,,0,14,,4456,30,,,0,8,,4507,30,,,0,8,,4458,30,,,0,15,,4459,30,,,0,55,,4460,30,,,0,15,,4457,30,,,0,15,,4461,30,,,0,15,,4463,30,,,0,55,,4464,30,,,0,16,,4465,30,,,0,15,,4462,30,,,0,15,,4466,30,,,0,55,,4467,30,,,0,15,,4468,30,,,0,15,,4469,30,,,0,15,,4470,30,,,0,55,,4471,30,,,0,15,,4472,30,,,0,15,,4473,30,,,0,15,,4474,30,,,0,55,,4475,30,,,0,16,,4477,30,,,0,16,,4478,30,,,0,15,,4479,30,,,0,55,,4476,30,,,0,16,,4480,30,,,0,16,,4481,30,,,0,17,,4482,30,,,0,55,,4483,30,,,0,1,,4484,30,,,0,16,,4485,30,,,0,8,,4508,30,,,0,8,,4486,30,,,0,11,,4487,30,,,0,4,,4488,30,,,0,55,,4489,30,,,0,14,,4490,30,,,0,16,,4491,30,,,0,14,,4492,30,,,0,56,,4493,30,,,0,15,,4495,30,,,0,14,,4496,30,,,0,16,,4497,30,,,0,56,,4494,30,,,0,18,,4498,30,,,0,20,,4500,30,,,0,60,,4501,30,,,0,23,,4499,30,,,0,25,,4502,30,,,0,64,,4503,30,,,0,24,,4504,30,,,0,65,,4505,30,,,0,43,,4506,30,,,0,85,,4442,30,,,0,83,,4441,30,,,0,85,,4443,30,,,0
800,'5105',616,,4543,14,,,0,36,,4524,30,,,0,76,,4533,30,,,0,75,,4542,30,,,0,36,,4523,30,,,0,75,,4535,30,,,0,37,,4541,30,,,0,70,,4509,30,,,0,29,,4520,30,,,0,66,,4526,30,,,0,25,,4537,30,,,0,60,,4545,30,,,0,20,,4514,30,,,0,20,,4522,30,,,0,60,,4544,30,,,0,20,,4527,30,,,0,20,,4540,30,,,0,60,,4548,30,,,0,20,,4511,30,,,0,20,,4519,30,,,0,60,,4546,30,,,0,20,,4528,30,,,0,20,,4536,30,,,0,60,,4549,30,,,0,20,,4512,30,,,0,20,,4521,30,,,0,60,,4550,30,,,0,19,,4529,30,,,0,20,,4539,30,,,0,60,,4551,30,,,0,20,,4513,30,,,0,19,,4517,30,,,0,18,,4547,30,,,0,60,,4525,30,,,0,30,,4538,30,,,0,69,,4516,30,,,0,85,,4531,30,,,0,44,,4518,30,,,0,83,,4532,30,,,0,85,,4515,30,,,0,44,,4530,30,,,0,83,,4510,30,,,0,80,,4534,30,,,0
9800,'4327',917,,6407,10,,,0,86,,6415,10,,,0,47,,6406,10,,,0,85,,6408,10,,,0,85,,6405,10,,,0,85,,6410,10,,,0,45,,6404,10,,,0,85,,6409,10,,,0,85,,6402,10,,,0,85,,6411,10,,,0,45,,6403,10,,,0,85,,6412,10,,,0,170,,6413,10,,,0,128,,6414,10,,,0
9800,'4795',648,,2670,10,,,0,60,,2666,10,,,0,20,,2669,10,,,0,22,,2668,10,,,0,61,,2680,10,,,0,21,,2657,10,,,0,21,,2660,10,,,0,61,,2655,10,,,0,42,,2648,10,,,0,83,,2671,10,,,0,84,,2675,10,,,0,83,,2656,10,,,0,45,,2658,10,,,0,85,,2677,10,,,0,86,,2649,10,,,0,89,,2659,10,,,0,20,,2673,10,,,0,20,,2678,10,,,0,60,,2665,10,,,0,20,,2652,10,,,0,20,,2663,10,,,0,60,,2661,10,,,0,16,,2654,10,,,0,19,,2650,10,,,0,60,,2651,10,,,0,20,,2672,10,,,0,28,,2679,10,,,0,80,,2664,10,,,0,80,,2676,10,,,0,40,,2674,10,,,0,79,,2647,10,,,0,80,,2667,10,,,0,39,,2653,10,,,0,79,,2662,10,,,0
9800,'4800',917,,2685,10,,,0,86,,2694,10,,,0,49,,2686,10,,,0,85,,2689,10,,,0,85,,2683,10,,,0,85,,2688,10,,,0,45,,2684,10,,,0,85,,2691,10,,,0,85,,2681,10,,,0,84,,2690,10,,,0,45,,2682,10,,,0,85,,2687,10,,,0,169,,2692,10,,,0,130,,2693,10,,,0
9800,'5102',648,,6437,10,,,0,60,,6433,10,,,0,20,,6440,10,,,0,22,,6435,10,,,0,61,,6441,10,,,0,21,,6439,10,,,0,82,,6434,10,,,0,42,,6438,10,,,0,83,,6436,10,,,0,84,,6432,10,,,0,83,,6419,10,,,0,45,,6420,10,,,0,85,,6426,10,,,0,86,,6416,10,,,0,89,,6431,10,,,0,20,,6443,10,,,0,20,,6442,10,,,0,60,,6430,10,,,0,20,,6445,10,,,0,20,,6428,10,,,0,60,,6444,10,,,0,31,,6427,10,,,0,82,,6429,10,,,0,88,,6422,10,,,0,90,,6425,10,,,0,46,,6424,10,,,0,85,,6417,10,,,0,80,,6423,10,,,0,39,,6418,10,,,0,79,,6421,10,,,0
9800,'5105',917,,6450,10,,,0,86,,6459,10,,,0,49,,6451,10,,,0,85,,6454,10,,,0,85,,6448,10,,,0,85,,6453,10,,,0,45,,6449,10,,,0,85,,6456,10,,,0,85,,6446,10,,,0,84,,6455,10,,,0,45,,6447,10,,,0,85,,6452,10,,,0,169,,6457,10,,,0,130,,6458,10,,,0
