1000,'4327',738,,4725,11,,,0,85,,4713,11,,,0,85,,4726,11,,,0,45,,4714,11,,,0,86,,4715,11,,,0,85,,4717,11,,,0,85,,4727,11,,,0,45,,4718,11,,,0,85,,4716,11,,,0,85,,4719,11,,,0,85,,4728,11,,,0,45,,4720,11,,,0,85,,4723,11,,,0,85,,4724,11,,,0,83,,4729,11,,,0,45,,4722,11,,,0,85,,4721,11,,,0,85,,4732,11,,,0,85,,4733,11,,,0,45,,4730,11,,,0,85,,4735,11,,,0,85,,4731,11,,,0,85,,4734,11,,,0
1000,'4795',527,,3084,11,,,0,80,,3078,11,,,0,20,,3066,11,,,0,20,,3074,11,,,0,60,,3069,11,,,0,22,,3080,11,,,0,20,,3067,11,,,0,60,,3075,11,,,0,20,,3065,11,,,0,20,,3071,11,,,0,66,,3081,11,,,0,33,,3068,11,,,0,72,,3070,11,,,0,32,,3079,11,,,0,72,,3076,11,,,0,32,,3073,11,,,0,72,,3083,11,,,0,72,,3077,11,,,0,32,,3072,11,,,0,72,,3082,11,,,0,26,,854,11,,,0,20,,3064,11,,,0,60,,3086,11,,,0,20,,3087,11,,,0,20,,3088,11,,,0,60,,845,11,,,0,20,,3089,11,,,0,20,,3090,11,,,0,60,,3091,11,,,0,20,,3092,11,,,0,20,,850,11,,,0,59,,3093,11,,,0,39,,3094,11,,,0,80,,3095,11,,,0,80,,3062,11,,,0,39,,3096,11,,,0,80,,3063,11,,,0,79,,3060,11,,,0,40,,3097,11,,,0,80,,3059,11,,,0,80,,3061,11,,,0,40,,3098,11,,,0,75,,3085,11,0,5 6,0
1000,'4800',738,,3120,11,,,0,85,,3107,11,,,0,86,,3108,11,,,0,45,,3102,11,,,0,85,,3101,11,,,0,85,,3109,11,,,0,85,,3110,11,,,0,45,,3103,11,,,0,85,,3116,11,,,0,85,,3117,11,,,0,85,,3114,11,,,0,45,,3119,11,,,0,85,,3112,11,,,0,85,,3106,11,,,0,85,,3121,11,,,0,45,,3111,11,,,0,84,,3099,11,,,0,85,,3115,11,,,0,84,,3104,11,,,0,45,,3100,11,,,0,85,,3118,11,,,0,85,,3105,11,,,0,85,,3113,11,,,0
1000,'5102',527,,4761,11,,,0,80,,4755,11,,,0,20,,4743,11,,,0,20,,4752,11,,,0,60,,4746,11,,,0,22,,4758,11,,,0,20,,4744,11,,,0,60,,4753,11,,,0,20,,4742,11,,,0,20,,4748,11,,,0,66,,4759,11,,,0,33,,4745,11,,,0,72,,4747,11,,,0,32,,4756,11,,,0,72,,4754,11,,,0,32,,4750,11,,,0,72,,4757,11,,,0,72,,4751,11,,,0,32,,4749,11,,,0,72,,4760,11,,,0,26,,4775,11,,,0,20,,4741,11,,,0,60,,4763,11,,,0,20,,4764,11,,,0,20,,4765,11,,,0,60,,4766,11,,,0,20,,4767,11,,,0,20,,4768,11,,,0,60,,4770,11,,,0,20,,4771,11,,,0,20,,4772,11,,,0,59,,4769,11,,,0,39,,4773,11,,,0,80,,4774,11,,,0,80,,4739,11,,,0,39,,4776,11,,,0,80,,4740,11,,,0,79,,4738,11,,,0,40,,4777,11,,,0,80,,4737,11,,,0,80,,4736,11,,,0,40,,4778,11,,,0,75,,4762,11,0,5 6,0
1000,'5105',738,,4800,11,,,0,85,,4787,11,,,0,86,,4788,11,,,0,45,,4782,11,,,0,85,,4781,11,,,0,85,,4789,11,,,0,85,,4790,11,,,0,45,,4783,11,,,0,85,,4796,11,,,0,85,,4797,11,,,0,85,,4794,11,,,0,45,,4799,11,,,0,85,,4792,11,,,0,85,,4786,11,,,0,85,,4801,11,,,0,45,,4791,11,,,0,84,,4779,11,,,0,85,,4795,11,,,0,84,,4784,11,,,0,45,,4780,11,,,0,85,,4798,11,,,0,85,,4785,11,,,0,85,,4793,11,,,0
1901,'4327',755,,5465,13,,,0,103,,5458,13,,,0,155,,5457,13,,,0,120,,5456,13,,,0,115,,5455,13,,,0,160,,5454,13,,,0,115,,5453,13,,,0,120,,5459,13,,,0,115,,5460,13,,,0,157,,5461,13,,,0,115,,5462,13,,,0,115,,5463,13,,,0,155,,5464,13,,,0
1901,'4795',730,,1611,13,,,0,20,,1607,13,,,0,60,,1608,13,,,0,20,,1606,13,,,0,19,,1587,13,,,0,60,,1602,13,,,0,21,,1585,13,,,0,75,,1586,13,,,0,35,,1583,13,,,0,75,,1588,13,,,0,35,,1589,13,,,0,75,,1590,13,,,0,75,,1594,13,,,0,35,,1591,13,,,0,75,,1592,13,,,0,37,,1595,13,,,0,60,,1580,13,,,0,20,,1593,13,,,0,20,,1579,13,,,0,60,,1598,13,,,0,20,,1581,13,,,0,20,,1599,13,,,0,59,,1582,13,,,0,20,,1597,13,,,0,19,,1584,13,,,0,60,,1601,13,,,0,35,,1605,13,,,0,75,,1603,13,,,0,34,,1596,13,,,0,75,,1600,13,,,0,35,,1604,13,,,0,63,,1610,13,,,0,115,,1609,13,,,0
1901,'4800',754,,1620,13,,,0,75,,1622,13,,,0,75,,1624,13,,,0,35,,1621,13,,,0,75,,1626,13,,,0,35,,1623,13,,,0,75,,1627,13,,,0,35,,1628,13,,,0,75,,1631,13,,,0,75,,1632,13,,,0,35,,1625,13,,,0,75,,1629,13,,,0,35,,1633,13,,,0,75,,1634,13,,,0,75,,1630,13,,,0,35,,1635,13,,,0,75,,1636,13,,,0,35,,1618,13,,,0,75,,1619,13,,,0,16,,3448,13,,,0,115,,3450,13,,,0,155,,3451,13,,,0,115,,3452,13,,,0,115,,3449,13,,,0,115,,3453,13,,,0
1901,'5102',730,,5498,13,,,0,20,,5494,13,,,0,60,,5495,13,,,0,20,,5493,13,,,0,19,,5474,13,,,0,60,,5489,13,,,0,21,,5472,13,,,0,75,,5473,13,,,0,35,,5470,13,,,0,75,,5475,13,,,0,35,,5476,13,,,0,75,,5477,13,,,0,75,,5481,13,,,0,35,,5478,13,,,0,75,,5479,13,,,0,37,,5482,13,,,0,61,,5499,13,,,0,2,,5467,13,,,0,17,,5480,13,,,0,20,,5466,13,,,0,60,,5485,13,,,0,20,,5468,13,,,0,20,,5486,13,,,0,59,,5469,13,,,0,20,,5484,13,,,0,19,,5471,13,,,0,60,,5488,13,,,0,35,,5491,13,,,0,75,,5490,13,,,0,34,,5483,13,,,0,75,,5487,13,,,0,35,,5492,13,,,0,63,,5497,13,,,0,115,,5496,13,,,0
1901,'5105',754,,5508,13,,,0,75,,5510,13,,,0,75,,5512,13,,,0,35,,5509,13,,,0,75,,5514,13,,,0,35,,5511,13,,,0,75,,5515,13,,,0,35,,5516,13,,,0,75,,5519,13,,,0,75,,5520,13,,,0,35,,5513,13,,,0,75,,5517,13,,,0,35,,5521,13,,,0,75,,5522,13,,,0,75,,5518,13,,,0,35,,5523,13,,,0,75,,5524,13,,,0,35,,5506,13,,,0,75,,5507,13,,,0,16,,5500,13,,,0,115,,5502,13,,,0,155,,5503,13,,,0,115,,5504,13,,,0,115,,5501,13,,,0,115,,5505,13,,,0
