1400,'4327',830,,5121,24,,,0,103,,5122,24,,,0,100,,5120,24,,,0,100,,5117,24,,,0,100,,5119,24,,,0,100,,5123,24,,,0,100,,5118,24,,,0,100,,5129,24,,,0,100,,5130,24,,,0,100,,5126,24,,,0,97,,5127,24,,,0,100,,5125,24,,,0,100,,5128,24,,,0,100,,5124,24,,,0
1400,'4795',707,,1247,24,,,0,30,,3353,24,,,0,71,,1250,24,,,0,33,,3352,24,,,0,70,,1249,24,,,0,30,,3363,24,,,0,100,,3364,24,,,0,100,,3365,24,,,0,100,,3366,24,,,0,100,,3357,24,,,0,100,,3358,24,,,0,100,,3354,24,,,0,69,,1251,24,,,0,30,,3355,24,,,0,70,,1254,24,,,0,30,,3356,24,,,0,69,,1262,24,,,0,28,,3362,24,,,0,100,,3361,24,,,0,100,,3360,24,,,0,100,,3359,24,,,0
1400,'4800',830,,3379,24,,,0,103,,3380,24,,,0,100,,3376,24,,,0,100,,3377,24,,,0,100,,3375,24,,,0,100,,3378,24,,,0,100,,3374,24,,,0,100,,3367,24,,,0,100,,3368,24,,,0,100,,3370,24,,,0,97,,3371,24,,,0,100,,3369,24,,,0,100,,3372,24,,,0,100,,3373,24,,,0
1400,'5102',707,,5133,24,,,0,30,,5134,24,,,0,71,,5135,24,,,0,33,,5131,24,,,0,70,,5132,24,,,0,30,,5149,24,,,0,100,,5148,24,,,0,100,,5150,24,,,0,100,,5151,24,,,0,100,,5141,24,,,0,100,,5142,24,,,0,100,,5137,24,,,0,69,,5136,24,,,0,30,,5138,24,,,0,70,,5139,24,,,0,30,,5140,24,,,0,69,,5147,24,,,0,28,,5146,24,,,0,100,,5145,24,,,0,100,,5144,24,,,0,100,,5143,24,,,0
1400,'5105',830,,5164,24,,,0,103,,5165,24,,,0,100,,5161,24,,,0,100,,5162,24,,,0,100,,5160,24,,,0,100,,5163,24,,,0,100,,5159,24,,,0,100,,5152,24,,,0,100,,5153,24,,,0,100,,5155,24,,,0,97,,5156,24,,,0,100,,5154,24,,,0,100,,5157,24,,,0,100,,5158,24,,,0
9700,'4327',744,,6184,12,,,0,70,,6181,12,,,0,31,,6185,12,,,0,70,,6183,12,,,0,32,,6157,12,,,0,71,,6182,12,,,0,34,,6158,12,,,0,71,,6178,12,,,0,31,,6159,12,,,0,70,,6180,12,,,0,31,,6161,12,,,0,70,,6179,12,,,0,30,,6162,12,,,0,70,,6176,12,,,0,30,,6163,12,,,0,69,,6177,12,,,0,30,,6167,12,,,0,70,,6173,12,,,0,29,,6168,12,,,0,69,,6172,12,,,0,29,,6160,12,,,0,70,,6174,12,,,0,30,,6165,12,,,0,68,,6171,12,,,0,27,,6166,12,,,0,69,,6175,12,,,0,30,,6164,12,,,0,69,,6186,12,,,0,30,,6169,12,,,0,70,,6188,12,,,0,28,,6170,12,,,0,100,,6187,12,,,0
9700,'4795',549,,3654,3,,,0,110,,3647,12,,,0,55,,3645,12,,,0,17,,3653,12,,,0,20,,3650,12,,,0,55,,3641,12,,,0,45,,3648,12,,,0,53,,3637,12,,,0,13,,3646,12,,,0,29,,3655,12,,,0,54,,3649,12,,,0,17,,3640,12,,,0,86,,3651,12,,,0,16,,3634,12,,,0,30,,3656,12,,,0,55,,3652,12,,,0,16,,3643,12,,,0,88,,3632,12,,,0,16,,3639,12,,,0,32,,3657,12,,,0,55,,3630,12,,,0,15,,3644,12,,,0,89,,3633,12,,,0,17,,3638,12,,,0,16,,3629,12,,,0,70,,3658,12,,,0,15,,3627,12,,,0,15,,3642,12,,,0,87,,3631,12,,,0,18,,3635,12,,,0,59,,3628,12,,,0,38,,3626,12,,,0,100,,3636,12,,,0,62,,3659,12,,,0,126,,3660,12,,,0,62,,3661,12,,,0,134,,3662,12,,,0,179,,3663,12,,,0
9700,'4796',626,,3671,3,,,0,18,,3679,12,,,0,177,,3672,12,,,0,15,,3680,12,,,0,95,,3670,12,,,0,102,,3673,12,,,0,15,,3678,12,,,0,86,,3674,12,,,0,102,,3676,12,,,0,16,,3682,12,,,0,88,,3675,12,,,0,102,,3668,12,,,0,16,,3681,12,,,0,145,,3684,12,,,0,100,,3667,12,,,0,15,,3677,12,,,0,114,,3683,12,,,0,77,,3666,12,,,0,19,,3669,12,,,0,106,,3685,12,,,0,25,,3686,12,,,0,59,,3694,12,,,0,104,,3687,12,,,0,23,,3688,12,,,0,65,,3689,12,,,0,49,,3690,12,,,0,65,,3691,12,,,0,24,,3692,12,,,0,90,,3693,12,,,0
9700,'4799',626,,3700,3,,,0,18,,3708,12,,,0,177,,3701,12,,,0,15,,3709,12,,,0,95,,3699,12,,,0,102,,3702,12,,,0,15,,3707,12,,,0,86,,3703,12,,,0,102,,3705,12,,,0,16,,3711,12,,,0,88,,3704,12,,,0,102,,3697,12,,,0,16,,3710,12,,,0,145,,3713,12,,,0,100,,3696,12,,,0,15,,3706,12,,,0,114,,3712,12,,,0,77,,3695,12,,,0,19,,3698,12,,,0,106,,3715,12,,,0,25,,3716,12,,,0,59,,3725,12,,,0,104,,3717,12,,,0,23,,3718,12,,,0,65,,3719,12,,,0,49,,3720,12,,,0,65,,3721,12,,,0,24,,3722,12,,,0,90,,3723,12,,,0,65,,3724,12,,,0,25,,3714,12,,,0
9700,'4800',742,,3731,12,,,0,70,,3727,12,,,0,32,,3732,12,,,0,70,,3726,12,,,0,30,,3730,12,,,0,73,,3728,12,,,0,32,,3734,12,,,0,71,,3736,12,,,0,31,,3729,12,,,0,71,,3733,12,,,0,30,,3739,12,,,0,70,,3738,12,,,0,30,,3735,12,,,0,70,,3740,12,,,0,30,,3737,12,,,0,70,,3741,12,,,0,28,,3742,12,,,0,69,,3743,12,,,0,29,,3745,12,,,0,70,,3747,12,,,0,30,,3748,12,,,0,76,,3744,12,,,0,28,,3749,12,,,0,69,,3746,12,,,0,30,,3750,12,,,0,69,,3763,12,,,0,30,,3753,12,,,0,70,,3756,12,,,0,30,,3751,12,,,0,69,,3757,12,,,0,27,,3754,12,,,0,69,,3758,12,,,0,30,,3752,12,,,0,70,,3759,12,,,0,29,,3755,12,,,0,70,,3760,12,,,0,30,,3761,12,,,0,70,,3762,12,,,0
9700,'5102',549,,6214,3,,,0,77,,6244,3,,,0,23,,6211,12,,,0,61,,6203,12,,,0,21,,6206,12,,,0,26,,6210,12,,,0,63,,6204,12,,,0,21,,6208,12,,,0,60,,6207,12,,,0,20,,6200,12,,,0,20,,6197,12,,,0,63,,6217,12,,,0,28,,6209,12,,,0,68,,6213,12,,,0,31,,6198,12,,,0,69,,6219,12,,,0,29,,6205,12,,,0,29,,6216,12,,,0,69,,6202,12,,,0,21,,6242,12,,,0,60,,6220,12,,,0,19,,6240,12,,,0,20,,6215,12,,,0,60,,6196,12,,,0,22,,6201,12,,,0,20,,6218,12,,,0,61,,6223,12,,,0,20,,6192,12,,,0,20,,6191,12,,,0,59,,6212,12,,,0,17,,6195,12,,,0,17,,6193,12,,,0,58,,6235,12,,,0,17,,6236,12,,,0,18,,6237,12,,,0,17,,6189,12,,,0,58,,6190,12,,,0,19,,6241,12,,,0,19,,6194,12,,,0,60,,6199,12,,,0,19,,6225,12,,,0,23,,6226,12,,,0,63,,6239,12,,,0,22,,6238,12,,,0,65,,6222,12,,,0,24,,6227,12,,,0,22,,6224,12,,,0,65,,6228,12,,,0,23,,6229,12,,,0,65,,6230,12,,,0,25,,6231,12,,,0,25,,6232,12,,,0,64,,6233,12,,,0,25,,6234,12,,,0
9700,'5105',743,,6250,12,,,0,70,,6246,12,,,0,32,,6251,12,,,0,72,,6245,12,,,0,31,,6249,12,,,0,73,,6247,12,,,0,32,,6253,12,,,0,71,,6255,12,,,0,33,,6248,12,,,0,73,,6252,12,,,0,72,,6258,12,,,0,32,,6257,12,,,0,72,,6254,12,,,0,32,,6259,12,,,0,72,,6256,12,,,0,31,,6260,12,,,0,71,,6261,12,,,0,30,,6263,12,,,0,72,,6265,12,,,0,32,,6266,12,,,0,72,,6262,12,,,0,30,,6267,12,,,0,71,,6264,12,,,0,32,,6268,12,,,0,69,,6279,12,,,0,32,,6271,12,,,0,70,,6274,12,,,0,30,,6269,12,,,0,69,,6275,12,,,0,27,,6272,12,,,0,69,,6276,12,,,0,30,,6270,12,,,0,70,,6277,12,,,0,29,,6273,12,,,0
