2400,'4327',808,,5912,5,,,0,107,,5914,5,,,0,104,,5913,5,,,0,107,,5915,5,,,0,102,,5917,5,,,0,108,,5918,5,,,0,103,,5916,5,,,0,92,,5919,5,,,0,108,,5920,5,,,0,101,,5922,5,,,0,102,,5921,5,,,0
2400,'4795',547,,2035,5,,,0,104,,2036,5,,,0,72,,2037,5,,,0,105,,2038,5,,,0,29,,2040,5,,,0,70,,3568,5,,,0,108,,2041,5,,,0,104,,3569,5,,,0,104,,2043,5,,,0,106,,3570,5,,,0,151,,2045,5,,,0,32,,3571,5,,,0,72,,2048,5,,,0,32,,2046,5,,,0,72,,2050,5,,,0,32,,2049,5,,,0,80,,3572,5,,,0,97,,2052,5,,,0,116,,3573,5,,,0,101,,2053,5,,,0,103,,3574,5,,,0
2400,'4800',716,,2060,5,,,0,100,,2061,5,,,0,143,,2057,5,,,0,150,,2056,5,,,0,104,,2058,5,,,0,106,,2059,5,,,0,129,,2063,5,,,0,91,,2062,5,,,0,161,,2064,5,,,0,25,,2067,5,,,0,108,,2066,5,,,0,105,,2068,5,,,0,105,,2065,5,,,0
2400,'5102',547,,5923,5,,,0,104,,5924,5,,,0,72,,5925,5,,,0,105,,5926,5,,,0,29,,5928,5,,,0,70,,5927,5,,,0,108,,5929,5,,,0,104,,5930,5,,,0,104,,5931,5,,,0,106,,5932,5,,,0,151,,5934,5,,,0,32,,5935,5,,,0,72,,5936,5,,,0,32,,5933,5,,,0,72,,5938,5,,,0,32,,5937,5,,,0,80,,5939,5,,,0,97,,5940,5,,,0,116,,5942,5,,,0,101,,5941,5,,,0,103,,5943,5,,,0
2400,'5105',716,,5948,5,,,0,100,,5949,5,,,0,143,,5945,5,,,0,150,,5944,5,,,0,104,,5946,5,,,0,106,,5947,5,,,0,129,,5951,5,,,0,91,,5950,5,,,0,161,,5952,5,,,0,25,,5955,5,,,0,108,,5954,5,,,0,105,,5956,5,,,0,105,,5953,5,,,0
2600,'4327',1056,,6040,5,,,0,268,,6041,5,,,0,291,,6042,5,,,0,303,,6043,5,,,0
2600,'4795',553,,2156,5,,,0,75,,2157,5,,,0,79,,2158,5,,,0,37,,2160,5,,,0,76,,2159,5,,,0,38,,2161,5,,,0,159,,2162,5,,,0,124,,2163,5,,,0,176,,2164,5,,,0,134,,2166,5,,,0,78,,2168,5,,,0,79,,2167,5,,,0,35,,2165,5,,,0,76,,2169,5,,,0,121,,2170,5,,,0,198,,2172,5,,,0,175,,2171,5,,,0
2600,'4800',730,,2174,5,,,0,114,,2173,5,,,0,168,,2178,5,,,0,133,,2179,5,,,0,172,,2180,5,,,0,136,,2175,5,,,0,163,,2177,5,,,0,90,,2176,5,,,0,197,,2181,5,,,0,28,,2182,5,,,0,177,,2183,5,,,0
2600,'5102',553,,6044,5,,,0,75,,6045,5,,,0,79,,6046,5,,,0,37,,6048,5,,,0,76,,6047,5,,,0,38,,6049,5,,,0,159,,6050,5,,,0,124,,6051,5,,,0,176,,6052,5,,,0,134,,6054,5,,,0,78,,6056,5,,,0,79,,6055,5,,,0,35,,6053,5,,,0,76,,6057,5,,,0,121,,6058,5,,,0,198,,6060,5,,,0,175,,6059,5,,,0
2600,'5105',730,,6062,5,,,0,114,,6061,5,,,0,168,,6066,5,,,0,133,,6067,5,,,0,172,,6068,5,,,0,136,,6063,5,,,0,163,,6065,5,,,0,90,,6064,5,,,0,197,,6069,5,,,0,28,,6070,5,,,0,177,,6071,5,,,0
