200,'4327',839,,4115,17,,,0,100,,4120,17,,,0,170,,4114,17,,,0,100,,4123,17,,,0,130,,4117,17,,,0,115,,4122,17,,,0,155,,4118,17,,,0,115,,4124,17,,,0,129,,4116,17,,,0,255,,4119,17,,,0,145,,4121,17,,,0
200,'4795',737,,192,17,,,0,63,,202,17,,,0,31,,191,17,,,0,69,,203,17,,,0,28,,193,17,,,0,182,,209,17,,,0,235,,208,17,,,0,90,,206,17,,,0,67,,196,17,,,0,23,,205,17,,,0,33,,194,17,,,0,69,,204,17,,,0,28,,197,17,,,0,70,,207,17,,,0,25,,195,17,,,0,99,,198,17,,,0,101,,2759,17,,,0,154,,2760,17,,,0,55,,199,17,,,0
200,'4800',723,,2761,17,,,0,116,,211,17,,,0,115,,217,17,,,0,155,,210,17,,,0,115,,218,17,,,0,115,,213,17,,,0,115,,2762,17,,,0,155,,214,17,,,0,115,,219,17,,,0,114,,212,17,,,0,100,,222,17,,,0,170,,215,17,,,0,145,,221,17,,,0
200,'5102',737,,4126,17,,,0,63,,4136,17,,,0,31,,4125,17,,,0,69,,4137,17,,,0,28,,4127,17,,,0,182,,4143,17,,,0,235,,4142,17,,,0,90,,4140,17,,,0,67,,4132,17,,,0,23,,4139,17,,,0,33,,4130,17,,,0,69,,4138,17,,,0,28,,4128,17,,,0,70,,4141,17,,,0,25,,4131,17,,,0,99,,4129,17,,,0,101,,4134,17,,,0,154,,4135,17,,,0,55,,4133,17,,,0
200,'5105',723,,4150,17,,,0,116,,4145,17,,,0,115,,4151,17,,,0,155,,4144,17,,,0,115,,4152,17,,,0,115,,4147,17,,,0,115,,4154,17,,,0,155,,4148,17,,,0,115,,4153,17,,,0,114,,4146,17,,,0,100,,4156,17,,,0,170,,4149,17,,,0,145,,4155,17,,,0
600,'4327',902,,4337,24,,,0,120,,4338,24,,,0,120,,4339,24,,,0,160,,4341,24,,,0,120,,4343,24,,,0,120,,4344,24,,,0,160,,4340,24,,,0,120,,4342,24,,,0
600,'4795',714,,417,24,,,0,35,,2765,24,,,0,75,,416,24,,,0,35,,2766,24,,,0,75,,424,24,,,0,110,,425,24,,,0,110,,426,24,,,0,150,,422,24,,,0,111,,423,24,,,0,35,,430,24,,,0,75,,421,24,,,0,75,,429,24,,,0,35,,420,24,,,0,75,,432,24,,,0,35,,419,24,,,0,74,,433,24,,,0,35,,418,24,,,0,150,,434,24,,,0,110,,431,24,,,0,112,,435,24,,,0
600,'4800',825,,445,24,,,0,100,,437,24,,,0,100,,2767,24,,,0,100,,439,24,,,0,100,,441,24,,,0,100,,438,24,,,0,100,,442,24,,,0,100,,443,24,,,0,100,,440,24,,,0,100,,2768,24,,,0
600,'5102',714,,4346,24,,,0,110,,4345,24,,,0,110,,4354,24,,,0,110,,4355,24,,,0,110,,4353,24,,,0,150,,4352,24,,,0,111,,4351,24,,,0,35,,4357,24,,,0,75,,4350,24,,,0,75,,4356,24,,,0,35,,4349,24,,,0,75,,4359,24,,,0,35,,4348,24,,,0,74,,4360,24,,,0,35,,4347,24,,,0,150,,4361,24,,,0,110,,4358,24,,,0
600,'5105',825,,4371,24,,,0,100,,4363,24,,,0,100,,4362,24,,,0,100,,4365,24,,,0,100,,4367,24,,,0,100,,4364,24,,,0,100,,4368,24,,,0,100,,4369,24,,,0,100,,4366,24,,,0,100,,4370,24,,,0
1801,'4327',828,,5332,18,,,0,115,,5333,18,,,0,160,,5330,18,,,0,115,,5331,18,,,0,120,,5329,18,,,0,115,,5328,18,,,0,160,,5334,18,,,0,115,,5335,18,,,0,119,,5336,18,,,0,155,,5337,18,,,0,115,,5338,18,,,0,115,,5339,18,,,0
1801,'4795',639,,3434,18,,,0,108,,1474,18,,,0,66,,1454,18,,,0,26,,1475,18,,,0,69,,1455,18,,,0,28,,1478,18,,,0,67,,1457,18,,,0,40,,1456,18,,,0,80,,1461,18,,,0,80,,1462,18,,,0,40,,1464,18,,,0,80,,1463,18,,,0,81,,1458,18,,,0,40,,1459,18,,,0,68,,1477,18,,,0,28,,1460,18,,,0,68,,1476,18,,,0,28,,1473,18,,,0,69,,1479,18,,,0,27,,1467,18,,,0,70,,1480,18,,,0,28,,1466,18,,,0,95,,1470,18,,,0,77,,1469,18,,,0,40,,1468,18,,,0,160,,1471,18,,,0,109,,1465,18,,,0
1801,'4800',758,,3437,18,,,0,143,,1487,18,,,0,100,,1488,18,,,0,100,,3441,18,,,0,100,,1492,18,,,0,100,,1489,18,,,0,100,,1490,18,,,0,100,,1493,18,,,0,100,,1494,18,,,0,100,,1495,18,,,0,100,,3442,18,,,0,126,,3438,18,,,0,115,,3440,18,,,0,115,,3436,18,,,0,155,,3439,18,,,0,115,,3435,18,,,0
1801,'5102',639,,5358,18,,,0,108,,5360,18,,,0,66,,5340,18,,,0,26,,5361,18,,,0,69,,5341,18,,,0,28,,5364,18,,,0,67,,5343,18,,,0,40,,5342,18,,,0,80,,5347,18,,,0,80,,5348,18,,,0,40,,5350,18,,,0,80,,5349,18,,,0,81,,5345,18,,,0,40,,5346,18,,,0,68,,5363,18,,,0,28,,5344,18,,,0,68,,5362,18,,,0,28,,5359,18,,,0,69,,5365,18,,,0,27,,5353,18,,,0,70,,5366,18,,,0,28,,5352,18,,,0,95,,5356,18,,,0,77,,5355,18,,,0,40,,5354,18,,,0,160,,5357,18,,,0,109,,5351,18,,,0
1801,'5105',758,,5369,18,,,0,143,,5373,18,,,0,100,,5374,18,,,0,100,,5377,18,,,0,100,,5378,18,,,0,100,,5375,18,,,0,100,,5376,18,,,0,100,,5379,18,,,0,100,,5380,18,,,0,100,,5381,18,,,0,100,,5382,18,,,0,126,,5370,18,,,0,115,,5372,18,,,0,115,,5368,18,,,0,155,,5371,18,,,0,115,,5367,18,,,0
