600,'4528',657,,7148,7,,,0,150,,7147,7,,,0,110,,7156,7,,,0,110,,7157,7,,,0,110,,7155,7,,,0,110,,7154,7,,,0,110,,7153,7,,,0,75,,7159,7,,,0,75,,7152,7,,,0,35,,7158,7,,,0,75,,7151,7,,,0,35,,7161,7,,,0,75,,7150,7,,,0,75,,7162,7,,,0,35,,7149,7,,,0,110,,7163,7,,,0,110,,7160,7,,,0
600,'5272',847,,7164,7,,,0,160,,7165,7,,,0,120,,7166,7,,,0,120,,7168,7,,,0,160,,7170,7,,,0,120,,7171,7,,,0,120,,7167,7,,,0,160,,7169,7,,,0
600,'5282',810,,7181,7,,,0,100,,7173,7,,,0,100,,7172,7,,,0,100,,7175,7,,,0,100,,7177,7,,,0,100,,7174,7,,,0,100,,7178,7,,,0,100,,7179,7,,,0,100,,7176,7,,,0,100,,7180,7,,,0
1800,'4528',625,,8085,23,4,,0,106,,8086,23,4,,0,27,,8067,23,4,,0,66,,8087,23,4,,0,29,,8068,23,4,,0,68,,8090,23,4,,0,27,,8069,23,4,,0,80,,8074,23,4,,0,80,,8073,23,4,,0,40,,8070,23,4,,0,80,,8071,23,4,,0,80,,8066,23,4,,0,40,,8078,23,4,,0,80,,8072,23,4,,0,28,,8089,23,4,,0,67,,8077,23,4,,0,29,,8088,23,4,,0,68,,8076,23,4,,0,30,,8091,23,4,,0,66,,8075,23,4,,0,30,,8092,23,4,,0,70,,8079,23,4,,0,95,,8081,23,4,,0,37,,8080,23,4,,0,80,,8083,23,4,,0,83,,8082,23,4,,0,115,,8084,23,4,,0
1800,'5272',744,,8105,23,4,,0,103,,8098,23,4,,0,155,,8097,23,4,,0,120,,8096,23,4,,0,115,,8095,23,4,,0,120,,8094,23,4,,0,155,,8093,23,4,,0,120,,8099,23,4,,0,115,,8100,23,4,,0,157,,8101,23,4,,0,115,,8102,23,4,,0,115,,8103,23,4,,0,115,,8104,23,4,,0
1800,'5282',744,,8116,23,4,,0,102,,8108,23,4,,0,100,,8109,23,4,,0,100,,8107,23,4,,0,100,,8106,23,4,,0,100,,8110,23,4,,0,100,,8111,23,4,,0,100,,8112,23,4,,0,100,,8113,23,4,,0,100,,8114,23,4,,0,100,,8115,23,4,,0,83,,8117,23,4,,0,115,,8118,23,4,,0,115,,8119,23,4,,0,155,,8120,23,4,,0,115,,8121,23,4,,0,115,,8122,23,4,,0
1801,'4528',625,,8141,1,,,0,107,,8143,1,,,0,26,,8123,1,,,0,66,,8144,1,,,0,29,,8124,1,,,0,68,,8147,1,,,0,27,,8126,1,,,0,80,,8125,1,,,0,80,,8130,1,,,0,40,,8131,1,,,0,80,,8133,1,,,0,80,,8132,1,,,0,40,,8128,1,,,0,80,,8129,1,,,0,28,,8146,1,,,0,68,,8127,1,,,0,28,,8145,1,,,0,68,,8142,1,,,0,30,,8148,1,,,0,67,,8136,1,,,0,30,,8149,1,,,0,69,,8134,1,,,0,95,,8139,1,,,0,37,,8138,1,,,0,80,,8137,1,,,0,120,,8140,1,,,0,109,,8135,1,,,0
1801,'5272',813,,8154,1,,,0,115,,8155,1,,,0,120,,8152,1,,,0,155,,8153,1,,,0,120,,8151,1,,,0,115,,8150,1,,,0,120,,8156,1,,,0,155,,8157,1,,,0,120,,8158,1,,,0,115,,8159,1,,,0,155,,8160,1,,,0,115,,8161,1,,,0
1801,'5282',744,,8164,1,,,0,102,,8168,1,,,0,100,,8169,1,,,0,100,,8172,1,,,0,100,,8173,1,,,0,100,,8170,1,,,0,100,,8171,1,,,0,100,,8174,1,,,0,100,,8175,1,,,0,100,,8176,1,,,0,100,,8177,1,,,0,167,,8165,1,,,0,115,,8167,1,,,0,115,,8163,1,,,0,115,,8166,1,,,0,155,,8162,1,,,0
1900,'4528',719,,8210,17,4,,0,20,,8209,17,4,,0,20,,8206,17,4,,0,60,,8207,17,4,,0,19,,8184,17,4,,0,20,,8204,17,4,,0,61,,8183,17,4,,0,35,,8190,17,4,,0,75,,8187,17,4,,0,75,,8185,17,4,,0,35,,8186,17,4,,0,75,,8188,17,4,,0,35,,8189,17,4,,0,75,,8192,17,4,,0,35,,8193,17,4,,0,76,,8197,17,4,,0,23,,8179,17,4,,0,57,,8194,17,4,,0,20,,8180,17,4,,0,20,,8195,17,4,,0,60,,8178,17,4,,0,20,,8191,17,4,,0,20,,8181,17,4,,0,60,,8198,17,4,,0,19,,8182,17,4,,0,20,,8196,17,4,,0,75,,8199,17,4,,0,75,,8201,17,4,,0,34,,8202,17,4,,0,75,,8200,17,4,,0,35,,8203,17,4,,0,100,,8208,17,4,,0,109,,8205,17,4,,0
1900,'5272',813,,8216,17,4,,0,115,,8215,17,4,,0,120,,8214,17,4,,0,155,,8213,17,4,,0,120,,8212,17,4,,0,115,,8211,17,4,,0,120,,8217,17,4,,0,155,,8218,17,4,,0,120,,8220,17,4,,0,115,,8219,17,4,,0,155,,8221,17,4,,0,115,,8222,17,4,,0
1900,'5282',743,,8224,17,4,,0,75,,8225,17,4,,0,35,,8226,17,4,,0,75,,8223,17,4,,0,75,,8227,17,4,,0,35,,8229,17,4,,0,75,,8230,17,4,,0,35,,8231,17,4,,0,75,,8228,17,4,,0,35,,8232,17,4,,0,75,,8234,17,4,,0,75,,8235,17,4,,0,35,,8236,17,4,,0,75,,8233,17,4,,0,35,,8237,17,4,,0,75,,8238,17,4,,0,75,,8239,17,4,,0,35,,8240,17,4,,0,75,,8241,17,4,,0,100,,8242,17,4,,0,115,,8243,17,4,,0,115,,8244,17,4,,0,115,,8246,17,4,,0,155,,8245,17,4,,0
1901,'4528',719,,8279,1,,,0,20,,8275,1,,,0,20,,8276,1,,,0,60,,8274,1,,,0,19,,8255,1,,,0,20,,8270,1,,,0,61,,8253,1,,,0,35,,8254,1,,,0,75,,8251,1,,,0,75,,8256,1,,,0,35,,8257,1,,,0,75,,8258,1,,,0,35,,8262,1,,,0,75,,8259,1,,,0,35,,8260,1,,,0,76,,8263,1,,,0,23,,8248,1,,,0,57,,8261,1,,,0,20,,8247,1,,,0,20,,8266,1,,,0,60,,8249,1,,,0,20,,8267,1,,,0,20,,8250,1,,,0,60,,8265,1,,,0,19,,8252,1,,,0,20,,8269,1,,,0,75,,8272,1,,,0,75,,8271,1,,,0,34,,8264,1,,,0,75,,8268,1,,,0,35,,8273,1,,,0,63,,8278,1,,,0,115,,8277,1,,,0
1901,'5272',744,,8292,1,,,0,103,,8285,1,,,0,155,,8284,1,,,0,120,,8283,1,,,0,115,,8282,1,,,0,120,,8281,1,,,0,155,,8280,1,,,0,120,,8286,1,,,0,115,,8287,1,,,0,157,,8288,1,,,0,115,,8289,1,,,0,115,,8290,1,,,0,115,,8291,1,,,0
1901,'5282',743,,8301,1,,,0,75,,8303,1,,,0,35,,8305,1,,,0,75,,8302,1,,,0,75,,8307,1,,,0,35,,8304,1,,,0,75,,8308,1,,,0,35,,8309,1,,,0,75,,8312,1,,,0,35,,8313,1,,,0,75,,8306,1,,,0,75,,8310,1,,,0,35,,8314,1,,,0,75,,8315,1,,,0,35,,8311,1,,,0,75,,8316,1,,,0,75,,8317,1,,,0,35,,8299,1,,,0,75,,8300,1,,,0,16,,8293,1,,,0,115,,8295,1,,,0,115,,8296,1,,,0,155,,8297,1,,,0,115,,8294,1,,,0,115,,8298,1,,,0
