801,'4327',654,,4555,8,,,0,75,,4556,8,,,0,75,,4557,8,,,0,36,,4558,8,,,0,75,,4559,8,,,0,35,,4560,8,,,0,75,,4561,8,,,0,75,,4563,8,,,0,30,,4564,8,,,0,70,,4565,8,,,0,30,,4562,8,,,0,70,,4568,8,,,0,30,,4569,8,,,0,70,,4566,8,,,0,30,,4567,8,,,0,70,,4570,8,,,0,30,,4571,8,,,0,70,,4572,8,,,0,30,,4574,8,,,0,70,,4575,8,,,0,30,,4576,8,,,0,29,,4573,8,,,0,70,,4577,8,,,0,30,,4578,8,,,0,70,,4579,8,,,0,30,,4580,8,,,0,85,,4581,8,,,0,85,,4582,8,,,0,85,,4583,8,,,0,45,,4552,8,,,0,85,,4553,8,,,0
801,'4795',555,,2938,8,,,0,90,,2940,8,,,0,62,,2942,8,,,0,15,,2943,8,,,0,15,,2944,8,,,0,15,,2945,8,,,0,55,,2946,8,,,0,15,,2947,8,,,0,15,,2948,8,,,0,15,,2949,8,,,0,55,,2950,8,,,0,15,,2951,8,,,0,15,,2952,8,,,0,15,,2953,8,,,0,55,,2954,8,,,0,15,,2955,8,,,0,15,,2956,8,,,0,15,,2957,8,,,0,55,,2958,8,,,0,15,,2959,8,,,0,15,,2960,8,,,0,15,,2961,8,,,0,55,,2962,8,,,0,15,,2963,8,,,0,15,,2964,8,,,0,15,,2965,8,,,0,55,,2966,8,,,0,15,,2967,8,,,0,15,,2968,8,,,0,15,,2969,8,,,0,55,,2970,8,,,0,15,,2971,8,,,0,15,,2972,8,,,0,16,,2973,8,,,0,55,,2974,8,,,0,18,,2975,8,,,0,16,,2976,8,,,0,15,,2977,8,,,0,56,,2978,8,,,0,16,,2979,8,,,0,16,,2980,8,,,0,56,,2981,8,,,0,15,,2982,8,,,0,16,,2983,8,,,0,15,,2984,8,,,0,56,,2985,8,,,0,16,,2986,8,,,0,16,,2987,8,,,0,16,,2988,8,,,0,57,,2989,8,,,0,18,,2990,8,,,0,25,,2991,8,,,0,66,,2992,8,,,0,24,,2993,8,,,0,65,,2994,8,,,0,25,,2995,8,,,0,25,,2996,8,,,0,85,,2997,8,,,0,84,,2998,8,,,0,85,,2999,8,,,0,45,,3000,8,,,0
801,'4800',654,,3032,8,,,0,75,,3015,8,,,0,75,,3022,8,,,0,36,,3031,8,,,0,75,,3014,8,,,0,35,,3024,8,,,0,75,,3030,8,,,0,30,,3004,8,,,0,70,,3013,8,,,0,25,,3019,8,,,0,65,,3029,8,,,0,25,,761,8,,,0,60,,3002,8,,,0,20,,3012,8,,,0,20,,3034,8,,,0,60,,3018,8,,,0,20,,3027,8,,,0,20,,763,8,,,0,60,,3001,8,,,0,20,,3010,8,,,0,20,,3033,8,,,0,60,,3016,8,,,0,20,,3026,8,,,0,20,,764,8,,,0,60,,3003,8,,,0,20,,3011,8,,,0,19,,3035,8,,,0,20,,3017,8,,,0,60,,3028,8,,,0,20,,759,8,,,0,20,,3005,8,,,0,70,,3007,8,,,0,30,,3020,8,,,0,85,,3006,8,,,0,85,,3023,8,,,0,85,,3008,8,,,0,45,,3021,8,,,0,84,,3009,8,,,0,85,,749,8,,,0
801,'5102',555,,4584,8,,,0,90,,4586,8,,,0,62,,4588,8,,,0,15,,4589,8,,,0,15,,4591,8,,,0,15,,4592,8,,,0,55,,4593,8,,,0,15,,4590,8,,,0,15,,4595,8,,,0,15,,4596,8,,,0,55,,4597,8,,,0,15,,4594,8,,,0,15,,4598,8,,,0,15,,4599,8,,,0,55,,4600,8,,,0,15,,4601,8,,,0,15,,4602,8,,,0,15,,4603,8,,,0,55,,4604,8,,,0,15,,4606,8,,,0,15,,4607,8,,,0,15,,4609,8,,,0,55,,4605,8,,,0,15,,4610,8,,,0,15,,4611,8,,,0,15,,4608,8,,,0,55,,4612,8,,,0,15,,4613,8,,,0,15,,4614,8,,,0,15,,4615,8,,,0,55,,4616,8,,,0,15,,4617,8,,,0,15,,4619,8,,,0,16,,4621,8,,,0,55,,4618,8,,,0,18,,4623,8,,,0,16,,4624,8,,,0,15,,4625,8,,,0,56,,4626,8,,,0,16,,4627,8,,,0,16,,4628,8,,,0,56,,4630,8,,,0,15,,4632,8,,,0,16,,4633,8,,,0,15,,4629,8,,,0,56,,4634,8,,,0,16,,4631,8,,,0,16,,4635,8,,,0,16,,4636,8,,,0,57,,4637,8,,,0,18,,4638,8,,,0,25,,4639,8,,,0,66,,4640,8,,,0,24,,4641,8,,,0,65,,4642,8,,,0,25,,4643,8,,,0,25,,4644,8,,,0,85,,4646,8,,,0,84,,4647,8,,,0,85,,4648,8,,,0,45,,4645,8,,,0
801,'5105',654,,4681,8,,,0,75,,4663,8,,,0,75,,4670,8,,,0,36,,4680,8,,,0,75,,4662,8,,,0,35,,4673,8,,,0,75,,4679,8,,,0,30,,4652,8,,,0,70,,4661,8,,,0,25,,4667,8,,,0,65,,4678,8,,,0,25,,4684,8,,,0,60,,4650,8,,,0,20,,4660,8,,,0,20,,4685,8,,,0,60,,4666,8,,,0,20,,4676,8,,,0,20,,4686,8,,,0,60,,4649,8,,,0,20,,4658,8,,,0,20,,4683,8,,,0,60,,4664,8,,,0,20,,4675,8,,,0,20,,4687,8,,,0,60,,4651,8,,,0,20,,4659,8,,,0,19,,4688,8,,,0,20,,4665,8,,,0,60,,4677,8,,,0,20,,4682,8,,,0,20,,4653,8,,,0,70,,4655,8,,,0,30,,4668,8,,,0,85,,4654,8,,,0,85,,4671,8,,,0,85,,4656,8,,,0,45,,4669,8,,,0,84,,4657,8,,,0,85,,4672,8,,,0
1400,'4327',834,,5121,31,,,0,105,,5122,31,,,0,100,,5120,31,,,0,100,,5117,31,,,0,100,,5119,31,,,0,100,,5123,31,,,0,100,,5118,31,,,0,100,,5129,31,,,0,100,,5130,31,,,0,100,,5126,31,,,0,95,,5127,31,,,0,100,,5125,31,,,0,100,,5128,31,,,0,100,,5124,31,,,0
1400,'4795',713,,1247,31,,,0,30,,3353,31,,,0,71,,1250,31,,,0,33,,3352,31,,,0,70,,1249,31,,,0,30,,3363,31,,,0,100,,3364,31,,,0,100,,3365,31,,,0,100,,3366,31,,,0,100,,3357,31,,,0,100,,3358,31,,,0,100,,3354,31,,,0,69,,1251,31,,,0,30,,3355,31,,,0,70,,1254,31,,,0,30,,3356,31,,,0,69,,1262,31,,,0,28,,3362,31,,,0,100,,3361,31,,,0,100,,3360,31,,,0,100,,3359,31,,,0
1400,'4800',834,,3379,31,,,0,105,,3380,31,,,0,100,,3376,31,,,0,100,,3377,31,,,0,100,,3375,31,,,0,100,,3378,31,,,0,100,,3374,31,,,0,100,,3367,31,,,0,100,,3368,31,,,0,100,,3370,31,,,0,95,,3371,31,,,0,100,,3369,31,,,0,100,,3372,31,,,0,100,,3373,31,,,0
1400,'5102',713,,5133,31,,,0,30,,5134,31,,,0,71,,5135,31,,,0,33,,5131,31,,,0,70,,5132,31,,,0,30,,5149,31,,,0,100,,5148,31,,,0,100,,5150,31,,,0,100,,5151,31,,,0,100,,5141,31,,,0,100,,5142,31,,,0,100,,5137,31,,,0,69,,5136,31,,,0,30,,5138,31,,,0,70,,5139,31,,,0,30,,5140,31,,,0,69,,5147,31,,,0,28,,5146,31,,,0,100,,5145,31,,,0,100,,5144,31,,,0,100,,5143,31,,,0
1400,'5105',834,,5164,31,,,0,105,,5165,31,,,0,100,,5161,31,,,0,100,,5162,31,,,0,100,,5160,31,,,0,100,,5163,31,,,0,100,,5159,31,,,0,100,,5152,31,,,0,100,,5153,31,,,0,100,,5155,31,,,0,95,,5156,31,,,0,100,,5154,31,,,0,100,,5157,31,,,0,100,,5158,31,,,0
