1101,'4327',732,,4987,3,,,0,100,,4990,3,,,0,100,,4975,3,,,0,100,,4977,3,,,0,100,,4981,3,,,0,100,,4976,3,,,0,100,,4974,3,,,0,100,,4979,3,,,0,100,,4978,3,,,0,100,,4984,3,,,0,100,,4982,3,,,0,100,,4980,3,,,0,100,,4983,3,,,0,100,,4985,3,,,0,100,,4986,3,,,0,100,,4988,3,,,0,100,,4989,3,,,0
1101,'4795',532,,3288,3,,,0,70,,1087,3,,,0,30,,3284,3,,,0,70,,3282,3,,,0,30,,3278,3,,,0,71,,1088,3,,,0,30,,3283,3,,,0,70,,3279,3,,,0,30,,3291,3,,,0,69,,3277,3,,,0,30,,3287,3,,,0,70,,3294,3,,,0,30,,3275,3,,,0,70,,3286,3,,,0,30,,3280,3,,,0,70,,3292,3,,,0,30,,3285,3,,,0,70,,3281,3,,,0,31,,3293,3,,,0,70,,3276,3,,,0,30,,3289,3,,,0,75,,3274,3,,,0,35,,3290,3,,,0,70,,3295,3,,,0,30,,3296,3,,,0,69,,3297,3,,,0,30,,3298,3,,,0,70,,3299,3,,,0,30,,3305,3,,,0,70,,3300,3,,,0,100,,3301,3,,,0,100,,3302,3,,,0,100,,3303,3,,,0,90,,3304,3,0,5 6,0
1101,'4800',702,,3311,3,,,0,30,,3308,3,,,0,70,,3309,3,,,0,30,,3306,3,,,0,70,,3313,3,,,0,30,,3315,3,,,0,70,,3317,3,,,0,30,,3310,3,,,0,70,,3307,3,,,0,30,,3314,3,,,0,70,,3318,3,,,0,30,,3312,3,,,0,70,,3319,3,,,0,30,,3320,3,,,0,70,,3321,3,,,0,30,,3322,3,,,0,70,,3316,3,,,0,30,,3323,3,,,0,70,,3324,3,,,0,30,,3326,3,,,0,70,,3327,3,,,0,30,,3328,3,,,0,70,,3325,3,,,0,30,,3329,3,,,0,70,,3330,3,,,0,100,,3331,3,,,0,100,,3332,3,,,0,100,,3333,3,,,0,100,,3334,3,,,0,100,,3335,3,,,0
1101,'5102',532,,5005,3,,,0,70,,5008,3,,,0,30,,5003,3,,,0,70,,4999,3,,,0,30,,4995,3,,,0,71,,5009,3,,,0,30,,5002,3,,,0,70,,4996,3,,,0,30,,5010,3,,,0,69,,4994,3,,,0,30,,5001,3,,,0,70,,5013,3,,,0,30,,4992,3,,,0,70,,5000,3,,,0,30,,4997,3,,,0,70,,5011,3,,,0,30,,5004,3,,,0,70,,4998,3,,,0,31,,5012,3,,,0,70,,4993,3,,,0,30,,5006,3,,,0,75,,4991,3,,,0,35,,5007,3,,,0,70,,5014,3,,,0,30,,5015,3,,,0,69,,5016,3,,,0,30,,5017,3,,,0,70,,5018,3,,,0,30,,5024,3,,,0,70,,5019,3,,,0,100,,5020,3,,,0,100,,5021,3,,,0,100,,5022,3,,,0,90,,5023,3,0,5 6,0
1101,'5105',702,,5030,3,,,0,30,,5026,3,,,0,70,,5028,3,,,0,30,,5025,3,,,0,70,,5032,3,,,0,30,,5034,3,,,0,70,,5036,3,,,0,30,,5029,3,,,0,70,,5027,3,,,0,30,,5033,3,,,0,70,,5037,3,,,0,30,,5031,3,,,0,70,,5038,3,,,0,30,,5039,3,,,0,70,,5040,3,,,0,30,,5041,3,,,0,70,,5035,3,,,0,30,,5042,3,,,0,70,,5043,3,,,0,30,,5045,3,,,0,70,,5046,3,,,0,30,,5047,3,,,0,70,,5044,3,,,0,30,,5048,3,,,0,70,,5049,3,,,0,100,,5050,3,,,0,100,,5051,3,,,0,100,,5052,3,,,0,100,,5053,3,,,0,100,,5054,3,,,0
1401,'4327',801,,5166,4,,,0,101,,5169,4,,,0,100,,5168,4,,,0,100,,5171,4,,,0,100,,5172,4,,,0,100,,5170,4,,,0,100,,5167,4,,,0,100,,5175,4,,,0,100,,5176,4,,,0,100,,5173,4,,,0,99,,5178,4,,,0,100,,5179,4,,,0,100,,5177,4,,,0,100,,5174,4,,,0
1401,'4795',637,,1296,4,,,0,70,,3396,4,,,0,30,,1299,4,,,0,70,,3395,4,,,0,30,,1297,4,,,0,70,,3401,4,,,0,100,,3402,4,,,0,100,,3403,4,,,0,100,,3404,4,,,0,100,,3405,4,,,0,100,,3406,4,,,0,100,,3398,4,,,0,30,,1303,4,,,0,70,,3397,4,,,0,30,,1302,4,,,0,70,,3399,4,,,0,30,,1312,4,,,0,70,,3407,4,,,0,100,,3408,4,,,0,100,,3409,4,,,0,100,,3400,4,,,0
1401,'4800',801,,3418,4,,,0,101,,3420,4,,,0,100,,3419,4,,,0,100,,3422,4,,,0,100,,3423,4,,,0,100,,3421,4,,,0,100,,3417,4,,,0,100,,3411,4,,,0,100,,3412,4,,,0,100,,3413,4,,,0,99,,3410,4,,,0,100,,3415,4,,,0,100,,3414,4,,,0,100,,3416,4,,,0
1401,'5102',637,,5181,4,,,0,70,,5183,4,,,0,30,,5184,4,,,0,70,,5180,4,,,0,30,,5182,4,,,0,70,,5191,4,,,0,100,,5192,4,,,0,100,,5193,4,,,0,100,,5194,4,,,0,100,,5195,4,,,0,100,,5196,4,,,0,100,,5186,4,,,0,30,,5189,4,,,0,70,,5185,4,,,0,30,,5187,4,,,0,70,,5188,4,,,0,30,,5197,4,,,0,70,,5198,4,,,0,100,,5199,4,,,0,100,,5200,4,,,0,100,,5190,4,,,0
1401,'5105',801,,5209,4,,,0,101,,5211,4,,,0,100,,5210,4,,,0,100,,5213,4,,,0,100,,5214,4,,,0,100,,5212,4,,,0,100,,5208,4,,,0,100,,5202,4,,,0,100,,5203,4,,,0,100,,5204,4,,,0,99,,5201,4,,,0,100,,5206,4,,,0,100,,5205,4,,,0,100,,5207,4,,,0
