600,'4327',855,,4337,17,,,0,160,,4338,17,,,0,120,,4339,17,,,0,120,,4341,17,,,0,160,,4343,17,,,0,120,,4344,17,,,0,120,,4340,17,,,0,160,,4342,17,,,0
600,'4795',706,,417,17,,,0,35,,2765,17,,,0,75,,416,17,,,0,35,,2766,17,,,0,75,,424,17,,,0,110,,425,17,,,0,110,,426,17,,,0,110,,422,17,,,0,151,,423,17,,,0,35,,430,17,,,0,75,,421,17,,,0,35,,429,17,,,0,75,,420,17,,,0,75,,432,17,,,0,35,,419,17,,,0,74,,433,17,,,0,35,,418,17,,,0,110,,434,17,,,0,150,,431,17,,,0,113,,435,17,,,0
600,'4800',818,,445,17,,,0,100,,437,17,,,0,100,,2767,17,,,0,100,,439,17,,,0,100,,441,17,,,0,100,,438,17,,,0,100,,442,17,,,0,100,,443,17,,,0,100,,440,17,,,0,100,,2768,17,,,0
600,'5102',706,,4346,17,,,0,110,,4345,17,,,0,110,,4354,17,,,0,110,,4355,17,,,0,110,,4353,17,,,0,110,,4352,17,,,0,151,,4351,17,,,0,35,,4357,17,,,0,75,,4350,17,,,0,35,,4356,17,,,0,75,,4349,17,,,0,75,,4359,17,,,0,35,,4348,17,,,0,74,,4360,17,,,0,35,,4347,17,,,0,110,,4361,17,,,0,150,,4358,17,,,0
600,'5105',818,,4371,17,,,0,100,,4363,17,,,0,100,,4362,17,,,0,100,,4365,17,,,0,100,,4367,17,,,0,100,,4364,17,,,0,100,,4368,17,,,0,100,,4369,17,,,0,100,,4366,17,,,0,100,,4370,17,,,0
1801,'4327',821,,5332,11,,,0,115,,5333,11,,,0,120,,5330,11,,,0,155,,5331,11,,,0,120,,5329,11,,,0,115,,5328,11,,,0,160,,5334,11,,,0,115,,5335,11,,,0,120,,5336,11,,,0,115,,5337,11,,,0,155,,5338,11,,,0,115,,5339,11,,,0
1801,'4795',633,,3434,11,,,0,108,,1474,11,,,0,66,,1454,11,,,0,26,,1475,11,,,0,69,,1455,11,,,0,28,,1478,11,,,0,27,,1457,11,,,0,80,,1456,11,,,0,80,,1461,11,,,0,40,,1462,11,,,0,80,,1464,11,,,0,80,,1463,11,,,0,40,,1458,11,,,0,80,,1459,11,,,0,68,,1477,11,,,0,28,,1460,11,,,0,68,,1476,11,,,0,28,,1473,11,,,0,30,,1479,11,,,0,67,,1467,11,,,0,30,,1480,11,,,0,68,,1466,11,,,0,95,,1470,11,,,0,37,,1469,11,,,0,80,,1468,11,,,0,120,,1471,11,,,0,149,,1465,11,,,0
1801,'4800',752,,3437,11,,,0,102,,1487,11,,,0,100,,1488,11,,,0,100,,3441,11,,,0,100,,1492,11,,,0,100,,1489,11,,,0,100,,1490,11,,,0,100,,1493,11,,,0,100,,1494,11,,,0,100,,1495,11,,,0,100,,3442,11,,,0,167,,3438,11,,,0,115,,3440,11,,,0,115,,3436,11,,,0,155,,3439,11,,,0,115,,3435,11,,,0
1801,'5102',633,,5358,11,,,0,108,,5360,11,,,0,66,,5340,11,,,0,26,,5361,11,,,0,69,,5341,11,,,0,28,,5364,11,,,0,27,,5343,11,,,0,80,,5342,11,,,0,80,,5347,11,,,0,40,,5348,11,,,0,80,,5350,11,,,0,80,,5349,11,,,0,40,,5345,11,,,0,80,,5346,11,,,0,68,,5363,11,,,0,28,,5344,11,,,0,68,,5362,11,,,0,28,,5359,11,,,0,30,,5365,11,,,0,67,,5353,11,,,0,30,,5366,11,,,0,68,,5352,11,,,0,95,,5356,11,,,0,37,,5355,11,,,0,80,,5354,11,,,0,120,,5357,11,,,0,149,,5351,11,,,0
1801,'5105',752,,5369,11,,,0,102,,5373,11,,,0,100,,5374,11,,,0,100,,5377,11,,,0,100,,5378,11,,,0,100,,5375,11,,,0,100,,5376,11,,,0,100,,5379,11,,,0,100,,5380,11,,,0,100,,5381,11,,,0,100,,5382,11,,,0,167,,5370,11,,,0,115,,5372,11,,,0,115,,5368,11,,,0,155,,5371,11,,,0,115,,5367,11,,,0
