9701,'4327',729,,6311,8,,,0,30,,6306,8,,,0,70,,6280,8,,,0,30,,6300,8,,,0,70,,6281,8,,,0,30,,6308,8,,,0,72,,6282,8,,,0,71,,6305,8,,,0,30,,6283,8,,,0,70,,6303,8,,,0,30,,6284,8,,,0,70,,6304,8,,,0,30,,6292,8,,,0,71,,6299,8,,,0,30,,6293,8,,,0,70,,6297,8,,,0,30,,6288,8,,,0,69,,6307,8,,,0,30,,6285,8,,,0,70,,6294,8,,,0,30,,6286,8,,,0,69,,6298,8,,,0,29,,6289,8,,,0,70,,6302,8,,,0,29,,6290,8,,,0,30,,6301,8,,,0,70,,6287,8,,,0,30,,6296,8,,,0,70,,6291,8,,,0,29,,6309,8,,,0,70,,6295,8,,,0,99,,6310,8,,,0
9701,'4795',617,,3825,8,,,0,20,,3820,8,,,0,97,,3818,8,,,0,8,,3810,4,,,0,8,,3817,8,,,0,71,,3828,8,,,0,15,,3821,8,,,0,15,,3816,8,,,0,88,,3819,8,,,0,17,,3807,8,,,0,72,,3826,8,,,0,15,,3823,8,,,0,15,,3811,8,,,0,88,,3822,8,,,0,56,,3808,8,,,0,32,,3829,8,,,0,16,,3824,8,,,0,55,,3813,8,,,0,46,,3803,8,,,0,55,,3809,8,,,0,15,,3800,8,,,0,25,,3827,8,,,0,9,,3798,8,,,0,57,,3815,8,,,0,94,,3802,8,,,0,18,,3806,8,,,0,18,,3799,8,,,0,76,,3797,8,,,0,16,,3814,8,,,0,87,,3804,8,,,0,17,,3805,8,,,0,17,,3801,8,,,0,76,,3796,8,,,0,96,,3830,8,,,0,23,,3831,8,,,0,182,,3832,8,,,0,178,,3833,8,,,0
9701,'4796',659,,3839,8,,,0,60,,3847,8,,,0,87,,3838,8,,,0,100,,3840,8,,,0,16,,3845,8,,,0,91,,3837,8,,,0,101,,3841,8,,,0,16,,3849,8,,,0,88,,3843,8,,,0,103,,3842,8,,,0,15,,3850,8,,,0,100,,3844,8,,,0,93,,3835,8,,,0,19,,3851,8,,,0,152,,3852,8,,,0,49,,3834,8,,,0,57,,3848,8,,,0,107,,3853,8,,,0,35,,3854,8,,,0,60,,3836,8,,,0,107,,3855,8,,,0,25,,3856,8,,,0,66,,3857,8,,,0,51,,3858,8,,,0,64,,3859,8,,,0,24,,3860,8,,,0,90,,3861,8,,,0,65,,3862,8,,,0,25,,3863,8,,,0
9701,'4799',659,,3869,8,,,0,60,,3877,8,,,0,87,,3868,8,,,0,100,,3870,8,,,0,16,,3875,8,,,0,91,,3867,8,,,0,101,,3871,8,,,0,16,,3879,8,,,0,88,,3873,8,,,0,103,,3872,8,,,0,15,,3880,8,,,0,100,,3874,8,,,0,93,,3865,8,,,0,19,,3881,8,,,0,152,,3882,8,,,0,49,,3864,8,,,0,57,,3878,8,,,0,107,,3883,8,,,0,35,,3884,8,,,0,60,,3866,8,,,0,107,,3885,8,,,0,25,,3886,8,,,0,66,,3887,8,,,0,51,,3888,8,,,0,64,,3889,8,,,0,24,,3890,8,,,0,90,,3891,8,,,0,65,,3892,8,,,0,25,,3893,8,,,0,85,,3895,8,,,0,90,,3894,8,0,12,0
9701,'4800',706,,3931,4,,,0,52,,3897,8,,,0,71,,3896,8,,,0,30,,3900,8,,,0,70,,3899,8,,,0,30,,3901,8,,,0,71,,3902,8,,,0,70,,3903,8,,,0,31,,3898,8,,,0,70,,3908,8,,,0,30,,3920,8,,,0,70,,3921,8,,,0,30,,3922,8,,,0,70,,3910,8,,,0,30,,3909,8,,,0,70,,3904,8,,,0,30,,3905,8,,,0,70,,3907,8,,,0,30,,3912,8,,,0,70,,3914,8,,,0,30,,3906,8,,,0,70,,3911,8,,,0,30,,3913,8,,,0,69,,3934,8,,,0,30,,3916,8,,,0,70,,3923,8,,,0,30,,3915,8,,,0,70,,3924,8,,,0,30,,3917,8,,,0,70,,3927,8,,,0,30,,3918,8,,,0,29,,3926,8,,,0,69,,3919,8,,,0,30,,3925,8,,,0,70,,3928,8,,,0,30,,3930,8,,,0,70,,3929,8,,,0,30,,3933,8,,,0,70,,3932,8,0,12,0
9701,'5102',616,,6314,8,,,0,20,,6312,8,,,0,20,,6328,8,,,0,60,,6364,8,,,0,22,,6333,8,,,0,63,,6334,8,,,0,21,,6335,8,,,0,21,,6336,8,,,0,61,,6337,8,,,0,21,,6338,8,,,0,20,,6339,8,,,0,61,,6340,8,,,0,20,,6341,8,,,0,25,,6331,8,,,0,68,,6332,8,,,0,29,,6325,8,,,0,71,,6324,8,,,0,29,,6329,8,,,0,70,,6326,8,,,0,30,,6327,8,,,0,70,,6345,8,,,0,20,,6342,8,,,0,20,,6343,8,,,0,60,,6347,8,,,0,20,,6344,8,,,0,21,,6348,8,,,0,60,,6349,8,,,0,20,,6350,8,,,0,20,,6330,8,,,0,60,,6323,8,,,0,19,,6346,8,,,0,18,,6352,8,,,0,58,,6351,8,,,0,19,,6353,8,,,0,19,,6355,8,,,0,59,,6354,8,,,0,21,,6356,8,,,0,23,,6358,8,,,0,63,,6357,8,,,0,23,,6363,8,,,0,62,,6359,8,,,0,23,,6361,8,,,0,23,,6360,8,,,0,62,,6362,8,,,0,24,,6315,8,,,0,24,,6316,8,,,0,62,,6317,8,,,0,24,,6318,8,,,0,64,,6319,8,,,0,25,,6320,8,,,0,25,,6321,8,,,0,65,,6322,8,,,0
9701,'5105',706,,6400,4,,,0,97,,6367,8,,,0,31,,6366,8,,,0,70,,6370,8,,,0,30,,6369,8,,,0,71,,6371,8,,,0,31,,6372,8,,,0,71,,6373,8,,,0,31,,6368,8,,,0,70,,6377,8,,,0,32,,6390,8,,,0,72,,6391,8,,,0,32,,6389,8,,,0,72,,6379,8,,,0,32,,6378,8,,,0,72,,6374,8,,,0,32,,6375,8,,,0,72,,6381,8,,,0,32,,6383,8,,,0,72,,6376,8,,,0,72,,6380,8,,,0,31,,6382,8,,,0,71,,6401,8,,,0,29,,6385,8,,,0,70,,6392,8,,,0,30,,6384,8,,,0,70,,6393,8,,,0,30,,6386,8,,,0,70,,6396,8,,,0,30,,6387,8,,,0,69,,6395,8,,,0,28,,6388,8,,,0,30,,6394,8,,,0,70,,6397,8,,,0,30,,6399,8,,,0,70,,6398,8,0,12,0
9801,'4327',1012,,6464,15,,,0,47,,6471,15,,,0,85,,6463,15,,,0,85,,6467,15,,,0,85,,6462,15,,,0,45,,6469,15,,,0,85,,6461,15,,,0,85,,6465,15,,,0,85,,6460,15,,,0,45,,6468,15,,,0,169,,6466,15,,,0,128,,6470,15,,,0,170,,6472,15,,,0
9801,'4795',658,,2737,15,,,0,62,,2736,15,,,0,21,,2723,15,,,0,60,,2716,15,,,0,21,,2722,15,,,0,21,,2725,15,,,0,61,,2732,15,,,0,21,,2724,15,,,0,82,,2729,15,,,0,43,,2735,15,,,0,83,,2721,15,,,0,85,,2731,15,,,0,85,,2739,15,,,0,45,,2728,15,,,0,87,,2730,15,,,0,86,,2710,15,,,0,29,,2717,15,,,0,61,,2720,15,,,0,20,,2727,15,,,0,19,,2726,15,,,0,60,,2712,15,,,0,18,,2719,15,,,0,20,,2715,15,,,0,57,,2713,15,,,0,19,,2740,15,,,0,20,,2709,15,,,0,61,,2741,15,,,0,38,,2711,15,,,0,80,,2718,15,,,0,80,,2738,15,,,0,39,,2708,15,,,0,80,,2734,15,,,0,80,,2714,15,,,0,38,,2733,15,,,0
9801,'4800',1016,,2744,15,,,0,85,,2755,15,,,0,45,,2743,15,,,0,85,,2751,15,,,0,85,,2746,15,,,0,85,,2750,15,,,0,45,,2745,15,,,0,85,,2749,15,,,0,85,,2742,15,,,0,85,,2748,15,,,0,45,,2747,15,,,0,84,,2752,15,,,0,127,,2753,15,,,0,170,,2754,15,,,0
9801,'5102',658,,6496,15,,,0,62,,6489,15,,,0,21,,6497,15,,,0,60,,6494,15,,,0,21,,6498,15,,,0,21,,6490,15,,,0,82,,6493,15,,,0,82,,6492,15,,,0,43,,6495,15,,,0,83,,6491,15,,,0,85,,6479,15,,,0,85,,6483,15,,,0,45,,6477,15,,,0,87,,6478,15,,,0,88,,6474,15,,,0,25,,6501,15,,,0,63,,6484,15,,,0,20,,6499,15,,,0,19,,6500,15,,,0,60,,6488,15,,,0,37,,6486,15,,,0,86,,6487,15,,,0,90,,6485,15,,,0,88,,6476,15,,,0,46,,6482,15,,,0,85,,6473,15,,,0,80,,6481,15,,,0,80,,6475,15,,,0,38,,6480,15,,,0
9801,'5105',1016,,6504,15,,,0,85,,6515,15,,,0,45,,6503,15,,,0,85,,6511,15,,,0,85,,6506,15,,,0,85,,6510,15,,,0,45,,6505,15,,,0,85,,6509,15,,,0,85,,6502,15,,,0,85,,6508,15,,,0,45,,6507,15,,,0,84,,6512,15,,,0,127,,6513,15,,,0,170,,6514,15,,,0
