800,'4327',618,,4408,18,,,0,33,,4409,34,,,0,75,,4410,34,,,0,75,,4411,34,,,0,36,,4412,34,,,0,78,,4414,34,,,0,35,,4415,34,,,0,71,,4416,34,,,0,30,,4413,34,,,0,72,,4418,34,,,0,30,,4419,34,,,0,70,,4420,34,,,0,30,,4417,34,,,0,70,,4421,34,,,0,30,,4422,34,,,0,70,,4423,34,,,0,30,,4426,34,,,0,70,,4433,34,,,0,30,,4427,34,,,0,70,,4434,34,,,0,30,,4424,34,,,0,69,,4425,34,,,0,29,,4428,34,,,0,69,,4435,34,,,0,30,,4429,34,,,0,69,,4430,34,,,0,29,,4431,34,,,0,70,,4432,34,,,0,85,,4436,34,,,0,43,,4437,34,,,0,84,,4438,34,,,0,84,,4439,34,,,0,45,,4440,34,,,0
800,'4795',618,,2810,34,,,0,20,,2811,34,,,0,16,,2812,18,,,0,51,,2813,34,,,0,11,,2814,18,,,0,12,,2815,34,,,0,17,,2816,34,,,0,55,,2817,34,,,0,16,,2818,34,,,0,15,,2819,34,,,0,16,,2820,34,,,0,55,,2821,34,,,0,14,,2822,34,,,0,8,,585,34,,,0,8,,2823,34,,,0,15,,2824,34,,,0,55,,2825,34,,,0,15,,2826,34,,,0,15,,2827,34,,,0,15,,2828,34,,,0,55,,2829,34,,,0,16,,2830,34,,,0,15,,2831,34,,,0,15,,2832,34,,,0,55,,2833,34,,,0,15,,2834,34,,,0,15,,2835,34,,,0,15,,2836,34,,,0,55,,2837,34,,,0,15,,2838,34,,,0,15,,2839,34,,,0,15,,2840,34,,,0,55,,2841,34,,,0,16,,2842,34,,,0,16,,2843,34,,,0,15,,2844,34,,,0,55,,2845,34,,,0,16,,2846,34,,,0,16,,2847,34,,,0,17,,2848,34,,,0,55,,561,34,,,0,1,,2849,34,,,0,16,,2850,34,,,0,16,,2851,34,,,0,11,,565,34,,,0,4,,2852,34,,,0,55,,2853,34,,,0,14,,2854,34,,,0,16,,2855,34,,,0,14,,2856,34,,,0,56,,2857,34,,,0,15,,2858,34,,,0,14,,2859,34,,,0,16,,2860,34,,,0,56,,2861,34,,,0,18,,2862,34,,,0,20,,2863,34,,,0,60,,2864,34,,,0,23,,2865,34,,,0,25,,2866,34,,,0,64,,2867,34,,,0,24,,2868,34,,,0,65,,2869,34,,,0,43,,2870,34,,,0,85,,2808,34,,,0,83,,2807,34,,,0,85,,2809,34,,,0
800,'4800',618,,2904,18,,,0,36,,2886,34,,,0,76,,2895,34,,,0,75,,2903,34,,,0,36,,2885,34,,,0,75,,2896,34,,,0,37,,2902,34,,,0,70,,2871,34,,,0,29,,2882,34,,,0,66,,2888,34,,,0,25,,2898,34,,,0,60,,622,34,,,0,20,,2876,34,,,0,20,,2884,34,,,0,60,,2905,34,,,0,20,,2889,34,,,0,20,,2901,34,,,0,60,,625,34,,,0,20,,2873,34,,,0,20,,2881,34,,,0,60,,2906,34,,,0,20,,2890,34,,,0,20,,2897,34,,,0,60,,626,34,,,0,20,,2874,34,,,0,20,,2883,34,,,0,60,,2908,34,,,0,19,,2891,34,,,0,20,,2900,34,,,0,60,,628,34,,,0,20,,2875,34,,,0,19,,2879,34,,,0,18,,2907,34,,,0,60,,2887,34,,,0,30,,2899,34,,,0,69,,2878,34,,,0,85,,2893,34,,,0,44,,2880,34,,,0,83,,2894,34,,,0,85,,2877,34,,,0,44,,2892,34,,,0,83,,2872,34,,,0,80,,611,34,,,0
800,'5102',618,,4444,34,,,0,20,,4446,34,,,0,16,,4447,18,,,0,51,,4448,34,,,0,11,,4445,18,,,0,12,,4449,34,,,0,17,,4450,34,,,0,55,,4451,34,,,0,16,,4452,34,,,0,15,,4453,34,,,0,16,,4454,34,,,0,55,,4455,34,,,0,14,,4456,34,,,0,8,,4507,34,,,0,8,,4458,34,,,0,15,,4459,34,,,0,55,,4460,34,,,0,15,,4457,34,,,0,15,,4461,34,,,0,15,,4463,34,,,0,55,,4464,34,,,0,16,,4465,34,,,0,15,,4462,34,,,0,15,,4466,34,,,0,55,,4467,34,,,0,15,,4468,34,,,0,15,,4469,34,,,0,15,,4470,34,,,0,55,,4471,34,,,0,15,,4472,34,,,0,15,,4473,34,,,0,15,,4474,34,,,0,55,,4475,34,,,0,16,,4477,34,,,0,16,,4478,34,,,0,15,,4479,34,,,0,55,,4476,34,,,0,16,,4480,34,,,0,16,,4481,34,,,0,17,,4482,34,,,0,55,,4483,34,,,0,1,,4484,34,,,0,16,,4485,34,,,0,8,,4508,34,,,0,8,,4486,34,,,0,11,,4487,34,,,0,4,,4488,34,,,0,55,,4489,34,,,0,14,,4490,34,,,0,16,,4491,34,,,0,14,,4492,34,,,0,56,,4493,34,,,0,15,,4495,34,,,0,14,,4496,34,,,0,16,,4497,34,,,0,56,,4494,34,,,0,18,,4498,34,,,0,20,,4500,34,,,0,60,,4501,34,,,0,23,,4499,34,,,0,25,,4502,34,,,0,64,,4503,34,,,0,24,,4504,34,,,0,65,,4505,34,,,0,43,,4506,34,,,0,85,,4442,34,,,0,83,,4441,34,,,0,85,,4443,34,,,0
800,'5105',618,,4543,18,,,0,36,,4524,34,,,0,76,,4533,34,,,0,75,,4542,34,,,0,36,,4523,34,,,0,75,,4535,34,,,0,37,,4541,34,,,0,70,,4509,34,,,0,29,,4520,34,,,0,66,,4526,34,,,0,25,,4537,34,,,0,60,,4545,34,,,0,20,,4514,34,,,0,20,,4522,34,,,0,60,,4544,34,,,0,20,,4527,34,,,0,20,,4540,34,,,0,60,,4548,34,,,0,20,,4511,34,,,0,20,,4519,34,,,0,60,,4546,34,,,0,20,,4528,34,,,0,20,,4536,34,,,0,60,,4549,34,,,0,20,,4512,34,,,0,20,,4521,34,,,0,60,,4550,34,,,0,19,,4529,34,,,0,20,,4539,34,,,0,60,,4551,34,,,0,20,,4513,34,,,0,19,,4517,34,,,0,18,,4547,34,,,0,60,,4525,34,,,0,30,,4538,34,,,0,69,,4516,34,,,0,85,,4531,34,,,0,44,,4518,34,,,0,83,,4532,34,,,0,85,,4515,34,,,0,44,,4530,34,,,0,83,,4510,34,,,0,80,,4534,34,,,0
9800,'4327',919,,6407,11,,,0,86,,6415,11,,,0,47,,6406,11,,,0,85,,6408,11,,,0,85,,6405,11,,,0,85,,6410,11,,,0,45,,6404,11,,,0,85,,6409,11,,,0,85,,6402,11,,,0,85,,6411,11,,,0,45,,6403,11,,,0,85,,6412,11,,,0,170,,6413,11,,,0,128,,6414,11,,,0
9800,'4795',650,,2670,11,,,0,60,,2666,11,,,0,20,,2669,11,,,0,22,,2668,11,,,0,61,,2680,11,,,0,21,,2657,11,,,0,21,,2660,11,,,0,61,,2655,11,,,0,42,,2648,11,,,0,83,,2671,11,,,0,84,,2675,11,,,0,83,,2656,11,,,0,45,,2658,11,,,0,85,,2677,11,,,0,86,,2649,11,,,0,89,,2659,11,,,0,20,,2673,11,,,0,20,,2678,11,,,0,60,,2665,11,,,0,20,,2652,11,,,0,20,,2663,11,,,0,60,,2661,11,,,0,16,,2654,11,,,0,19,,2650,11,,,0,60,,2651,11,,,0,20,,2672,11,,,0,28,,2679,11,,,0,80,,2664,11,,,0,80,,2676,11,,,0,40,,2674,11,,,0,79,,2647,11,,,0,80,,2667,11,,,0,39,,2653,11,,,0,79,,2662,11,,,0
9800,'4800',919,,2685,11,,,0,86,,2694,11,,,0,49,,2686,11,,,0,85,,2689,11,,,0,85,,2683,11,,,0,85,,2688,11,,,0,45,,2684,11,,,0,85,,2691,11,,,0,85,,2681,11,,,0,84,,2690,11,,,0,45,,2682,11,,,0,85,,2687,11,,,0,169,,2692,11,,,0,130,,2693,11,,,0
9800,'5102',650,,6437,11,,,0,60,,6433,11,,,0,20,,6440,11,,,0,22,,6435,11,,,0,61,,6441,11,,,0,21,,6439,11,,,0,82,,6434,11,,,0,42,,6438,11,,,0,83,,6436,11,,,0,84,,6432,11,,,0,83,,6419,11,,,0,45,,6420,11,,,0,85,,6426,11,,,0,86,,6416,11,,,0,89,,6431,11,,,0,20,,6443,11,,,0,20,,6442,11,,,0,60,,6430,11,,,0,20,,6445,11,,,0,20,,6428,11,,,0,60,,6444,11,,,0,31,,6427,11,,,0,82,,6429,11,,,0,88,,6422,11,,,0,90,,6425,11,,,0,46,,6424,11,,,0,85,,6417,11,,,0,80,,6423,11,,,0,39,,6418,11,,,0,79,,6421,11,,,0
9800,'5105',919,,6450,11,,,0,86,,6459,11,,,0,49,,6451,11,,,0,85,,6454,11,,,0,85,,6448,11,,,0,85,,6453,11,,,0,45,,6449,11,,,0,85,,6456,11,,,0,85,,6446,11,,,0,84,,6455,11,,,0,45,,6447,11,,,0,85,,6452,11,,,0,169,,6457,11,,,0,130,,6458,11,,,0
