601,'4327',808,,4374,11,,,0,120,,4373,11,,,0,120,,4372,11,,,0,160,,4376,11,,,0,120,,4377,11,,,0,120,,4378,11,,,0,160,,4375,11,,,0,120,,4379,11,,,0
601,'4795',623,,459,11,,,0,35,,2769,11,,,0,75,,458,11,,,0,75,,2770,11,,,0,35,,457,11,,,0,75,,2771,11,,,0,35,,462,11,,,0,150,,461,11,,,0,110,,464,11,,,0,110,,463,11,,,0,35,,469,11,,,0,75,,460,11,,,0,75,,471,11,,,0,36,,456,11,,,0,75,,470,11,,,0,35,,454,11,,,0,74,,472,11,,,0,75,,455,11,,,0,110,,473,11,,,0,110,,474,11,,,0,210,,2773,11,,,0
601,'4800',813,,2774,11,,,0,100,,478,11,,,0,100,,480,11,,,0,100,,2775,11,,,0,100,,479,11,,,0,100,,484,11,,,0,100,,483,11,,,0,100,,482,11,,,0,200,,485,11,,,0
601,'5102',623,,4385,11,,,0,110,,4384,11,,,0,110,,4383,11,,,0,110,,4387,11,,,0,150,,4388,11,,,0,110,,4390,11,,,0,110,,4389,11,,,0,35,,4392,11,,,0,75,,4386,11,,,0,75,,4394,11,,,0,36,,4382,11,,,0,75,,4393,11,,,0,35,,4380,11,,,0,74,,4395,11,,,0,75,,4381,11,,,0,110,,4396,11,,,0,110,,4397,11,,,0
601,'5105',813,,4399,11,,,0,100,,4400,11,,,0,100,,4402,11,,,0,100,,4403,11,,,0,100,,4401,11,,,0,100,,4406,11,,,0,100,,4405,11,,,0,100,,4404,11,,,0,200,,4407,11,,,0
1800,'4327',737,,5283,11,,,0,102,,5276,11,,,0,115,,5275,11,,,0,160,,5274,11,,,0,115,,5273,11,,,0,120,,5272,11,,,0,155,,5271,11,,,0,120,,5277,11,,,0,115,,5278,11,,,0,118,,5279,11,,,0,155,,5280,11,,,0,115,,5281,11,,,0,115,,5282,11,,,0
1800,'4795',618,,3424,11,,,0,106,,1418,11,,,0,26,,1399,11,,,0,66,,1419,11,,,0,29,,1400,11,,,0,68,,1422,11,,,0,27,,1401,11,,,0,80,,1405,11,,,0,80,,1404,11,,,0,40,,1402,11,,,0,80,,1403,11,,,0,80,,1398,11,,,0,40,,1409,11,,,0,80,,1407,11,,,0,28,,1421,11,,,0,67,,1410,11,,,0,29,,1420,11,,,0,68,,1408,11,,,0,30,,1423,11,,,0,66,,1406,11,,,0,30,,1424,11,,,0,70,,1411,11,,,0,95,,1413,11,,,0,37,,1412,11,,,0,80,,1414,11,,,0,83,,1415,11,,,0,115,,1416,11,,,0
1800,'4800',737,,3427,11,,,0,101,,1427,11,,,0,100,,1428,11,,,0,100,,3425,11,,,0,100,,1425,11,,,0,100,,1429,11,,,0,100,,1430,11,,,0,100,,1431,11,,,0,100,,1432,11,,,0,100,,1433,11,,,0,100,,3426,11,,,0,84,,3428,11,,,0,115,,3429,11,,,0,115,,3430,11,,,0,155,,3431,11,,,0,115,,3432,11,,,0,115,,3433,11,,,0
1800,'5102',618,,5303,11,,,0,106,,5304,11,,,0,26,,5285,11,,,0,66,,5305,11,,,0,29,,5286,11,,,0,68,,5308,11,,,0,27,,5287,11,,,0,80,,5292,11,,,0,80,,5291,11,,,0,40,,5288,11,,,0,80,,5289,11,,,0,80,,5284,11,,,0,40,,5296,11,,,0,80,,5290,11,,,0,28,,5307,11,,,0,67,,5295,11,,,0,29,,5306,11,,,0,68,,5294,11,,,0,30,,5309,11,,,0,66,,5293,11,,,0,30,,5310,11,,,0,70,,5297,11,,,0,95,,5299,11,,,0,37,,5298,11,,,0,80,,5301,11,,,0,83,,5300,11,,,0,115,,5302,11,,,0
1800,'5105',737,,5321,11,,,0,101,,5313,11,,,0,100,,5314,11,,,0,100,,5312,11,,,0,100,,5311,11,,,0,100,,5315,11,,,0,100,,5316,11,,,0,100,,5317,11,,,0,100,,5318,11,,,0,100,,5319,11,,,0,100,,5320,11,,,0,84,,5322,11,,,0,115,,5323,11,,,0,115,,5324,11,,,0,155,,5325,11,,,0,115,,5326,11,,,0,115,,5327,11,,,0
