801,'4327',635,,4554,16,,,0,77,,4555,30,,,0,35,,4556,30,,,0,76,,4557,30,,,0,36,,4558,30,,,0,75,,4559,30,,,0,75,,4560,30,,,0,36,,4561,30,,,0,75,,4563,30,,,0,30,,4564,30,,,0,71,,4565,30,,,0,30,,4562,30,,,0,70,,4568,30,,,0,30,,4569,30,,,0,70,,4566,30,,,0,30,,4567,30,,,0,70,,4570,30,,,0,30,,4571,30,,,0,69,,4572,30,,,0,30,,4574,30,,,0,69,,4575,30,,,0,30,,4576,30,,,0,69,,4573,30,,,0,29,,4577,30,,,0,70,,4578,30,,,0,29,,4579,30,,,0,69,,4580,30,,,0,85,,4581,30,,,0,44,,4582,30,,,0,85,,4583,30,,,0,85,,4552,30,,,0,45,,4553,30,,,0
801,'4795',613,,2938,30,,,0,40,,2939,16,,,0,51,,2940,30,,,0,17,,2941,16,,,0,7,,2942,30,,,0,16,,2943,30,,,0,56,,2944,30,,,0,15,,2945,30,,,0,15,,2946,30,,,0,15,,2947,30,,,0,14,,2948,30,,,0,54,,2949,30,,,0,15,,2950,30,,,0,15,,2951,30,,,0,15,,2952,30,,,0,55,,2953,30,,,0,15,,2954,30,,,0,15,,2955,30,,,0,15,,2956,30,,,0,55,,2957,30,,,0,15,,2958,30,,,0,15,,2959,30,,,0,16,,2960,30,,,0,55,,2961,30,,,0,15,,2962,30,,,0,15,,2963,30,,,0,15,,2964,30,,,0,55,,2965,30,,,0,15,,2966,30,,,0,15,,2967,30,,,0,15,,2968,30,,,0,55,,2969,30,,,0,15,,2970,30,,,0,16,,2971,30,,,0,56,,2972,30,,,0,6,,696,2,,,0,10,,2973,30,,,0,17,,2974,30,,,0,16,,699,19,,,0,3,,2975,30,,,0,56,,2976,30,,,0,14,,2977,30,,,0,14,,2978,30,,,0,16,,2979,30,,,0,55,,2980,30,,,0,16,,2981,30,,,0,14,,2982,30,,,0,15,,2983,30,,,0,55,,2984,30,,,0,16,,2985,30,,,0,14,,2986,30,,,0,15,,2987,30,,,0,56,,2988,30,,,0,17,,2989,30,,,0,18,,2990,30,,,0,65,,2991,30,,,0,26,,2992,30,,,0,24,,2993,30,,,0,64,,2994,30,,,0,25,,2995,30,,,0,63,,2996,30,,,0,45,,2997,30,,,0,84,,2998,30,,,0,84,,2999,30,,,0,85,,3000,30,,,0
801,'4800',635,,3025,16,,,0,79,,3032,30,,,0,35,,3015,30,,,0,75,,3022,30,,,0,76,,3031,30,,,0,36,,3014,30,,,0,75,,3024,30,,,0,35,,3030,30,,,0,70,,3004,30,,,0,30,,3013,30,,,0,66,,3019,30,,,0,25,,3029,30,,,0,65,,761,30,,,0,20,,3002,30,,,0,20,,3012,30,,,0,60,,3034,30,,,0,19,,3018,30,,,0,20,,3027,30,,,0,60,,763,30,,,0,20,,3001,30,,,0,20,,3010,30,,,0,60,,3033,30,,,0,19,,3016,30,,,0,20,,3026,30,,,0,60,,764,30,,,0,20,,3003,30,,,0,20,,3011,30,,,0,19,,3035,30,,,0,60,,3017,30,,,0,20,,3028,30,,,0,19,,759,30,,,0,59,,3005,30,,,0,30,,3007,30,,,0,69,,3020,30,,,0,84,,3006,30,,,0,45,,3023,30,,,0,84,,3008,30,,,0,85,,3021,30,,,0,44,,3009,30,,,0,85,,749,30,,,0
801,'5102',613,,4584,30,,,0,40,,4585,16,,,0,51,,4586,30,,,0,17,,4587,16,,,0,7,,4588,30,,,0,16,,4589,30,,,0,56,,4591,30,,,0,15,,4592,30,,,0,15,,4593,30,,,0,15,,4590,30,,,0,14,,4595,30,,,0,54,,4596,30,,,0,15,,4597,30,,,0,15,,4594,30,,,0,15,,4598,30,,,0,55,,4599,30,,,0,15,,4600,30,,,0,15,,4601,30,,,0,15,,4602,30,,,0,55,,4603,30,,,0,15,,4604,30,,,0,15,,4606,30,,,0,16,,4607,30,,,0,55,,4609,30,,,0,15,,4605,30,,,0,15,,4610,30,,,0,15,,4611,30,,,0,55,,4608,30,,,0,15,,4612,30,,,0,15,,4613,30,,,0,15,,4614,30,,,0,55,,4615,30,,,0,15,,4616,30,,,0,16,,4617,30,,,0,56,,4619,30,,,0,6,,4620,2,,,0,10,,4621,30,,,0,17,,4618,30,,,0,16,,4622,19,,,0,3,,4623,30,,,0,56,,4624,30,,,0,14,,4625,30,,,0,14,,4626,30,,,0,16,,4627,30,,,0,55,,4628,30,,,0,16,,4630,30,,,0,14,,4632,30,,,0,15,,4633,30,,,0,55,,4629,30,,,0,16,,4634,30,,,0,14,,4631,30,,,0,15,,4635,30,,,0,56,,4636,30,,,0,17,,4637,30,,,0,18,,4638,30,,,0,65,,4639,30,,,0,26,,4640,30,,,0,24,,4641,30,,,0,64,,4642,30,,,0,25,,4643,30,,,0,63,,4644,30,,,0,45,,4646,30,,,0,84,,4647,30,,,0,84,,4648,30,,,0,85,,4645,30,,,0
801,'5105',635,,4674,16,,,0,79,,4681,30,,,0,35,,4663,30,,,0,75,,4670,30,,,0,76,,4680,30,,,0,36,,4662,30,,,0,75,,4673,30,,,0,35,,4679,30,,,0,70,,4652,30,,,0,30,,4661,30,,,0,66,,4667,30,,,0,25,,4678,30,,,0,65,,4684,30,,,0,20,,4650,30,,,0,20,,4660,30,,,0,60,,4685,30,,,0,19,,4666,30,,,0,20,,4676,30,,,0,60,,4686,30,,,0,20,,4649,30,,,0,20,,4658,30,,,0,60,,4683,30,,,0,19,,4664,30,,,0,20,,4675,30,,,0,60,,4687,30,,,0,20,,4651,30,,,0,20,,4659,30,,,0,19,,4688,30,,,0,60,,4665,30,,,0,20,,4677,30,,,0,19,,4682,30,,,0,59,,4653,30,,,0,30,,4655,30,,,0,69,,4668,30,,,0,84,,4654,30,,,0,45,,4671,30,,,0,84,,4656,30,,,0,85,,4669,30,,,0,44,,4657,30,,,0,85,,4672,30,,,0
901,'4327',812,,4701,2,,,0,230,,4702,2,,,0,270,,4703,2,,,0,230,,4705,2,,,0,270,,4704,2,,,0
901,'4795',917,,784,2,,,0,225,,785,2,,,0,300,,786,2,,,0
901,'4800',812,,788,2,,,0,230,,787,2,,,0,270,,789,2,,,0,230,,791,2,,,0,270,,790,2,,,0
901,'5102',1142,,4706,2,,,0,300,,4707,2,,,0
901,'5105',812,,4709,2,,,0,230,,4708,2,,,0,270,,4710,2,,,0,230,,4712,2,,,0,270,,4711,2,,,0
1101,'4327',802,,4987,40,,,0,103,,4990,40,,,0,101,,4975,40,,,0,100,,4977,40,,,0,100,,4981,40,,,0,100,,4976,40,,,0,100,,4974,40,,,0,100,,4979,40,,,0,100,,4978,40,,,0,98,,4984,40,,,0,100,,4982,40,,,0,100,,4980,40,,,0,99,,4983,40,,,0,99,,4985,40,,,0,100,,4986,40,,,0,57,,4988,40,,,0,100,,4989,40,,,0
1101,'4795',602,,3288,40,,,0,31,,1087,40,,,0,71,,3284,40,,,0,34,,3282,40,,,0,72,,3278,40,,,0,32,,1088,40,,,0,69,,3283,40,,,0,30,,3279,40,,,0,70,,3291,40,,,0,29,,3277,40,,,0,70,,3287,40,,,0,30,,3294,40,,,0,70,,3275,40,,,0,30,,3286,40,,,0,70,,3280,40,,,0,30,,3292,40,,,0,70,,3285,40,,,0,31,,3281,40,,,0,73,,3293,40,,,0,32,,3276,40,,,0,68,,3289,40,,,0,34,,3274,40,,,0,73,,3290,40,,,0,28,,3295,40,,,0,69,,3296,40,,,0,28,,3297,40,,,0,70,,3298,40,,,0,28,,3299,40,,,0,70,,3305,40,,,0,30,,3300,40,,,0,100,,3301,40,,,0,97,,3302,40,,,0,100,,3303,40,,,0
1101,'4800',732,,3311,40,,,0,70,,3308,40,,,0,33,,3309,40,,,0,70,,3306,40,,,0,31,,3313,40,,,0,71,,3315,40,,,0,30,,3317,40,,,0,72,,3310,40,,,0,30,,3307,40,,,0,70,,3314,40,,,0,30,,3318,40,,,0,70,,3312,40,,,0,32,,3319,40,,,0,70,,3320,40,,,0,30,,3321,40,,,0,70,,3322,40,,,0,30,,3316,40,,,0,69,,3323,40,,,0,29,,3324,40,,,0,68,,3326,40,,,0,30,,3327,40,,,0,69,,3328,40,,,0,28,,3325,40,,,0,70,,3329,40,,,0,30,,3330,40,,,0,100,,3331,40,,,0,100,,3332,40,,,0,98,,3333,40,,,0,97,,3334,40,,,0,99,,3335,40,,,0
1101,'5102',602,,5005,40,,,0,31,,5008,40,,,0,71,,5003,40,,,0,34,,4999,40,,,0,72,,4995,40,,,0,32,,5009,40,,,0,69,,5002,40,,,0,30,,4996,40,,,0,70,,5010,40,,,0,29,,4994,40,,,0,70,,5001,40,,,0,30,,5013,40,,,0,70,,4992,40,,,0,30,,5000,40,,,0,70,,4997,40,,,0,30,,5011,40,,,0,70,,5004,40,,,0,31,,4998,40,,,0,73,,5012,40,,,0,32,,4993,40,,,0,68,,5006,40,,,0,34,,4991,40,,,0,73,,5007,40,,,0,28,,5014,40,,,0,69,,5015,40,,,0,28,,5016,40,,,0,70,,5017,40,,,0,28,,5018,40,,,0,70,,5024,40,,,0,30,,5019,40,,,0,100,,5020,40,,,0,97,,5021,40,,,0,100,,5022,40,,,0
1101,'5105',732,,5030,40,,,0,70,,5026,40,,,0,33,,5028,40,,,0,70,,5025,40,,,0,31,,5032,40,,,0,71,,5034,40,,,0,30,,5036,40,,,0,72,,5029,40,,,0,30,,5027,40,,,0,70,,5033,40,,,0,30,,5037,40,,,0,70,,5031,40,,,0,32,,5038,40,,,0,70,,5039,40,,,0,30,,5040,40,,,0,70,,5041,40,,,0,30,,5035,40,,,0,69,,5042,40,,,0,29,,5043,40,,,0,68,,5045,40,,,0,30,,5046,40,,,0,69,,5047,40,,,0,28,,5044,40,,,0,70,,5048,40,,,0,30,,5049,40,,,0,100,,5050,40,,,0,100,,5051,40,,,0,98,,5052,40,,,0,97,,5053,40,,,0,99,,5054,40,,,0
