801,'4794',632,,3110,,,0,77,,3111,,,0,35,,3112,,,0,75,,3113,,,0,36,,3114,,,0,75,,3115,,,0,75,,3116,,,0,36,,3117,,,0,75,,3119,,,0,30,,3120,,,0,71,,3121,,,0,30,,3118,,,0,70,,3124,,,0,30,,3125,,,0,70,,3122,,,0,30,,3123,,,0,70,,3126,,,0,30,,3127,,,0,69,,3128,,,0,30,,3130,,,0,69,,3131,,,0,30,,3132,,,0,69,,3129,,,0,29,,3133,,,0,70,,3134,,,0,29,,3135,,,0,69,,3136,,,0,45,,3137,,,0,85,,3138,,,0,85,,3139,,,0,85,,3108,,,0,45,,3109,,,0
801,'4795',1543,,699,,,0
801,'4800',632,,3165,,,0,78,,3172,,,0,35,,3154,,,0,75,,3161,,,0,36,,3171,,,0,76,,3153,,,0,75,,3164,,,0,35,,3170,,,0,70,,3143,,,0,30,,3152,,,0,65,,3158,,,0,25,,3169,,,0,25,,3175,,,0,60,,3141,,,0,20,,3151,,,0,20,,3176,,,0,60,,3157,,,0,20,,3167,,,0,20,,3177,,,0,60,,3140,,,0,20,,3149,,,0,20,,3174,,,0,59,,3155,,,0,20,,3166,,,0,20,,3178,,,0,60,,3142,,,0,20,,3150,,,0,19,,3179,,,0,60,,3156,,,0,20,,3168,,,0,19,,3173,,,0,59,,3144,,,0,30,,3146,,,0,69,,3159,,,0,44,,3145,,,0,85,,3162,,,0,85,,3147,,,0,85,,3160,,,0,44,,3148,,,0,85,,3163,,,0
801,'4960',609,,661,,,0,40,,662,,,0,51,,663,,,0,16,,664,,,0,7,,665,,,0,16,,666,,,0,15,,667,,,0,55,,668,,,0,15,,669,,,0,15,,670,,,0,15,,671,,,0,55,,672,,,0,15,,673,,,0,15,,674,,,0,15,,675,,,0,55,,676,,,0,15,,677,,,0,15,,678,,,0,15,,679,,,0,55,,680,,,0,15,,681,,,0,15,,682,,,0,15,,683,,,0,55,,684,,,0,15,,685,,,0,15,,686,,,0,15,,687,,,0,55,,688,,,0,15,,689,,,0,15,,690,,,0,15,,691,,,0,55,,692,,,0,15,,693,,,0,15,,694,,,0,16,,695,,,0,56,,697,,,0,16,,698,,,0,19,,700,,,0,56,,701,,,0,14,,702,,,0,15,,703,,,0,16,,704,,,0,56,,705,,,0,16,,706,,,0,15,,707,,,0,15,,708,,,0,55,,709,,,0,16,,710,,,0,14,,711,,,0,15,,712,,,0,56,,713,,,0,17,,714,,,0,18,,715,,,0,65,,716,,,0,26,,717,,,0,24,,718,,,0,64,,719,,,0,25,,720,,,0,64,,721,,,0,45,,722,,,0,84,,723,,,0,85,,724,,,0,85,,725,,,0
801,'4961',609,,3180,,,0,40,,3181,,,0,51,,3182,,,0,16,,3183,,,0,7,,3184,,,0,16,,3185,,,0,15,,3186,,,0,55,,3187,,,0,15,,3188,,,0,15,,3189,,,0,15,,3190,,,0,55,,3191,,,0,15,,3192,,,0,15,,3193,,,0,15,,3194,,,0,55,,3195,,,0,15,,3196,,,0,15,,3197,,,0,15,,3198,,,0,55,,3199,,,0,15,,3200,,,0,15,,3201,,,0,15,,3202,,,0,55,,3203,,,0,15,,3204,,,0,15,,3205,,,0,15,,3206,,,0,55,,3207,,,0,15,,3208,,,0,15,,3209,,,0,15,,3210,,,0,55,,3211,,,0,15,,3212,,,0,15,,3213,,,0,16,,3214,,,0,56,,3215,,,0,16,,3216,,,0,19,,3217,,,0,56,,3218,,,0,14,,3219,,,0,15,,3220,,,0,16,,3221,,,0,56,,3222,,,0,16,,3223,,,0,15,,3224,,,0,15,,3225,,,0,55,,3226,,,0,16,,3227,,,0,14,,3228,,,0,15,,3229,,,0,56,,3230,,,0,17,,3231,,,0,18,,3232,,,0,65,,3233,,,0,26,,3234,,,0,24,,3235,,,0,64,,3236,,,0,25,,3237,,,0,64,,3238,,,0,45,,3239,,,0,84,,3240,,,0,85,,3241,,,0,85,,3242,,,0
1101,'4794',758,,1066,,,0,143,,1069,,,0,101,,1053,,,0,100,,1056,,,0,100,,1060,,,0,100,,1054,,,0,100,,1055,,,0,100,,1058,,,0,100,,1057,,,0,99,,1063,,,0,100,,1061,,,0,100,,1059,,,0,99,,1062,,,0,100,,1064,,,0,100,,1065,,,0,57,,1067,,,0,100,,1068,,,0
1101,'4795',559,,1084,,,0,71,,1087,,,0,70,,1080,,,0,32,,1078,,,0,72,,1074,,,0,32,,1088,,,0,70,,1079,,,0,30,,1075,,,0,70,,1089,,,0,99,,1083,,,0,30,,1092,,,0,70,,1071,,,0,100,,1076,,,0,30,,1090,,,0,70,,1081,,,0,103,,1091,,,0,32,,1072,,,0,68,,1085,,,0,109,,1086,,,0,29,,1093,,,0,69,,1094,,,0,98,,1096,,,0,28,,1097,,,0,70,,1103,,,0,130,,1099,,,0,198,,1101,,,0
1101,'4800',728,,1109,,,0,30,,1106,,,0,73,,1107,,,0,70,,1104,,,0,31,,1111,,,0,70,,1113,,,0,30,,1115,,,0,72,,1108,,,0,30,,1105,,,0,70,,1112,,,0,30,,1116,,,0,70,,1110,,,0,32,,1117,,,0,70,,1118,,,0,30,,1119,,,0,70,,1120,,,0,30,,1114,,,0,69,,1121,,,0,29,,1122,,,0,69,,1124,,,0,30,,1125,,,0,70,,1126,,,0,28,,1123,,,0,70,,1127,,,0,30,,1128,,,0,100,,1129,,,0,100,,1130,,,0,99,,1131,,,0,97,,1132,,,0,99,,1133,,,0
1101,'4960',1035,,1073,,,0,200,,1082,,,0,200,,1077,,,0,207,,1070,,,0,201,,1095,,,0,198,,1098,,,0,198,,1100,,,0,190,,1102,0,5 6,0
1101,'4961',1035,,3254,,,0,200,,3256,,,0,200,,3255,,,0,207,,3253,,,0,201,,3257,,,0,198,,3258,,,0,198,,3259,,,0,190,,3260,0,5 6,0
