1000,'4327',754,,4725,32,,,0,87,,4713,32,,,0,86,,4726,32,,,0,85,,4714,32,,,0,46,,4715,32,,,0,85,,4717,32,,,0,85,,4727,32,,,0,85,,4718,32,,,0,45,,4716,32,,,0,85,,4719,32,,,0,85,,4728,32,,,0,85,,4720,32,,,0,45,,4723,32,,,0,85,,4724,32,,,0,82,,4729,32,,,0,85,,4722,32,,,0,44,,4721,32,,,0,85,,4732,32,,,0,82,,4733,32,,,0,85,,4730,32,,,0,45,,4735,32,,,0,85,,4731,32,,,0,85,,4734,32,,,0
1000,'4795',547,,3084,32,,,0,80,,3078,32,,,0,20,,3066,32,,,0,60,,3074,32,,,0,21,,3069,32,,,0,23,,3080,32,,,0,60,,3067,32,,,0,20,,3075,32,,,0,20,,3065,32,,,0,61,,3071,32,,,0,25,,3081,32,,,0,74,,3068,32,,,0,32,,3070,32,,,0,73,,3079,32,,,0,32,,3076,32,,,0,72,,3073,32,,,0,32,,3083,32,,,0,72,,3077,32,,,0,32,,3072,32,,,0,72,,3082,32,,,0,28,,854,32,,,0,61,,3064,32,,,0,20,,3086,32,,,0,21,,3087,32,,,0,60,,3088,32,,,0,20,,845,32,,,0,20,,3089,32,,,0,59,,3090,32,,,0,18,,3091,32,,,0,18,,3092,32,,,0,58,,850,32,,,0,19,,3093,32,,,0,79,,3094,32,,,0,39,,3095,32,,,0,80,,3062,32,,,0,78,,3096,32,,,0,39,,3063,32,,,0,78,,3060,32,,,0,80,,3097,32,,,0,40,,3059,32,,,0,79,,3061,32,,,0,80,,3098,32,,,0
1000,'4800',757,,3120,32,,,0,85,,3107,32,,,0,87,,3108,32,,,0,87,,3102,32,,,0,86,,3101,32,,,0,45,,3109,32,,,0,85,,3110,32,,,0,85,,3103,32,,,0,85,,3116,32,,,0,45,,3117,32,,,0,85,,3114,32,,,0,85,,3119,32,,,0,85,,3112,32,,,0,44,,3106,32,,,0,83,,3121,32,,,0,84,,3111,32,,,0,44,,3099,32,,,0,85,,3115,32,,,0,83,,3104,32,,,0,84,,3100,32,,,0,43,,3118,32,,,0,84,,3105,32,,,0,85,,3113,32,,,0
1000,'5102',547,,4761,32,,,0,80,,4755,32,,,0,20,,4743,32,,,0,60,,4752,32,,,0,21,,4746,32,,,0,23,,4758,32,,,0,60,,4744,32,,,0,20,,4753,32,,,0,20,,4742,32,,,0,61,,4748,32,,,0,25,,4759,32,,,0,74,,4745,32,,,0,32,,4747,32,,,0,73,,4756,32,,,0,32,,4754,32,,,0,72,,4750,32,,,0,32,,4757,32,,,0,72,,4751,32,,,0,32,,4749,32,,,0,72,,4760,32,,,0,28,,4775,32,,,0,61,,4741,32,,,0,20,,4763,32,,,0,21,,4764,32,,,0,60,,4765,32,,,0,20,,4766,32,,,0,20,,4767,32,,,0,59,,4768,32,,,0,18,,4770,32,,,0,18,,4771,32,,,0,58,,4772,32,,,0,19,,4769,32,,,0,79,,4773,32,,,0,39,,4774,32,,,0,80,,4739,32,,,0,78,,4776,32,,,0,39,,4740,32,,,0,78,,4738,32,,,0,80,,4777,32,,,0,40,,4737,32,,,0,79,,4736,32,,,0,80,,4778,32,,,0
1000,'5105',757,,4800,32,,,0,85,,4787,32,,,0,87,,4788,32,,,0,87,,4782,32,,,0,86,,4781,32,,,0,45,,4789,32,,,0,85,,4790,32,,,0,85,,4783,32,,,0,85,,4796,32,,,0,45,,4797,32,,,0,85,,4794,32,,,0,85,,4799,32,,,0,85,,4792,32,,,0,44,,4786,32,,,0,83,,4801,32,,,0,84,,4791,32,,,0,44,,4779,32,,,0,85,,4795,32,,,0,83,,4784,32,,,0,84,,4780,32,,,0,43,,4798,32,,,0,84,,4785,32,,,0,85,,4793,32,,,0
1100,'4327',801,,4906,38,,,0,104,,4893,38,,,0,101,,4894,38,,,0,101,,4897,38,,,0,100,,4898,38,,,0,101,,4896,38,,,0,99,,4899,38,,,0,100,,4895,38,,,0,101,,4902,38,,,0,100,,4903,38,,,0,99,,4900,38,,,0,98,,4904,38,,,0,99,,4901,38,,,0,99,,4905,38,,,0,99,,4909,38,,,0,99,,4907,38,,,0,99,,4908,38,,,0
1100,'4795',607,,3224,38,,,0,30,,3225,38,,,0,71,,3226,38,,,0,33,,1005,38,,,0,70,,3227,38,,,0,33,,3228,38,,,0,70,,3229,38,,,0,28,,3230,38,,,0,70,,3231,38,,,0,30,,3232,38,,,0,70,,3222,38,,,0,30,,3219,38,,,0,71,,3221,38,,,0,31,,3211,38,,,0,70,,3218,38,,,0,30,,3216,38,,,0,70,,3223,38,,,0,31,,3214,38,,,0,73,,3217,38,,,0,31,,3215,38,,,0,75,,3212,38,,,0,34,,3213,38,,,0,68,,3220,38,,,0,27,,3233,38,,,0,69,,3234,38,,,0,30,,3235,38,,,0,66,,3236,38,,,0,30,,3237,38,,,0,100,,3238,38,,,0,100,,3239,38,,,0,98,,3240,38,,,0,100,,3241,38,,,0
1100,'4800',706,,3264,38,,,0,32,,3265,38,,,0,70,,3247,38,,,0,31,,3244,38,,,0,71,,3245,38,,,0,30,,3248,38,,,0,72,,3249,38,,,0,30,,3246,38,,,0,71,,3243,38,,,0,31,,3250,38,,,0,71,,3251,38,,,0,30,,3252,38,,,0,70,,3253,38,,,0,30,,3254,38,,,0,70,,3256,38,,,0,30,,3257,38,,,0,70,,3258,38,,,0,30,,3255,38,,,0,70,,3259,38,,,0,30,,3261,38,,,0,70,,3262,38,,,0,30,,3260,38,,,0,69,,3263,38,,,0,29,,3266,38,,,0,69,,3267,38,,,0,30,,3268,38,,,0,99,,3269,38,,,0,100,,3270,38,,,0,96,,3271,38,,,0,99,,3272,38,,,0,89,,3273,38,,,0
1100,'5102',607,,4924,38,,,0,30,,4925,38,,,0,71,,4922,38,,,0,33,,4926,38,,,0,70,,4927,38,,,0,33,,4928,38,,,0,70,,4929,38,,,0,28,,4930,38,,,0,70,,4931,38,,,0,30,,4932,38,,,0,70,,4921,38,,,0,30,,4918,38,,,0,71,,4920,38,,,0,31,,4910,38,,,0,70,,4917,38,,,0,30,,4915,38,,,0,70,,4923,38,,,0,31,,4913,38,,,0,73,,4916,38,,,0,31,,4914,38,,,0,75,,4911,38,,,0,34,,4912,38,,,0,68,,4919,38,,,0,27,,4933,38,,,0,69,,4935,38,,,0,30,,4936,38,,,0,66,,4937,38,,,0,30,,4934,38,,,0,100,,4938,38,,,0,100,,4939,38,,,0,98,,4940,38,,,0,100,,4941,38,,,0
1100,'5105',706,,4964,38,,,0,32,,4965,38,,,0,70,,4947,38,,,0,31,,4944,38,,,0,71,,4945,38,,,0,30,,4948,38,,,0,72,,4949,38,,,0,30,,4946,38,,,0,71,,4943,38,,,0,31,,4950,38,,,0,71,,4951,38,,,0,30,,4952,38,,,0,70,,4953,38,,,0,30,,4954,38,,,0,70,,4956,38,,,0,30,,4957,38,,,0,70,,4958,38,,,0,30,,4955,38,,,0,70,,4959,38,,,0,30,,4961,38,,,0,70,,4962,38,,,0,30,,4960,38,,,0,69,,4963,38,,,0,29,,4966,38,,,0,69,,4967,38,,,0,30,,4968,38,,,0,99,,4969,38,,,0,100,,4970,38,,,0,96,,4971,38,,,0,99,,4972,38,,,0,89,,4973,38,,,0
1400,'4327',822,,5121,13,,,0,103,,5122,13,,,0,100,,5120,13,,,0,100,,5117,13,,,0,100,,5119,13,,,0,100,,5123,13,,,0,100,,5118,13,,,0,100,,5129,13,,,0,100,,5130,13,,,0,100,,5126,13,,,0,97,,5127,13,,,0,100,,5125,13,,,0,100,,5128,13,,,0,100,,5124,13,,,0
1400,'4795',659,,1247,13,,,0,70,,3353,13,,,0,30,,1250,13,,,0,73,,3352,13,,,0,70,,1249,13,,,0,30,,3363,13,,,0,100,,3364,13,,,0,100,,3365,13,,,0,100,,3366,13,,,0,100,,3357,13,,,0,99,,3358,13,,,0,100,,3354,13,,,0,70,,1251,13,,,0,30,,3355,13,,,0,70,,1254,13,,,0,30,,3356,13,,,0,70,,1262,13,,,0,28,,3362,13,,,0,100,,3361,13,,,0,100,,3360,13,,,0,100,,3359,13,,,0
1400,'4800',822,,3379,13,,,0,103,,3380,13,,,0,100,,3376,13,,,0,100,,3377,13,,,0,100,,3375,13,,,0,100,,3378,13,,,0,100,,3374,13,,,0,100,,3367,13,,,0,100,,3368,13,,,0,100,,3370,13,,,0,97,,3371,13,,,0,100,,3369,13,,,0,100,,3372,13,,,0,100,,3373,13,,,0
1400,'5102',659,,5133,13,,,0,70,,5134,13,,,0,30,,5135,13,,,0,73,,5131,13,,,0,70,,5132,13,,,0,30,,5149,13,,,0,100,,5148,13,,,0,100,,5150,13,,,0,100,,5151,13,,,0,100,,5141,13,,,0,99,,5142,13,,,0,100,,5137,13,,,0,70,,5136,13,,,0,30,,5138,13,,,0,70,,5139,13,,,0,30,,5140,13,,,0,70,,5147,13,,,0,28,,5146,13,,,0,100,,5145,13,,,0,100,,5144,13,,,0,100,,5143,13,,,0
1400,'5105',822,,5164,13,,,0,103,,5165,13,,,0,100,,5161,13,,,0,100,,5162,13,,,0,100,,5160,13,,,0,100,,5163,13,,,0,100,,5159,13,,,0,100,,5152,13,,,0,100,,5153,13,,,0,100,,5155,13,,,0,97,,5156,13,,,0,100,,5154,13,,,0,100,,5157,13,,,0,100,,5158,13,,,0
