601,'4327',805,,4374,7,,,0,120,,4373,7,,,0,120,,4372,7,,,0,160,,4376,7,,,0,120,,4377,7,,,0,120,,4378,7,,,0,160,,4375,7,,,0,120,,4379,7,,,0
601,'4795',620,,459,7,,,0,35,,2769,7,,,0,75,,458,7,,,0,75,,2770,7,,,0,35,,457,7,,,0,75,,2771,7,,,0,35,,462,7,,,0,150,,461,7,,,0,110,,464,7,,,0,110,,463,7,,,0,35,,469,7,,,0,75,,460,7,,,0,75,,471,7,,,0,36,,456,7,,,0,75,,470,7,,,0,35,,454,7,,,0,74,,472,7,,,0,75,,455,7,,,0,110,,473,7,,,0,110,,474,7,,,0,210,,2773,7,,,0
601,'4800',810,,2774,7,,,0,100,,478,7,,,0,100,,480,7,,,0,100,,2775,7,,,0,100,,479,7,,,0,100,,484,7,,,0,100,,483,7,,,0,100,,482,7,,,0,200,,485,7,,,0
601,'5102',620,,4385,7,,,0,110,,4384,7,,,0,110,,4383,7,,,0,110,,4387,7,,,0,150,,4388,7,,,0,110,,4390,7,,,0,110,,4389,7,,,0,35,,4392,7,,,0,75,,4386,7,,,0,75,,4394,7,,,0,36,,4382,7,,,0,75,,4393,7,,,0,35,,4380,7,,,0,74,,4395,7,,,0,75,,4381,7,,,0,110,,4396,7,,,0,110,,4397,7,,,0
601,'5105',810,,4399,7,,,0,100,,4400,7,,,0,100,,4402,7,,,0,100,,4403,7,,,0,100,,4401,7,,,0,100,,4406,7,,,0,100,,4405,7,,,0,100,,4404,7,,,0,200,,4407,7,,,0
1800,'4327',734,,5283,7,,,0,102,,5276,7,,,0,115,,5275,7,,,0,160,,5274,7,,,0,115,,5273,7,,,0,120,,5272,7,,,0,155,,5271,7,,,0,120,,5277,7,,,0,115,,5278,7,,,0,118,,5279,7,,,0,155,,5280,7,,,0,115,,5281,7,,,0,115,,5282,7,,,0
1800,'4795',615,,3424,7,,,0,106,,1418,7,,,0,26,,1399,7,,,0,66,,1419,7,,,0,29,,1400,7,,,0,68,,1422,7,,,0,27,,1401,7,,,0,80,,1405,7,,,0,40,,1404,7,,,0,80,,1402,7,,,0,80,,1403,7,,,0,40,,1398,7,,,0,80,,1409,7,,,0,80,,1407,7,,,0,28,,1421,7,,,0,67,,1410,7,,,0,29,,1420,7,,,0,68,,1408,7,,,0,30,,1423,7,,,0,66,,1406,7,,,0,30,,1424,7,,,0,70,,1411,7,,,0,95,,1413,7,,,0,37,,1412,7,,,0,80,,1414,7,,,0,83,,1415,7,,,0,115,,1416,7,,,0
1800,'4800',734,,3427,7,,,0,101,,1427,7,,,0,100,,1428,7,,,0,100,,3425,7,,,0,100,,1425,7,,,0,100,,1429,7,,,0,100,,1430,7,,,0,100,,1431,7,,,0,100,,1432,7,,,0,100,,1433,7,,,0,100,,3426,7,,,0,84,,3428,7,,,0,115,,3429,7,,,0,115,,3430,7,,,0,155,,3431,7,,,0,115,,3432,7,,,0,115,,3433,7,,,0
1800,'5102',615,,5303,7,,,0,106,,5304,7,,,0,26,,5285,7,,,0,66,,5305,7,,,0,29,,5286,7,,,0,68,,5308,7,,,0,27,,5287,7,,,0,80,,5292,7,,,0,40,,5291,7,,,0,80,,5288,7,,,0,80,,5289,7,,,0,40,,5284,7,,,0,80,,5296,7,,,0,80,,5290,7,,,0,28,,5307,7,,,0,67,,5295,7,,,0,29,,5306,7,,,0,68,,5294,7,,,0,30,,5309,7,,,0,66,,5293,7,,,0,30,,5310,7,,,0,70,,5297,7,,,0,95,,5299,7,,,0,37,,5298,7,,,0,80,,5301,7,,,0,83,,5300,7,,,0,115,,5302,7,,,0
1800,'5105',734,,5321,7,,,0,101,,5313,7,,,0,100,,5314,7,,,0,100,,5312,7,,,0,100,,5311,7,,,0,100,,5315,7,,,0,100,,5316,7,,,0,100,,5317,7,,,0,100,,5318,7,,,0,100,,5319,7,,,0,100,,5320,7,,,0,84,,5322,7,,,0,115,,5323,7,,,0,115,,5324,7,,,0,155,,5325,7,,,0,115,,5326,7,,,0,115,,5327,7,,,0
