1100,'4327',735,,4906,1,,,0,100,,4893,1,,,0,100,,4894,1,,,0,100,,4897,1,,,0,100,,4898,1,,,0,100,,4896,1,,,0,100,,4899,1,,,0,100,,4895,1,,,0,100,,4902,1,,,0,100,,4903,1,,,0,100,,4900,1,,,0,100,,4904,1,,,0,100,,4901,1,,,0,100,,4905,1,,,0,100,,4909,1,,,0,100,,4907,1,,,0,100,,4908,1,,,0
1100,'4795',537,,3224,1,,,0,70,,3225,1,,,0,30,,3226,1,,,0,70,,1005,1,,,0,30,,3227,1,,,0,70,,3228,1,,,0,30,,3229,1,,,0,70,,3230,1,,,0,30,,3231,1,,,0,70,,3232,1,,,0,30,,3222,1,,,0,70,,3219,1,,,0,30,,3221,1,,,0,70,,3211,1,,,0,30,,3218,1,,,0,70,,3216,1,,,0,30,,3223,1,,,0,70,,3214,1,,,0,30,,3217,1,,,0,70,,3215,1,,,0,35,,3212,1,,,0,75,,3213,1,,,0,30,,3220,1,,,0,70,,3233,1,,,0,30,,3234,1,,,0,70,,3235,1,,,0,30,,3236,1,,,0,70,,3237,1,,,0,100,,3238,1,,,0,100,,3239,1,,,0,100,,3240,1,,,0,100,,3241,1,,,0,83,,3242,1,0,5 6,0
1100,'4800',640,,3264,1,,,0,70,,3265,1,,,0,30,,3247,1,,,0,70,,3244,1,,,0,30,,3245,1,,,0,70,,3248,1,,,0,30,,3249,1,,,0,70,,3246,1,,,0,30,,3243,1,,,0,70,,3250,1,,,0,30,,3251,1,,,0,70,,3252,1,,,0,30,,3253,1,,,0,70,,3254,1,,,0,30,,3256,1,,,0,70,,3257,1,,,0,30,,3258,1,,,0,70,,3255,1,,,0,30,,3259,1,,,0,70,,3261,1,,,0,30,,3262,1,,,0,70,,3260,1,,,0,30,,3263,1,,,0,70,,3266,1,,,0,30,,3267,1,,,0,70,,3268,1,,,0,100,,3269,1,,,0,100,,3270,1,,,0,100,,3271,1,,,0,100,,3272,1,,,0,90,,3273,1,,,0
1100,'5102',537,,4924,1,,,0,70,,4925,1,,,0,30,,4922,1,,,0,70,,4926,1,,,0,30,,4927,1,,,0,70,,4928,1,,,0,30,,4929,1,,,0,70,,4930,1,,,0,30,,4931,1,,,0,70,,4932,1,,,0,30,,4921,1,,,0,70,,4918,1,,,0,30,,4920,1,,,0,70,,4910,1,,,0,30,,4917,1,,,0,70,,4915,1,,,0,30,,4923,1,,,0,70,,4913,1,,,0,30,,4916,1,,,0,70,,4914,1,,,0,35,,4911,1,,,0,75,,4912,1,,,0,30,,4919,1,,,0,70,,4933,1,,,0,30,,4935,1,,,0,70,,4936,1,,,0,30,,4937,1,,,0,70,,4934,1,,,0,100,,4938,1,,,0,100,,4939,1,,,0,100,,4940,1,,,0,100,,4941,1,,,0,83,,4942,1,0,5 6,0
1100,'5105',640,,4964,1,,,0,70,,4965,1,,,0,30,,4947,1,,,0,70,,4944,1,,,0,30,,4945,1,,,0,70,,4948,1,,,0,30,,4949,1,,,0,70,,4946,1,,,0,30,,4943,1,,,0,70,,4950,1,,,0,30,,4951,1,,,0,70,,4952,1,,,0,30,,4953,1,,,0,70,,4954,1,,,0,30,,4956,1,,,0,70,,4957,1,,,0,30,,4958,1,,,0,70,,4955,1,,,0,30,,4959,1,,,0,70,,4961,1,,,0,30,,4962,1,,,0,70,,4960,1,,,0,30,,4963,1,,,0,70,,4966,1,,,0,30,,4967,1,,,0,70,,4968,1,,,0,100,,4969,1,,,0,100,,4970,1,,,0,100,,4971,1,,,0,100,,4972,1,,,0,90,,4973,1,,,0
1101,'4327',812,,4987,53,4,,0,105,,4990,53,4,,0,101,,4975,53,4,,0,101,,4977,53,4,,0,100,,4981,53,4,,0,100,,4976,53,4,,0,100,,4974,53,4,,0,100,,4979,53,4,,0,100,,4978,53,4,,0,98,,4984,53,4,,0,100,,4982,53,4,,0,98,,4980,53,4,,0,98,,4983,53,4,,0,99,,4985,53,4,,0,100,,4986,53,4,,0,97,,4988,53,4,,0,99,,4989,53,4,,0
1101,'4795',612,,3288,53,4,,0,31,,1087,53,4,,0,73,,3284,53,4,,0,35,,3282,53,4,,0,72,,3278,53,4,,0,32,,1088,53,4,,0,69,,3283,53,4,,0,30,,3279,53,4,,0,71,,3291,53,4,,0,29,,3277,53,4,,0,70,,3287,53,4,,0,30,,3294,53,4,,0,70,,3275,53,4,,0,30,,3286,53,4,,0,70,,3280,53,4,,0,30,,3292,53,4,,0,70,,3285,53,4,,0,31,,3281,53,4,,0,73,,3293,53,4,,0,72,,3276,53,4,,0,28,,3289,53,4,,0,74,,3274,53,4,,0,32,,3290,53,4,,0,68,,3295,53,4,,0,29,,3296,53,4,,0,27,,3297,53,4,,0,69,,3298,53,4,,0,28,,3299,53,4,,0,70,,3305,53,4,,0,30,,3300,53,4,,0,100,,3301,53,4,,0,96,,3302,53,4,,0,100,,3303,53,4,,0
1101,'4800',744,,3311,53,4,,0,71,,3308,53,4,,0,33,,3309,53,4,,0,70,,3306,53,4,,0,31,,3313,53,4,,0,71,,3315,53,4,,0,30,,3317,53,4,,0,72,,3310,53,4,,0,30,,3307,53,4,,0,70,,3314,53,4,,0,30,,3318,53,4,,0,70,,3312,53,4,,0,32,,3319,53,4,,0,70,,3320,53,4,,0,30,,3321,53,4,,0,70,,3322,53,4,,0,30,,3316,53,4,,0,69,,3323,53,4,,0,29,,3324,53,4,,0,68,,3326,53,4,,0,30,,3327,53,4,,0,69,,3328,53,4,,0,28,,3325,53,4,,0,70,,3329,53,4,,0,30,,3330,53,4,,0,100,,3331,53,4,,0,100,,3332,53,4,,0,98,,3333,53,4,,0,97,,3334,53,4,,0,99,,3335,53,4,,0
1101,'5102',612,,5005,53,4,,0,31,,5008,53,4,,0,73,,5003,53,4,,0,35,,4999,53,4,,0,72,,4995,53,4,,0,32,,5009,53,4,,0,69,,5002,53,4,,0,30,,4996,53,4,,0,71,,5010,53,4,,0,29,,4994,53,4,,0,70,,5001,53,4,,0,30,,5013,53,4,,0,70,,4992,53,4,,0,30,,5000,53,4,,0,70,,4997,53,4,,0,30,,5011,53,4,,0,70,,5004,53,4,,0,31,,4998,53,4,,0,73,,5012,53,4,,0,72,,4993,53,4,,0,28,,5006,53,4,,0,74,,4991,53,4,,0,32,,5007,53,4,,0,68,,5014,53,4,,0,29,,5015,53,4,,0,27,,5016,53,4,,0,69,,5017,53,4,,0,28,,5018,53,4,,0,70,,5024,53,4,,0,30,,5019,53,4,,0,100,,5020,53,4,,0,96,,5021,53,4,,0,100,,5022,53,4,,0
1101,'5105',744,,5030,53,4,,0,71,,5026,53,4,,0,33,,5028,53,4,,0,70,,5025,53,4,,0,31,,5032,53,4,,0,71,,5034,53,4,,0,30,,5036,53,4,,0,72,,5029,53,4,,0,30,,5027,53,4,,0,70,,5033,53,4,,0,30,,5037,53,4,,0,70,,5031,53,4,,0,32,,5038,53,4,,0,70,,5039,53,4,,0,30,,5040,53,4,,0,70,,5041,53,4,,0,30,,5035,53,4,,0,69,,5042,53,4,,0,29,,5043,53,4,,0,68,,5045,53,4,,0,30,,5046,53,4,,0,69,,5047,53,4,,0,28,,5044,53,4,,0,70,,5048,53,4,,0,30,,5049,53,4,,0,100,,5050,53,4,,0,100,,5051,53,4,,0,98,,5052,53,4,,0,97,,5053,53,4,,0,99,,5054,53,4,,0
