9700,'4327',740,,6184,11,,,0,70,,6181,11,,,0,31,,6185,11,,,0,70,,6183,11,,,0,32,,6157,11,,,0,71,,6182,11,,,0,33,,6158,11,,,0,71,,6178,11,,,0,31,,6159,11,,,0,70,,6180,11,,,0,31,,6161,11,,,0,70,,6179,11,,,0,30,,6162,11,,,0,70,,6176,11,,,0,30,,6163,11,,,0,69,,6177,11,,,0,30,,6167,11,,,0,70,,6173,11,,,0,30,,6168,11,,,0,69,,6172,11,,,0,29,,6160,11,,,0,70,,6174,11,,,0,30,,6165,11,,,0,68,,6171,11,,,0,27,,6166,11,,,0,69,,6175,11,,,0,30,,6164,11,,,0,69,,6186,11,,,0,30,,6169,11,,,0,70,,6188,11,,,0,28,,6170,11,,,0,100,,6187,11,,,0
9700,'4795',546,,3654,2,,,0,109,,3647,11,,,0,55,,3645,11,,,0,17,,3653,11,,,0,20,,3650,11,,,0,55,,3641,11,,,0,45,,3648,11,,,0,53,,3637,11,,,0,13,,3646,11,,,0,29,,3655,11,,,0,14,,3649,11,,,0,57,,3640,11,,,0,46,,3651,11,,,0,55,,3634,11,,,0,30,,3656,11,,,0,15,,3652,11,,,0,56,,3643,11,,,0,88,,3632,11,,,0,16,,3639,11,,,0,32,,3657,11,,,0,55,,3630,11,,,0,15,,3644,11,,,0,89,,3633,11,,,0,17,,3638,11,,,0,16,,3629,11,,,0,70,,3658,11,,,0,15,,3627,11,,,0,15,,3642,11,,,0,87,,3631,11,,,0,18,,3635,11,,,0,60,,3628,11,,,0,38,,3626,11,,,0,100,,3636,11,,,0,62,,3659,11,,,0,126,,3660,11,,,0,22,,3661,11,,,0,175,,3662,11,,,0,179,,3663,11,,,0
9700,'4796',623,,3671,2,,,0,17,,3679,11,,,0,177,,3672,11,,,0,15,,3680,11,,,0,95,,3670,11,,,0,102,,3673,11,,,0,15,,3678,11,,,0,85,,3674,11,,,0,102,,3676,11,,,0,16,,3682,11,,,0,88,,3675,11,,,0,102,,3668,11,,,0,16,,3681,11,,,0,105,,3684,11,,,0,100,,3667,11,,,0,55,,3677,11,,,0,115,,3683,11,,,0,77,,3666,11,,,0,19,,3669,11,,,0,106,,3685,11,,,0,25,,3686,11,,,0,59,,3694,11,,,0,104,,3687,11,,,0,24,,3688,11,,,0,65,,3689,11,,,0,49,,3690,11,,,0,65,,3691,11,,,0,24,,3692,11,,,0,90,,3693,11,,,0
9700,'4799',623,,3700,2,,,0,17,,3708,11,,,0,177,,3701,11,,,0,15,,3709,11,,,0,95,,3699,11,,,0,102,,3702,11,,,0,15,,3707,11,,,0,85,,3703,11,,,0,102,,3705,11,,,0,16,,3711,11,,,0,88,,3704,11,,,0,102,,3697,11,,,0,16,,3710,11,,,0,105,,3713,11,,,0,100,,3696,11,,,0,55,,3706,11,,,0,115,,3712,11,,,0,77,,3695,11,,,0,19,,3698,11,,,0,106,,3715,11,,,0,25,,3716,11,,,0,59,,3725,11,,,0,104,,3717,11,,,0,24,,3718,11,,,0,65,,3719,11,,,0,49,,3720,11,,,0,65,,3721,11,,,0,24,,3722,11,,,0,90,,3723,11,,,0,65,,3724,11,,,0,25,,3714,11,,,0
9700,'4800',739,,3731,11,,,0,70,,3727,11,,,0,31,,3732,11,,,0,70,,3726,11,,,0,30,,3730,11,,,0,73,,3728,11,,,0,32,,3734,11,,,0,71,,3736,11,,,0,30,,3729,11,,,0,71,,3733,11,,,0,30,,3739,11,,,0,70,,3738,11,,,0,30,,3735,11,,,0,70,,3740,11,,,0,30,,3737,11,,,0,70,,3741,11,,,0,29,,3742,11,,,0,69,,3743,11,,,0,29,,3745,11,,,0,70,,3747,11,,,0,30,,3748,11,,,0,76,,3744,11,,,0,28,,3749,11,,,0,69,,3746,11,,,0,30,,3750,11,,,0,69,,3763,11,,,0,30,,3753,11,,,0,70,,3756,11,,,0,30,,3751,11,,,0,69,,3757,11,,,0,28,,3754,11,,,0,69,,3758,11,,,0,30,,3752,11,,,0,70,,3759,11,,,0,29,,3755,11,,,0,70,,3760,11,,,0,30,,3761,11,,,0,70,,3762,11,,,0
9700,'5102',546,,6214,2,,,0,77,,6244,2,,,0,22,,6211,11,,,0,61,,6203,11,,,0,21,,6206,11,,,0,26,,6210,11,,,0,63,,6204,11,,,0,21,,6208,11,,,0,20,,6207,11,,,0,60,,6200,11,,,0,20,,6197,11,,,0,63,,6217,11,,,0,28,,6209,11,,,0,28,,6213,11,,,0,70,,6198,11,,,0,29,,6219,11,,,0,69,,6205,11,,,0,29,,6216,11,,,0,69,,6202,11,,,0,21,,6242,11,,,0,60,,6220,11,,,0,19,,6240,11,,,0,20,,6215,11,,,0,60,,6196,11,,,0,22,,6201,11,,,0,20,,6218,11,,,0,61,,6223,11,,,0,20,,6192,11,,,0,20,,6191,11,,,0,59,,6212,11,,,0,17,,6195,11,,,0,17,,6193,11,,,0,18,,6235,11,,,0,58,,6236,11,,,0,18,,6237,11,,,0,17,,6189,11,,,0,58,,6190,11,,,0,19,,6241,11,,,0,19,,6194,11,,,0,60,,6199,11,,,0,19,,6225,11,,,0,23,,6226,11,,,0,63,,6239,11,,,0,22,,6238,11,,,0,25,,6222,11,,,0,64,,6227,11,,,0,23,,6224,11,,,0,65,,6228,11,,,0,23,,6229,11,,,0,25,,6230,11,,,0,65,,6231,11,,,0,25,,6232,11,,,0,64,,6233,11,,,0,25,,6234,11,,,0
9700,'5105',739,,6250,11,,,0,70,,6246,11,,,0,32,,6251,11,,,0,72,,6245,11,,,0,31,,6249,11,,,0,73,,6247,11,,,0,31,,6253,11,,,0,71,,6255,11,,,0,33,,6248,11,,,0,73,,6252,11,,,0,32,,6258,11,,,0,72,,6257,11,,,0,72,,6254,11,,,0,32,,6259,11,,,0,72,,6256,11,,,0,31,,6260,11,,,0,71,,6261,11,,,0,30,,6263,11,,,0,72,,6265,11,,,0,32,,6266,11,,,0,72,,6262,11,,,0,30,,6267,11,,,0,72,,6264,11,,,0,32,,6268,11,,,0,69,,6279,11,,,0,32,,6271,11,,,0,70,,6274,11,,,0,30,,6269,11,,,0,69,,6275,11,,,0,27,,6272,11,,,0,69,,6276,11,,,0,30,,6270,11,,,0,70,,6277,11,,,0,29,,6273,11,,,0
9800,'4327',912,,6407,6,,,0,45,,6415,6,,,0,87,,6406,6,,,0,85,,6408,6,,,0,85,,6405,6,,,0,45,,6410,6,,,0,85,,6404,6,,,0,85,,6409,6,,,0,85,,6402,6,,,0,45,,6411,6,,,0,85,,6403,6,,,0,85,,6412,6,,,0,130,,6413,6,,,0,168,,6414,6,,,0
9800,'4795',643,,2670,6,,,0,60,,2666,6,,,0,20,,2669,6,,,0,21,,2668,6,,,0,61,,2680,6,,,0,21,,2657,6,,,0,21,,2660,6,,,0,61,,2655,6,,,0,42,,2648,6,,,0,83,,2671,6,,,0,84,,2675,6,,,0,83,,2656,6,,,0,45,,2658,6,,,0,85,,2677,6,,,0,86,,2649,6,,,0,88,,2659,6,,,0,20,,2673,6,,,0,20,,2678,6,,,0,60,,2665,6,,,0,20,,2652,6,,,0,20,,2663,6,,,0,60,,2661,6,,,0,17,,2654,6,,,0,19,,2650,6,,,0,60,,2651,6,,,0,20,,2672,6,,,0,29,,2679,6,,,0,80,,2664,6,,,0,80,,2676,6,,,0,40,,2674,6,,,0,79,,2647,6,,,0,80,,2667,6,,,0,40,,2653,6,,,0,79,,2662,6,,,0
9800,'4800',912,,2685,6,,,0,45,,2694,6,,,0,89,,2686,6,,,0,85,,2689,6,,,0,85,,2683,6,,,0,85,,2688,6,,,0,45,,2684,6,,,0,85,,2691,6,,,0,85,,2681,6,,,0,84,,2690,6,,,0,45,,2682,6,,,0,85,,2687,6,,,0,129,,2692,6,,,0,170,,2693,6,,,0
9800,'5102',643,,6437,6,,,0,60,,6433,6,,,0,20,,6440,6,,,0,21,,6435,6,,,0,61,,6441,6,,,0,21,,6439,6,,,0,82,,6434,6,,,0,42,,6438,6,,,0,83,,6436,6,,,0,84,,6432,6,,,0,83,,6419,6,,,0,45,,6420,6,,,0,85,,6426,6,,,0,86,,6416,6,,,0,88,,6431,6,,,0,20,,6443,6,,,0,20,,6442,6,,,0,60,,6430,6,,,0,20,,6445,6,,,0,20,,6428,6,,,0,60,,6444,6,,,0,32,,6427,6,,,0,82,,6429,6,,,0,89,,6422,6,,,0,50,,6425,6,,,0,86,,6424,6,,,0,85,,6417,6,,,0,80,,6423,6,,,0,40,,6418,6,,,0,79,,6421,6,,,0
9800,'5105',912,,6450,6,,,0,45,,6459,6,,,0,89,,6451,6,,,0,85,,6454,6,,,0,85,,6448,6,,,0,85,,6453,6,,,0,45,,6449,6,,,0,85,,6456,6,,,0,85,,6446,6,,,0,84,,6455,6,,,0,45,,6447,6,,,0,85,,6452,6,,,0,129,,6457,6,,,0,170,,6458,6,,,0
