801,'4327',621,,4554,2,,,0,37,,4555,16,,,0,75,,4556,16,,,0,75,,4557,16,,,0,36,,4558,16,,,0,75,,4559,16,,,0,35,,4560,16,,,0,75,,4561,16,,,0,75,,4563,16,,,0,30,,4564,16,,,0,70,,4565,16,,,0,30,,4562,16,,,0,70,,4568,16,,,0,30,,4569,16,,,0,70,,4566,16,,,0,30,,4567,16,,,0,70,,4570,16,,,0,30,,4571,16,,,0,70,,4572,16,,,0,30,,4574,16,,,0,70,,4575,16,,,0,30,,4576,16,,,0,69,,4573,16,,,0,30,,4577,16,,,0,70,,4578,16,,,0,30,,4579,16,,,0,70,,4580,16,,,0,45,,4581,16,,,0,85,,4582,16,,,0,85,,4583,16,,,0,85,,4552,16,,,0,45,,4553,16,,,0
801,'4795',559,,2938,16,,,0,79,,2939,2,,,0,11,,2940,16,,,0,55,,2941,2,,,0,7,,2942,16,,,0,16,,2943,16,,,0,15,,2944,16,,,0,15,,2945,16,,,0,55,,2946,16,,,0,15,,2947,16,,,0,15,,2948,16,,,0,15,,2949,16,,,0,55,,2950,16,,,0,15,,2951,16,,,0,15,,2952,16,,,0,15,,2953,16,,,0,55,,2954,16,,,0,15,,2955,16,,,0,15,,2956,16,,,0,15,,2957,16,,,0,55,,2958,16,,,0,15,,2959,16,,,0,15,,2960,16,,,0,15,,2961,16,,,0,55,,2962,16,,,0,15,,2963,16,,,0,15,,2964,16,,,0,15,,2965,16,,,0,55,,2966,16,,,0,15,,2967,16,,,0,15,,2968,16,,,0,15,,2969,16,,,0,55,,2970,16,,,0,15,,2971,16,,,0,15,,2972,16,,,0,16,,2973,16,,,0,55,,2974,16,,,0,16,,699,5,,,0,3,,2975,16,,,0,16,,2976,16,,,0,54,,2977,16,,,0,16,,2978,16,,,0,16,,2979,16,,,0,16,,2980,16,,,0,56,,2981,16,,,0,15,,2982,16,,,0,16,,2983,16,,,0,15,,2984,16,,,0,56,,2985,16,,,0,15,,2986,16,,,0,16,,2987,16,,,0,16,,2988,16,,,0,57,,2989,16,,,0,18,,2990,16,,,0,25,,2991,16,,,0,66,,2992,16,,,0,24,,2993,16,,,0,65,,2994,16,,,0,25,,2995,16,,,0,65,,2996,16,,,0,45,,2997,16,,,0,84,,2998,16,,,0,85,,2999,16,,,0,45,,3000,16,,,0
801,'4800',621,,3025,2,,,0,37,,3032,16,,,0,75,,3015,16,,,0,75,,3022,16,,,0,36,,3031,16,,,0,75,,3014,16,,,0,35,,3024,16,,,0,75,,3030,16,,,0,30,,3004,16,,,0,70,,3013,16,,,0,25,,3019,16,,,0,65,,3029,16,,,0,25,,761,16,,,0,60,,3002,16,,,0,20,,3012,16,,,0,20,,3034,16,,,0,60,,3018,16,,,0,20,,3027,16,,,0,20,,763,16,,,0,60,,3001,16,,,0,20,,3010,16,,,0,20,,3033,16,,,0,60,,3016,16,,,0,20,,3026,16,,,0,20,,764,16,,,0,60,,3003,16,,,0,20,,3011,16,,,0,19,,3035,16,,,0,60,,3017,16,,,0,20,,3028,16,,,0,20,,759,16,,,0,60,,3005,16,,,0,30,,3007,16,,,0,70,,3020,16,,,0,45,,3006,16,,,0,85,,3023,16,,,0,85,,3008,16,,,0,85,,3021,16,,,0,44,,3009,16,,,0,85,,749,16,,,0
801,'5102',559,,4584,16,,,0,79,,4585,2,,,0,11,,4586,16,,,0,55,,4587,2,,,0,7,,4588,16,,,0,16,,4589,16,,,0,15,,4591,16,,,0,15,,4592,16,,,0,55,,4593,16,,,0,15,,4590,16,,,0,15,,4595,16,,,0,15,,4596,16,,,0,55,,4597,16,,,0,15,,4594,16,,,0,15,,4598,16,,,0,15,,4599,16,,,0,55,,4600,16,,,0,15,,4601,16,,,0,15,,4602,16,,,0,15,,4603,16,,,0,55,,4604,16,,,0,15,,4606,16,,,0,15,,4607,16,,,0,15,,4609,16,,,0,55,,4605,16,,,0,15,,4610,16,,,0,15,,4611,16,,,0,15,,4608,16,,,0,55,,4612,16,,,0,15,,4613,16,,,0,15,,4614,16,,,0,15,,4615,16,,,0,55,,4616,16,,,0,15,,4617,16,,,0,15,,4619,16,,,0,16,,4621,16,,,0,55,,4618,16,,,0,16,,4622,5,,,0,3,,4623,16,,,0,16,,4624,16,,,0,54,,4625,16,,,0,16,,4626,16,,,0,16,,4627,16,,,0,16,,4628,16,,,0,56,,4630,16,,,0,15,,4632,16,,,0,16,,4633,16,,,0,15,,4629,16,,,0,56,,4634,16,,,0,15,,4631,16,,,0,16,,4635,16,,,0,16,,4636,16,,,0,57,,4637,16,,,0,18,,4638,16,,,0,25,,4639,16,,,0,66,,4640,16,,,0,24,,4641,16,,,0,65,,4642,16,,,0,25,,4643,16,,,0,65,,4644,16,,,0,45,,4646,16,,,0,84,,4647,16,,,0,85,,4648,16,,,0,45,,4645,16,,,0
801,'5105',621,,4674,2,,,0,37,,4681,16,,,0,75,,4663,16,,,0,75,,4670,16,,,0,36,,4680,16,,,0,75,,4662,16,,,0,35,,4673,16,,,0,75,,4679,16,,,0,30,,4652,16,,,0,70,,4661,16,,,0,25,,4667,16,,,0,65,,4678,16,,,0,25,,4684,16,,,0,60,,4650,16,,,0,20,,4660,16,,,0,20,,4685,16,,,0,60,,4666,16,,,0,20,,4676,16,,,0,20,,4686,16,,,0,60,,4649,16,,,0,20,,4658,16,,,0,20,,4683,16,,,0,60,,4664,16,,,0,20,,4675,16,,,0,20,,4687,16,,,0,60,,4651,16,,,0,20,,4659,16,,,0,19,,4688,16,,,0,60,,4665,16,,,0,20,,4677,16,,,0,20,,4682,16,,,0,60,,4653,16,,,0,30,,4655,16,,,0,70,,4668,16,,,0,45,,4654,16,,,0,85,,4671,16,,,0,85,,4656,16,,,0,85,,4669,16,,,0,44,,4657,16,,,0,85,,4672,16,,,0
1400,'4327',824,,5121,15,,,0,103,,5122,15,,,0,100,,5120,15,,,0,100,,5117,15,,,0,100,,5119,15,,,0,100,,5123,15,,,0,100,,5118,15,,,0,100,,5129,15,,,0,100,,5130,15,,,0,100,,5126,15,,,0,97,,5127,15,,,0,100,,5125,15,,,0,100,,5128,15,,,0,100,,5124,15,,,0
1400,'4795',701,,1247,15,,,0,30,,3353,15,,,0,70,,1250,15,,,0,33,,3352,15,,,0,70,,1249,15,,,0,30,,3363,15,,,0,100,,3364,15,,,0,100,,3365,15,,,0,100,,3366,15,,,0,100,,3357,15,,,0,99,,3358,15,,,0,100,,3354,15,,,0,70,,1251,15,,,0,30,,3355,15,,,0,70,,1254,15,,,0,30,,3356,15,,,0,70,,1262,15,,,0,28,,3362,15,,,0,100,,3361,15,,,0,100,,3360,15,,,0,100,,3359,15,,,0
1400,'4800',824,,3379,15,,,0,103,,3380,15,,,0,100,,3376,15,,,0,100,,3377,15,,,0,100,,3375,15,,,0,100,,3378,15,,,0,100,,3374,15,,,0,100,,3367,15,,,0,100,,3368,15,,,0,100,,3370,15,,,0,97,,3371,15,,,0,100,,3369,15,,,0,100,,3372,15,,,0,100,,3373,15,,,0
1400,'5102',701,,5133,15,,,0,30,,5134,15,,,0,70,,5135,15,,,0,33,,5131,15,,,0,70,,5132,15,,,0,30,,5149,15,,,0,100,,5148,15,,,0,100,,5150,15,,,0,100,,5151,15,,,0,100,,5141,15,,,0,99,,5142,15,,,0,100,,5137,15,,,0,70,,5136,15,,,0,30,,5138,15,,,0,70,,5139,15,,,0,30,,5140,15,,,0,70,,5147,15,,,0,28,,5146,15,,,0,100,,5145,15,,,0,100,,5144,15,,,0,100,,5143,15,,,0
1400,'5105',824,,5164,15,,,0,103,,5165,15,,,0,100,,5161,15,,,0,100,,5162,15,,,0,100,,5160,15,,,0,100,,5163,15,,,0,100,,5159,15,,,0,100,,5152,15,,,0,100,,5153,15,,,0,100,,5155,15,,,0,97,,5156,15,,,0,100,,5154,15,,,0,100,,5157,15,,,0,100,,5158,15,,,0
