200,'4327',830,,4115,1,,,0,12,,4115,19,4,,0,88,,4120,1,,,0,12,,4120,19,4,,0,158,,4114,1,,,0,12,,4114,19,4,,0,88,,4123,1,,,0,12,,4123,19,4,,0,118,,4117,1,,,0,12,,4117,19,4,,0,103,,4122,1,,,0,12,,4122,19,4,,0,143,,4118,1,,,0,12,,4118,19,4,,0,103,,4124,1,,,0,12,,4124,19,4,,0,118,,4116,1,,,0,10,,4116,19,4,,0,245,,4119,1,,,0,10,,4119,19,4,,0,135,,4121,1,,,0,10,,4121,19,4,,0
200,'4795',728,,192,1,,,0,12,,192,19,4,,0,11,,202,1,,,0,52,,202,19,4,,0,18,,191,1,,,0,13,,191,19,4,,0,16,,203,1,,,0,53,,203,19,4,,0,15,,193,1,,,0,13,,193,19,4,,0,169,,209,1,,,0,13,,209,19,4,,0,222,,208,1,,,0,13,,208,19,4,,0,77,,206,1,,,0,13,,206,19,4,,0,14,,196,1,,,0,53,,196,19,4,,0,10,,205,1,,,0,13,,205,19,4,,0,20,,194,1,,,0,53,,194,19,4,,0,16,,204,1,,,0,13,,204,19,4,,0,15,,197,1,,,0,13,,197,19,4,,0,57,,207,1,,,0,13,,207,19,4,,0,12,,195,1,,,0,13,,195,19,4,,0,87,,198,1,,,0,12,,198,19,4,,0,89,,2759,1,,,0,12,,2759,19,4,,0,102,,2760,1,,,0,52,,2760,19,4,,0,43,,199,1,,,0,52,,199,19,4,,0
200,'4800',715,,2761,1,,,0,11,,2761,19,4,,0,104,,211,1,,,0,12,,211,19,4,,0,103,,217,1,,,0,12,,217,19,4,,0,143,,210,1,,,0,12,,210,19,4,,0,103,,218,1,,,0,12,,218,19,4,,0,103,,213,1,,,0,12,,213,19,4,,0,103,,2762,1,,,0,12,,2762,19,4,,0,143,,214,1,,,0,12,,214,19,4,,0,103,,219,1,,,0,12,,219,19,4,,0,103,,212,1,,,0,10,,212,19,4,,0,90,,222,1,,,0,10,,222,19,4,,0,160,,215,1,,,0,10,,215,19,4,,0,135,,221,1,,,0,10,,221,19,4,,0
200,'5102',728,,4126,1,,,0,12,,4126,19,4,,0,11,,4136,1,,,0,52,,4136,19,4,,0,18,,4125,1,,,0,13,,4125,19,4,,0,16,,4137,1,,,0,53,,4137,19,4,,0,15,,4127,1,,,0,13,,4127,19,4,,0,169,,4143,1,,,0,13,,4143,19,4,,0,222,,4142,1,,,0,13,,4142,19,4,,0,77,,4140,1,,,0,13,,4140,19,4,,0,14,,4132,1,,,0,53,,4132,19,4,,0,10,,4139,1,,,0,13,,4139,19,4,,0,20,,4130,1,,,0,53,,4130,19,4,,0,16,,4138,1,,,0,13,,4138,19,4,,0,15,,4128,1,,,0,13,,4128,19,4,,0,57,,4141,1,,,0,13,,4141,19,4,,0,12,,4131,1,,,0,13,,4131,19,4,,0,87,,4129,1,,,0,12,,4129,19,4,,0,89,,4134,1,,,0,12,,4134,19,4,,0,102,,4135,1,,,0,52,,4135,19,4,,0,43,,4133,1,,,0,52,,4133,19,4,,0
200,'5105',715,,4150,1,,,0,11,,4150,19,4,,0,104,,4145,1,,,0,12,,4145,19,4,,0,103,,4151,1,,,0,12,,4151,19,4,,0,143,,4144,1,,,0,12,,4144,19,4,,0,103,,4152,1,,,0,12,,4152,19,4,,0,103,,4147,1,,,0,12,,4147,19,4,,0,103,,4154,1,,,0,12,,4154,19,4,,0,143,,4148,1,,,0,12,,4148,19,4,,0,103,,4153,1,,,0,12,,4153,19,4,,0,103,,4146,1,,,0,10,,4146,19,4,,0,90,,4156,1,,,0,10,,4156,19,4,,0,160,,4149,1,,,0,10,,4149,19,4,,0,135,,4155,1,,,0,10,,4155,19,4,,0
900,'4327',900,,4689,1,,,0,230,,4690,1,,,0,270,,4691,1,,,0,230,,4693,1,,,0,270,,4692,1,,,0
900,'4795',850,,771,1,,,0,265,,772,1,,,0,300,,773,1,,,0
900,'4800',900,,775,1,,,0,230,,774,1,,,0,270,,776,1,,,0,230,,778,1,,,0,270,,777,1,,,0
900,'5102',1115,,4694,1,,,0,300,,4695,1,,,0
900,'5105',900,,4697,1,,,0,230,,4696,1,,,0,270,,4698,1,,,0,230,,4700,1,,,0,270,,4699,1,,,0
901,'4327',828,,4701,17,4,,0,230,,4702,17,4,,0,270,,4703,17,4,,0,230,,4705,17,4,,0,270,,4704,17,4,,0
901,'4795',933,,784,17,4,,0,225,,785,17,4,,0,300,,786,17,4,,0
901,'4800',828,,788,17,4,,0,230,,787,17,4,,0,270,,789,17,4,,0,230,,791,17,4,,0,270,,790,17,4,,0
901,'5102',1158,,4706,17,4,,0,300,,4707,17,4,,0
901,'5105',828,,4709,17,4,,0,230,,4708,17,4,,0,270,,4710,17,4,,0,230,,4712,17,4,,0,270,,4711,17,4,,0
