9700,'4327',733,,6184,8,,,0,70,,6181,8,,,0,30,,6185,8,,,0,70,,6183,8,,,0,32,,6157,8,,,0,71,,6182,8,,,0,32,,6158,8,,,0,70,,6178,8,,,0,31,,6159,8,,,0,70,,6180,8,,,0,31,,6161,8,,,0,70,,6179,8,,,0,30,,6162,8,,,0,70,,6176,8,,,0,30,,6163,8,,,0,69,,6177,8,,,0,30,,6167,8,,,0,70,,6173,8,,,0,30,,6168,8,,,0,70,,6172,8,,,0,29,,6160,8,,,0,70,,6174,8,,,0,30,,6165,8,,,0,69,,6171,8,,,0,27,,6166,8,,,0,69,,6175,8,,,0,30,,6164,8,,,0,70,,6186,8,,,0,30,,6169,8,,,0,70,,6188,8,,,0,29,,6170,8,,,0,100,,6187,8,,,0
9700,'4795',648,,3647,8,,,0,55,,3645,8,,,0,17,,3653,8,,,0,19,,3650,8,,,0,15,,3641,8,,,0,85,,3648,8,,,0,13,,3637,8,,,0,53,,3646,8,,,0,29,,3655,8,,,0,14,,3649,8,,,0,55,,3640,8,,,0,46,,3651,8,,,0,55,,3634,8,,,0,30,,3656,8,,,0,15,,3652,8,,,0,56,,3643,8,,,0,48,,3632,8,,,0,56,,3639,8,,,0,32,,3657,8,,,0,15,,3630,8,,,0,55,,3644,8,,,0,48,,3633,8,,,0,56,,3638,8,,,0,16,,3629,8,,,0,70,,3658,8,,,0,15,,3627,8,,,0,15,,3642,8,,,0,89,,3631,8,,,0,18,,3635,8,,,0,20,,3628,8,,,0,79,,3626,8,,,0,101,,3636,8,,,0,62,,3659,8,,,0,127,,3660,8,,,0,22,,3661,8,,,0,176,,3662,8,,,0,179,,3663,8,,,0
9700,'4796',633,,3679,8,,,0,176,,3672,8,,,0,15,,3680,8,,,0,95,,3670,8,,,0,100,,3673,8,,,0,15,,3678,8,,,0,85,,3674,8,,,0,102,,3676,8,,,0,16,,3682,8,,,0,88,,3675,8,,,0,102,,3668,8,,,0,16,,3681,8,,,0,103,,3684,8,,,0,100,,3667,8,,,0,56,,3677,8,,,0,116,,3683,8,,,0,39,,3666,8,,,0,59,,3669,8,,,0,106,,3685,8,,,0,25,,3686,8,,,0,60,,3694,8,,,0,104,,3687,8,,,0,24,,3688,8,,,0,65,,3689,8,,,0,50,,3690,8,,,0,65,,3691,8,,,0,24,,3692,8,,,0,90,,3693,8,,,0
9700,'4799',633,,3708,8,,,0,176,,3701,8,,,0,15,,3709,8,,,0,95,,3699,8,,,0,100,,3702,8,,,0,15,,3707,8,,,0,85,,3703,8,,,0,102,,3705,8,,,0,16,,3711,8,,,0,88,,3704,8,,,0,102,,3697,8,,,0,16,,3710,8,,,0,103,,3713,8,,,0,100,,3696,8,,,0,56,,3706,8,,,0,116,,3712,8,,,0,39,,3695,8,,,0,59,,3698,8,,,0,106,,3715,8,,,0,25,,3716,8,,,0,60,,3725,8,,,0,104,,3717,8,,,0,24,,3718,8,,,0,65,,3719,8,,,0,50,,3720,8,,,0,65,,3721,8,,,0,24,,3722,8,,,0,90,,3723,8,,,0,25,,3724,8,,,0,65,,3714,8,,,0
9700,'4800',732,,3731,8,,,0,70,,3727,8,,,0,31,,3732,8,,,0,70,,3726,8,,,0,29,,3730,8,,,0,72,,3728,8,,,0,31,,3734,8,,,0,71,,3736,8,,,0,30,,3729,8,,,0,70,,3733,8,,,0,30,,3739,8,,,0,70,,3738,8,,,0,30,,3735,8,,,0,70,,3740,8,,,0,30,,3737,8,,,0,70,,3741,8,,,0,30,,3742,8,,,0,69,,3743,8,,,0,29,,3745,8,,,0,70,,3747,8,,,0,30,,3748,8,,,0,76,,3744,8,,,0,29,,3749,8,,,0,70,,3746,8,,,0,30,,3750,8,,,0,70,,3763,8,,,0,30,,3753,8,,,0,70,,3756,8,,,0,30,,3751,8,,,0,69,,3757,8,,,0,28,,3754,8,,,0,70,,3758,8,,,0,30,,3752,8,,,0,70,,3759,8,,,0,29,,3755,8,,,0,70,,3760,8,,,0,30,,3761,8,,,0,70,,3762,8,,,0
9700,'5102',637,,6211,8,,,0,21,,6203,8,,,0,61,,6206,8,,,0,25,,6210,8,,,0,62,,6204,8,,,0,21,,6208,8,,,0,20,,6207,8,,,0,60,,6200,8,,,0,20,,6197,8,,,0,23,,6217,8,,,0,67,,6209,8,,,0,28,,6213,8,,,0,69,,6198,8,,,0,29,,6219,8,,,0,69,,6205,8,,,0,29,,6216,8,,,0,68,,6202,8,,,0,20,,6242,8,,,0,20,,6220,8,,,0,60,,6240,8,,,0,20,,6215,8,,,0,20,,6196,8,,,0,62,,6201,8,,,0,20,,6218,8,,,0,20,,6223,8,,,0,60,,6192,8,,,0,20,,6191,8,,,0,20,,6212,8,,,0,58,,6195,8,,,0,19,,6193,8,,,0,18,,6235,8,,,0,58,,6236,8,,,0,18,,6237,8,,,0,18,,6189,8,,,0,19,,6190,8,,,0,59,,6241,8,,,0,19,,6194,8,,,0,20,,6199,8,,,0,59,,6225,8,,,0,23,,6226,8,,,0,63,,6239,8,,,0,22,,6238,8,,,0,25,,6222,8,,,0,64,,6227,8,,,0,24,,6224,8,,,0,65,,6228,8,,,0,24,,6229,8,,,0,25,,6230,8,,,0,65,,6231,8,,,0,25,,6232,8,,,0,64,,6233,8,,,0,25,,6234,8,,,0
9700,'5105',731,,6250,8,,,0,70,,6246,8,,,0,31,,6251,8,,,0,72,,6245,8,,,0,30,,6249,8,,,0,73,,6247,8,,,0,30,,6253,8,,,0,71,,6255,8,,,0,32,,6248,8,,,0,73,,6252,8,,,0,32,,6258,8,,,0,72,,6257,8,,,0,32,,6254,8,,,0,72,,6259,8,,,0,32,,6256,8,,,0,72,,6260,8,,,0,31,,6261,8,,,0,71,,6263,8,,,0,32,,6265,8,,,0,72,,6266,8,,,0,72,,6262,8,,,0,30,,6267,8,,,0,72,,6264,8,,,0,32,,6268,8,,,0,70,,6279,8,,,0,32,,6271,8,,,0,70,,6274,8,,,0,30,,6269,8,,,0,69,,6275,8,,,0,29,,6272,8,,,0,69,,6276,8,,,0,30,,6270,8,,,0,70,,6277,8,,,0,29,,6273,8,,,0
9800,'4327',904,,6407,3,,,0,45,,6415,3,,,0,86,,6406,3,,,0,85,,6408,3,,,0,85,,6405,3,,,0,45,,6410,3,,,0,85,,6404,3,,,0,85,,6409,3,,,0,85,,6402,3,,,0,45,,6411,3,,,0,85,,6403,3,,,0,85,,6412,3,,,0,130,,6413,3,,,0,169,,6414,3,,,0
9800,'4795',635,,2670,3,,,0,20,,2666,3,,,0,60,,2669,3,,,0,20,,2668,3,,,0,21,,2680,3,,,0,61,,2657,3,,,0,21,,2660,3,,,0,21,,2655,3,,,0,82,,2648,3,,,0,83,,2671,3,,,0,83,,2675,3,,,0,43,,2656,3,,,0,85,,2658,3,,,0,85,,2677,3,,,0,86,,2649,3,,,0,46,,2659,3,,,0,60,,2673,3,,,0,20,,2678,3,,,0,20,,2665,3,,,0,60,,2652,3,,,0,20,,2663,3,,,0,20,,2661,3,,,0,59,,2654,3,,,0,19,,2650,3,,,0,20,,2651,3,,,0,60,,2672,3,,,0,30,,2679,3,,,0,80,,2664,3,,,0,80,,2676,3,,,0,40,,2674,3,,,0,80,,2647,3,,,0,80,,2667,3,,,0,40,,2653,3,,,0,79,,2662,3,,,0
9800,'4800',904,,2685,3,,,0,45,,2694,3,,,0,86,,2686,3,,,0,85,,2689,3,,,0,85,,2683,3,,,0,45,,2688,3,,,0,85,,2684,3,,,0,85,,2691,3,,,0,85,,2681,3,,,0,45,,2690,3,,,0,85,,2682,3,,,0,85,,2687,3,,,0,130,,2692,3,,,0,170,,2693,3,,,0
9800,'5102',635,,6437,3,,,0,20,,6433,3,,,0,60,,6440,3,,,0,20,,6435,3,,,0,21,,6441,3,,,0,61,,6439,3,,,0,42,,6434,3,,,0,82,,6438,3,,,0,83,,6436,3,,,0,83,,6432,3,,,0,43,,6419,3,,,0,85,,6420,3,,,0,85,,6426,3,,,0,86,,6416,3,,,0,46,,6431,3,,,0,60,,6443,3,,,0,20,,6442,3,,,0,20,,6430,3,,,0,60,,6445,3,,,0,20,,6428,3,,,0,20,,6444,3,,,0,74,,6427,3,,,0,82,,6429,3,,,0,50,,6422,3,,,0,90,,6425,3,,,0,86,,6424,3,,,0,86,,6417,3,,,0,80,,6423,3,,,0,40,,6418,3,,,0,79,,6421,3,,,0
9800,'5105',904,,6450,3,,,0,45,,6459,3,,,0,86,,6451,3,,,0,85,,6454,3,,,0,85,,6448,3,,,0,45,,6453,3,,,0,85,,6449,3,,,0,85,,6456,3,,,0,85,,6446,3,,,0,45,,6455,3,,,0,85,,6447,3,,,0,85,,6452,3,,,0,130,,6457,3,,,0,170,,6458,3,,,0
