800,'4327',615,,4408,12,,,0,33,,4409,28,,,0,75,,4410,28,,,0,35,,4411,28,,,0,76,,4412,28,,,0,78,,4414,28,,,0,35,,4415,28,,,0,71,,4416,28,,,0,30,,4413,28,,,0,72,,4418,28,,,0,30,,4419,28,,,0,70,,4420,28,,,0,30,,4417,28,,,0,70,,4421,28,,,0,30,,4422,28,,,0,70,,4423,28,,,0,30,,4426,28,,,0,70,,4433,28,,,0,30,,4427,28,,,0,70,,4434,28,,,0,30,,4424,28,,,0,69,,4425,28,,,0,29,,4428,28,,,0,69,,4435,28,,,0,30,,4429,28,,,0,69,,4430,28,,,0,29,,4431,28,,,0,70,,4432,28,,,0,85,,4436,28,,,0,43,,4437,28,,,0,84,,4438,28,,,0,84,,4439,28,,,0,45,,4440,28,,,0
800,'4795',615,,2810,28,,,0,20,,2811,28,,,0,16,,2812,12,,,0,51,,2813,28,,,0,11,,2814,12,,,0,12,,2815,28,,,0,17,,2816,28,,,0,15,,2817,28,,,0,56,,2818,28,,,0,15,,2819,28,,,0,16,,2820,28,,,0,15,,2821,28,,,0,54,,2822,28,,,0,8,,585,28,,,0,8,,2823,28,,,0,15,,2824,28,,,0,15,,2825,28,,,0,55,,2826,28,,,0,15,,2827,28,,,0,15,,2828,28,,,0,15,,2829,28,,,0,56,,2830,28,,,0,15,,2831,28,,,0,15,,2832,28,,,0,55,,2833,28,,,0,15,,2834,28,,,0,15,,2835,28,,,0,15,,2836,28,,,0,55,,2837,28,,,0,15,,2838,28,,,0,15,,2839,28,,,0,15,,2840,28,,,0,55,,2841,28,,,0,16,,2842,28,,,0,16,,2843,28,,,0,15,,2844,28,,,0,55,,2845,28,,,0,16,,2846,28,,,0,16,,2847,28,,,0,17,,2848,28,,,0,55,,561,28,,,0,1,,2849,28,,,0,16,,2850,28,,,0,16,,2851,28,,,0,11,,565,28,,,0,4,,2852,28,,,0,55,,2853,28,,,0,14,,2854,28,,,0,16,,2855,28,,,0,14,,2856,28,,,0,56,,2857,28,,,0,15,,2858,28,,,0,14,,2859,28,,,0,16,,2860,28,,,0,56,,2861,28,,,0,18,,2862,28,,,0,20,,2863,28,,,0,60,,2864,28,,,0,23,,2865,28,,,0,25,,2866,28,,,0,64,,2867,28,,,0,24,,2868,28,,,0,65,,2869,28,,,0,43,,2870,28,,,0,85,,2808,28,,,0,83,,2807,28,,,0,85,,2809,28,,,0
800,'4800',615,,2904,12,,,0,36,,2886,28,,,0,76,,2895,28,,,0,75,,2903,28,,,0,36,,2885,28,,,0,75,,2896,28,,,0,37,,2902,28,,,0,70,,2871,28,,,0,29,,2882,28,,,0,66,,2888,28,,,0,25,,2898,28,,,0,60,,622,28,,,0,20,,2876,28,,,0,20,,2884,28,,,0,60,,2905,28,,,0,20,,2889,28,,,0,20,,2901,28,,,0,60,,625,28,,,0,20,,2873,28,,,0,20,,2881,28,,,0,60,,2906,28,,,0,20,,2890,28,,,0,20,,2897,28,,,0,60,,626,28,,,0,20,,2874,28,,,0,20,,2883,28,,,0,60,,2908,28,,,0,19,,2891,28,,,0,20,,2900,28,,,0,20,,628,28,,,0,60,,2875,28,,,0,19,,2879,28,,,0,18,,2907,28,,,0,60,,2887,28,,,0,30,,2899,28,,,0,69,,2878,28,,,0,85,,2893,28,,,0,44,,2880,28,,,0,83,,2894,28,,,0,85,,2877,28,,,0,44,,2892,28,,,0,83,,2872,28,,,0,80,,611,28,,,0
800,'5102',615,,4444,28,,,0,20,,4446,28,,,0,16,,4447,12,,,0,51,,4448,28,,,0,11,,4445,12,,,0,12,,4449,28,,,0,17,,4450,28,,,0,15,,4451,28,,,0,56,,4452,28,,,0,15,,4453,28,,,0,16,,4454,28,,,0,15,,4455,28,,,0,54,,4456,28,,,0,8,,4507,28,,,0,8,,4458,28,,,0,15,,4459,28,,,0,15,,4460,28,,,0,55,,4457,28,,,0,15,,4461,28,,,0,15,,4463,28,,,0,15,,4464,28,,,0,56,,4465,28,,,0,15,,4462,28,,,0,15,,4466,28,,,0,55,,4467,28,,,0,15,,4468,28,,,0,15,,4469,28,,,0,15,,4470,28,,,0,55,,4471,28,,,0,15,,4472,28,,,0,15,,4473,28,,,0,15,,4474,28,,,0,55,,4475,28,,,0,16,,4477,28,,,0,16,,4478,28,,,0,15,,4479,28,,,0,55,,4476,28,,,0,16,,4480,28,,,0,16,,4481,28,,,0,17,,4482,28,,,0,55,,4483,28,,,0,1,,4484,28,,,0,16,,4485,28,,,0,8,,4508,28,,,0,8,,4486,28,,,0,11,,4487,28,,,0,4,,4488,28,,,0,55,,4489,28,,,0,14,,4490,28,,,0,16,,4491,28,,,0,14,,4492,28,,,0,56,,4493,28,,,0,15,,4495,28,,,0,14,,4496,28,,,0,16,,4497,28,,,0,56,,4494,28,,,0,18,,4498,28,,,0,20,,4500,28,,,0,60,,4501,28,,,0,23,,4499,28,,,0,25,,4502,28,,,0,64,,4503,28,,,0,24,,4504,28,,,0,65,,4505,28,,,0,43,,4506,28,,,0,85,,4442,28,,,0,83,,4441,28,,,0,85,,4443,28,,,0
800,'5105',615,,4543,12,,,0,36,,4524,28,,,0,76,,4533,28,,,0,75,,4542,28,,,0,36,,4523,28,,,0,75,,4535,28,,,0,37,,4541,28,,,0,70,,4509,28,,,0,29,,4520,28,,,0,66,,4526,28,,,0,25,,4537,28,,,0,60,,4545,28,,,0,20,,4514,28,,,0,20,,4522,28,,,0,60,,4544,28,,,0,20,,4527,28,,,0,20,,4540,28,,,0,60,,4548,28,,,0,20,,4511,28,,,0,20,,4519,28,,,0,60,,4546,28,,,0,20,,4528,28,,,0,20,,4536,28,,,0,60,,4549,28,,,0,20,,4512,28,,,0,20,,4521,28,,,0,60,,4550,28,,,0,19,,4529,28,,,0,20,,4539,28,,,0,20,,4551,28,,,0,60,,4513,28,,,0,19,,4517,28,,,0,18,,4547,28,,,0,60,,4525,28,,,0,30,,4538,28,,,0,69,,4516,28,,,0,85,,4531,28,,,0,44,,4518,28,,,0,83,,4532,28,,,0,85,,4515,28,,,0,44,,4530,28,,,0,83,,4510,28,,,0,80,,4534,28,,,0
1400,'4327',840,,5121,40,,,0,105,,5122,40,,,0,100,,5120,40,,,0,100,,5117,40,,,0,100,,5119,40,,,0,100,,5123,40,,,0,100,,5118,40,,,0,100,,5129,40,,,0,100,,5130,40,,,0,100,,5126,40,,,0,95,,5127,40,,,0,100,,5125,40,,,0,100,,5128,40,,,0,100,,5124,40,,,0
1400,'4795',719,,1247,40,,,0,30,,3353,40,,,0,71,,1250,40,,,0,33,,3352,40,,,0,70,,1249,40,,,0,30,,3363,40,,,0,100,,3364,40,,,0,100,,3365,40,,,0,100,,3366,40,,,0,100,,3357,40,,,0,101,,3358,40,,,0,100,,3354,40,,,0,69,,1251,40,,,0,30,,3355,40,,,0,70,,1254,40,,,0,30,,3356,40,,,0,68,,1262,40,,,0,28,,3362,40,,,0,100,,3361,40,,,0,100,,3360,40,,,0,100,,3359,40,,,0
1400,'4800',840,,3379,40,,,0,105,,3380,40,,,0,100,,3376,40,,,0,100,,3377,40,,,0,100,,3375,40,,,0,100,,3378,40,,,0,100,,3374,40,,,0,100,,3367,40,,,0,100,,3368,40,,,0,100,,3370,40,,,0,95,,3371,40,,,0,100,,3369,40,,,0,100,,3372,40,,,0,100,,3373,40,,,0
1400,'5102',719,,5133,40,,,0,30,,5134,40,,,0,71,,5135,40,,,0,33,,5131,40,,,0,70,,5132,40,,,0,30,,5149,40,,,0,100,,5148,40,,,0,100,,5150,40,,,0,100,,5151,40,,,0,100,,5141,40,,,0,101,,5142,40,,,0,100,,5137,40,,,0,69,,5136,40,,,0,30,,5138,40,,,0,70,,5139,40,,,0,30,,5140,40,,,0,68,,5147,40,,,0,28,,5146,40,,,0,100,,5145,40,,,0,100,,5144,40,,,0,100,,5143,40,,,0
1400,'5105',840,,5164,40,,,0,105,,5165,40,,,0,100,,5161,40,,,0,100,,5162,40,,,0,100,,5160,40,,,0,100,,5163,40,,,0,100,,5159,40,,,0,100,,5152,40,,,0,100,,5153,40,,,0,100,,5155,40,,,0,95,,5156,40,,,0,100,,5154,40,,,0,100,,5157,40,,,0,100,,5158,40,,,0
