801,'4327',656,,4555,14,,,0,75,,4556,14,,,0,75,,4557,14,,,0,36,,4558,14,,,0,75,,4559,14,,,0,35,,4560,14,,,0,75,,4561,14,,,0,75,,4563,14,,,0,30,,4564,14,,,0,70,,4565,14,,,0,30,,4562,14,,,0,70,,4568,14,,,0,30,,4569,14,,,0,70,,4566,14,,,0,30,,4567,14,,,0,70,,4570,14,,,0,30,,4571,14,,,0,70,,4572,14,,,0,30,,4574,14,,,0,70,,4575,14,,,0,30,,4576,14,,,0,69,,4573,14,,,0,30,,4577,14,,,0,70,,4578,14,,,0,30,,4579,14,,,0,70,,4580,14,,,0,45,,4581,14,,,0,85,,4582,14,,,0,85,,4583,14,,,0,85,,4552,14,,,0,45,,4553,14,,,0
801,'4332',656,,4681,14,,,0,75,,4663,14,,,0,75,,4670,14,,,0,36,,4680,14,,,0,75,,4662,14,,,0,35,,4673,14,,,0,75,,4679,14,,,0,30,,4652,14,,,0,70,,4661,14,,,0,25,,4667,14,,,0,65,,4678,14,,,0,25,,4684,14,,,0,60,,4650,14,,,0,20,,4660,14,,,0,20,,4685,14,,,0,60,,4666,14,,,0,20,,4676,14,,,0,20,,4686,14,,,0,60,,4649,14,,,0,20,,4658,14,,,0,20,,4683,14,,,0,60,,4664,14,,,0,20,,4675,14,,,0,20,,4687,14,,,0,60,,4651,14,,,0,20,,4659,14,,,0,19,,4688,14,,,0,60,,4665,14,,,0,20,,4677,14,,,0,20,,4682,14,,,0,60,,4653,14,,,0,30,,4655,14,,,0,70,,4668,14,,,0,45,,4654,14,,,0,85,,4671,14,,,0,85,,4656,14,,,0,85,,4669,14,,,0,44,,4657,14,,,0,85,,4672,14,,,0
801,'4480',647,,4586,14,,,0,62,,4588,14,,,0,16,,4589,14,,,0,30,,4592,14,,,0,55,,4593,14,,,0,15,,4590,14,,,0,15,,4595,14,,,0,70,,4597,14,,,0,15,,4594,14,,,0,30,,4599,14,,,0,55,,4600,14,,,0,15,,4601,14,,,0,15,,4602,14,,,0,15,,4603,14,,,0,55,,4604,14,,,0,15,,4606,14,,,0,30,,4609,14,,,0,55,,4605,14,,,0,15,,4610,14,,,0,15,,4611,14,,,0,15,,4608,14,,,0,55,,4612,14,,,0,15,,4613,14,,,0,15,,4614,14,,,0,15,,4615,14,,,0,55,,4616,14,,,0,15,,4617,14,,,0,15,,4619,14,,,0,16,,4621,14,,,0,55,,4618,14,,,0,16,,4622,3,,,0,3,,4623,14,,,0,16,,4624,14,,,0,54,,4625,14,,,0,16,,4626,14,,,0,32,,4628,14,,,0,56,,4630,14,,,0,15,,4632,14,,,0,16,,4633,14,,,0,15,,4629,14,,,0,56,,4634,14,,,0,15,,4631,14,,,0,32,,4636,14,,,0,57,,4637,14,,,0,18,,4638,14,,,0,25,,4639,14,,,0,90,,4641,14,,,0,65,,4642,14,,,0,25,,4643,14,,,0,25,,4644,14,,,0,85,,4646,14,,,0,84,,4647,14,,,0,85,,4648,14,,,0,45,,4645,14,,,0
801,'5368',557,,6530,14,,,0,183,,6532,14,,,0,115,,6533,14,,,0,85,,6534,14,,,0,200,,6535,14,,,0,492,,6536,14,,,0,205,,6537,14,,,0,182,,6538,14,,,0
1000,'4327',753,,4725,31,,,0,87,,4713,31,,,0,86,,4726,31,,,0,85,,4714,31,,,0,46,,4715,31,,,0,85,,4717,31,,,0,85,,4727,31,,,0,85,,4718,31,,,0,45,,4716,31,,,0,85,,4719,31,,,0,85,,4728,31,,,0,85,,4720,31,,,0,45,,4723,31,,,0,85,,4724,31,,,0,82,,4729,31,,,0,85,,4722,31,,,0,44,,4721,31,,,0,85,,4732,31,,,0,82,,4733,31,,,0,85,,4730,31,,,0,45,,4735,31,,,0,85,,4731,31,,,0,85,,4734,31,,,0
1000,'4332',756,,4800,31,,,0,86,,4787,31,,,0,87,,4788,31,,,0,86,,4782,31,,,0,86,,4781,31,,,0,45,,4789,31,,,0,85,,4790,31,,,0,85,,4783,31,,,0,85,,4796,31,,,0,45,,4797,31,,,0,85,,4794,31,,,0,85,,4799,31,,,0,85,,4792,31,,,0,45,,4786,31,,,0,83,,4801,31,,,0,84,,4791,31,,,0,44,,4779,31,,,0,85,,4795,31,,,0,82,,4784,31,,,0,84,,4780,31,,,0,43,,4798,31,,,0,84,,4785,31,,,0,85,,4793,31,,,0
1000,'4480',547,,4761,31,,,0,80,,4755,31,,,0,20,,4743,31,,,0,60,,4752,31,,,0,20,,4746,31,,,0,23,,4758,31,,,0,60,,4744,31,,,0,20,,4753,31,,,0,20,,4742,31,,,0,61,,4748,31,,,0,25,,4759,31,,,0,74,,4745,31,,,0,32,,4747,31,,,0,73,,4756,31,,,0,32,,4754,31,,,0,72,,4750,31,,,0,32,,4757,31,,,0,72,,4751,31,,,0,32,,4749,31,,,0,72,,4760,31,,,0,28,,4775,31,,,0,61,,4741,31,,,0,20,,4763,31,,,0,21,,4764,31,,,0,60,,4765,31,,,0,20,,4766,31,,,0,20,,4767,31,,,0,59,,4768,31,,,0,18,,4770,31,,,0,18,,4771,31,,,0,59,,4772,31,,,0,19,,4769,31,,,0,79,,4773,31,,,0,39,,4774,31,,,0,80,,4739,31,,,0,78,,4776,31,,,0,39,,4740,31,,,0,78,,4738,31,,,0,80,,4777,31,,,0,40,,4737,31,,,0,79,,4736,31,,,0,80,,4778,31,,,0
1101,'4327',741,,6633,16,,,0,102,,6636,16,,,0,100,,6621,16,,,0,100,,6623,16,,,0,100,,6627,16,,,0,100,,6622,16,,,0,100,,6620,16,,,0,100,,6625,16,,,0,100,,6624,16,,,0,100,,6630,16,,,0,100,,6628,16,,,0,100,,6626,16,,,0,100,,6629,16,,,0,100,,6631,16,,,0,100,,6632,16,,,0,98,,6634,16,,,0,100,,6635,16,,,0
1101,'4332',711,,6642,16,,,0,30,,6638,16,,,0,72,,6640,16,,,0,30,,6637,16,,,0,70,,6644,16,,,0,30,,6646,16,,,0,70,,6648,16,,,0,30,,6641,16,,,0,70,,6639,16,,,0,30,,6645,16,,,0,70,,6649,16,,,0,30,,6643,16,,,0,72,,6650,16,,,0,30,,6651,16,,,0,70,,6652,16,,,0,30,,6653,16,,,0,70,,6647,16,,,0,30,,6654,16,,,0,69,,6655,16,,,0,30,,6657,16,,,0,70,,6658,16,,,0,30,,6659,16,,,0,69,,6656,16,,,0,30,,6660,16,,,0,70,,6661,16,,,0,100,,6662,16,,,0,100,,6663,16,,,0,99,,6664,16,,,0,99,,6665,16,,,0,100,,6666,16,,,0
1101,'5368',542,,6681,16,,,0,70,,6684,16,,,0,30,,6679,16,,,0,71,,6675,16,,,0,31,,6671,16,,,0,72,,6685,16,,,0,30,,6678,16,,,0,70,,6672,16,,,0,30,,6686,16,,,0,69,,6670,16,,,0,30,,6677,16,,,0,70,,6689,16,,,0,30,,6668,16,,,0,70,,6676,16,,,0,30,,6673,16,,,0,70,,6687,16,,,0,30,,6680,16,,,0,70,,6674,16,,,0,32,,6688,16,,,0,70,,6669,16,,,0,30,,6682,16,,,0,75,,6667,16,,,0,35,,6683,16,,,0,70,,6690,16,,,0,30,,6691,16,,,0,68,,6692,16,,,0,30,,6693,16,,,0,69,,6694,16,,,0,30,,6700,16,,,0,70,,6695,16,,,0,100,,6696,16,,,0,98,,6697,16,,,0,100,,6698,16,,,0,90,,6699,16,0,5 6,0
