601,'4327',812,,4374,17,,,0,120,,4373,17,,,0,120,,4372,17,,,0,160,,4376,17,,,0,120,,4377,17,,,0,120,,4378,17,,,0,160,,4375,17,,,0,120,,4379,17,,,0
601,'4795',627,,459,17,,,0,75,,2769,17,,,0,23,,2772,5,,,0,12,,458,17,,,0,76,,2770,17,,,0,35,,457,17,,,0,75,,2771,17,,,0,35,,462,17,,,0,150,,461,17,,,0,110,,464,17,,,0,110,,463,17,,,0,75,,469,17,,,0,35,,460,17,,,0,70,,465,5,,,0,5,,471,17,,,0,36,,456,17,,,0,75,,470,17,,,0,35,,454,17,,,0,74,,472,17,,,0,75,,455,17,,,0,110,,473,17,,,0,110,,474,17,,,0,210,,2773,17,,,0
601,'4800',817,,2774,17,,,0,100,,478,17,,,0,100,,480,17,,,0,100,,2775,17,,,0,100,,479,17,,,0,100,,484,17,,,0,100,,483,17,,,0,100,,482,17,,,0,200,,485,17,,,0
601,'5102',627,,4385,17,,,0,98,,4398,5,,,0,12,,4384,17,,,0,111,,4383,17,,,0,110,,4387,17,,,0,150,,4388,17,,,0,110,,4390,17,,,0,110,,4389,17,,,0,75,,4392,17,,,0,35,,4386,17,,,0,70,,4391,5,,,0,5,,4394,17,,,0,36,,4382,17,,,0,75,,4393,17,,,0,35,,4380,17,,,0,74,,4395,17,,,0,75,,4381,17,,,0,110,,4396,17,,,0,110,,4397,17,,,0
601,'5105',817,,4399,17,,,0,100,,4400,17,,,0,100,,4402,17,,,0,100,,4403,17,,,0,100,,4401,17,,,0,100,,4406,17,,,0,100,,4405,17,,,0,100,,4404,17,,,0,200,,4407,17,,,0
1800,'4327',741,,5283,17,,,0,102,,5276,17,,,0,115,,5275,17,,,0,160,,5274,17,,,0,115,,5273,17,,,0,120,,5272,17,,,0,155,,5271,17,,,0,120,,5277,17,,,0,115,,5278,17,,,0,158,,5279,17,,,0,115,,5280,17,,,0,115,,5281,17,,,0,115,,5282,17,,,0
1800,'4795',622,,3424,17,,,0,106,,1418,17,,,0,27,,1399,17,,,0,66,,1419,17,,,0,29,,1400,17,,,0,68,,1422,17,,,0,27,,1401,17,,,0,80,,1405,17,,,0,80,,1404,17,,,0,40,,1402,17,,,0,80,,1403,17,,,0,80,,1398,17,,,0,40,,1409,17,,,0,80,,1407,17,,,0,28,,1421,17,,,0,67,,1410,17,,,0,29,,1420,17,,,0,68,,1408,17,,,0,30,,1423,17,,,0,66,,1406,17,,,0,30,,1424,17,,,0,70,,1411,17,,,0,95,,1413,17,,,0,37,,1412,17,,,0,80,,1414,17,,,0,83,,1415,17,,,0,115,,1416,17,,,0
1800,'4800',741,,3427,17,,,0,101,,1427,17,,,0,100,,1428,17,,,0,100,,3425,17,,,0,100,,1425,17,,,0,100,,1429,17,,,0,100,,1430,17,,,0,100,,1431,17,,,0,100,,1432,17,,,0,100,,1433,17,,,0,100,,3426,17,,,0,84,,3428,17,,,0,115,,3429,17,,,0,115,,3430,17,,,0,155,,3431,17,,,0,115,,3432,17,,,0,115,,3433,17,,,0
1800,'5102',622,,5303,17,,,0,106,,5304,17,,,0,27,,5285,17,,,0,66,,5305,17,,,0,29,,5286,17,,,0,68,,5308,17,,,0,27,,5287,17,,,0,80,,5292,17,,,0,80,,5291,17,,,0,40,,5288,17,,,0,80,,5289,17,,,0,80,,5284,17,,,0,40,,5296,17,,,0,80,,5290,17,,,0,28,,5307,17,,,0,67,,5295,17,,,0,29,,5306,17,,,0,68,,5294,17,,,0,30,,5309,17,,,0,66,,5293,17,,,0,30,,5310,17,,,0,70,,5297,17,,,0,95,,5299,17,,,0,37,,5298,17,,,0,80,,5301,17,,,0,83,,5300,17,,,0,115,,5302,17,,,0
1800,'5105',741,,5321,17,,,0,101,,5313,17,,,0,100,,5314,17,,,0,100,,5312,17,,,0,100,,5311,17,,,0,100,,5315,17,,,0,100,,5316,17,,,0,100,,5317,17,,,0,100,,5318,17,,,0,100,,5319,17,,,0,100,,5320,17,,,0,84,,5322,17,,,0,115,,5323,17,,,0,115,,5324,17,,,0,155,,5325,17,,,0,115,,5326,17,,,0,115,,5327,17,,,0
