600,'4327',849,,4337,10,,,0,160,,4338,10,,,0,120,,4339,10,,,0,120,,4341,10,,,0,160,,4343,10,,,0,120,,4344,10,,,0,120,,4340,10,,,0,160,,4342,10,,,0
600,'4795',659,,417,10,,,0,75,,2765,10,,,0,75,,416,10,,,0,35,,2766,10,,,0,75,,424,10,,,0,110,,425,10,,,0,110,,426,10,,,0,110,,422,10,,,0,151,,423,10,,,0,35,,430,10,,,0,75,,421,10,,,0,35,,429,10,,,0,75,,420,10,,,0,35,,432,10,,,0,75,,419,10,,,0,74,,433,10,,,0,35,,418,10,,,0,110,,434,10,,,0,110,,431,10,,,0,154,,435,10,,,0
600,'4800',812,,445,10,,,0,100,,437,10,,,0,100,,2767,10,,,0,100,,439,10,,,0,100,,441,10,,,0,100,,438,10,,,0,100,,442,10,,,0,100,,443,10,,,0,100,,440,10,,,0,100,,2768,10,,,0
600,'5102',659,,4346,10,,,0,150,,4345,10,,,0,110,,4354,10,,,0,110,,4355,10,,,0,110,,4353,10,,,0,110,,4352,10,,,0,151,,4351,10,,,0,35,,4357,10,,,0,75,,4350,10,,,0,35,,4356,10,,,0,75,,4349,10,,,0,35,,4359,10,,,0,75,,4348,10,,,0,74,,4360,10,,,0,35,,4347,10,,,0,110,,4361,10,,,0,110,,4358,10,,,0
600,'5105',812,,4371,10,,,0,100,,4363,10,,,0,100,,4362,10,,,0,100,,4365,10,,,0,100,,4367,10,,,0,100,,4364,10,,,0,100,,4368,10,,,0,100,,4369,10,,,0,100,,4366,10,,,0,100,,4370,10,,,0
1801,'4327',815,,5332,4,,,0,115,,5333,4,,,0,120,,5330,4,,,0,155,,5331,4,,,0,120,,5329,4,,,0,115,,5328,4,,,0,160,,5334,4,,,0,115,,5335,4,,,0,120,,5336,4,,,0,115,,5337,4,,,0,155,,5338,4,,,0,115,,5339,4,,,0
1801,'4795',627,,3434,4,,,0,108,,1474,4,,,0,66,,1454,4,,,0,26,,1475,4,,,0,29,,1455,4,,,0,68,,1478,4,,,0,27,,1457,4,,,0,80,,1456,4,,,0,80,,1461,4,,,0,40,,1462,4,,,0,80,,1464,4,,,0,80,,1463,4,,,0,40,,1458,4,,,0,80,,1459,4,,,0,28,,1477,4,,,0,68,,1460,4,,,0,28,,1476,4,,,0,68,,1473,4,,,0,30,,1479,4,,,0,67,,1467,4,,,0,30,,1480,4,,,0,68,,1466,4,,,0,95,,1470,4,,,0,37,,1469,4,,,0,80,,1468,4,,,0,120,,1471,4,,,0,109,,1465,4,,,0
1801,'4800',746,,3437,4,,,0,102,,1487,4,,,0,100,,1488,4,,,0,100,,3441,4,,,0,100,,1492,4,,,0,100,,1489,4,,,0,100,,1490,4,,,0,100,,1493,4,,,0,100,,1494,4,,,0,100,,1495,4,,,0,100,,3442,4,,,0,167,,3438,4,,,0,115,,3440,4,,,0,115,,3436,4,,,0,155,,3439,4,,,0,115,,3435,4,,,0
1801,'5102',627,,5358,4,,,0,108,,5360,4,,,0,66,,5340,4,,,0,26,,5361,4,,,0,29,,5341,4,,,0,68,,5364,4,,,0,27,,5343,4,,,0,80,,5342,4,,,0,80,,5347,4,,,0,40,,5348,4,,,0,80,,5350,4,,,0,80,,5349,4,,,0,40,,5345,4,,,0,80,,5346,4,,,0,28,,5363,4,,,0,68,,5344,4,,,0,28,,5362,4,,,0,68,,5359,4,,,0,30,,5365,4,,,0,67,,5353,4,,,0,30,,5366,4,,,0,68,,5352,4,,,0,95,,5356,4,,,0,37,,5355,4,,,0,80,,5354,4,,,0,120,,5357,4,,,0,109,,5351,4,,,0
1801,'5105',746,,5369,4,,,0,102,,5373,4,,,0,100,,5374,4,,,0,100,,5377,4,,,0,100,,5378,4,,,0,100,,5375,4,,,0,100,,5376,4,,,0,100,,5379,4,,,0,100,,5380,4,,,0,100,,5381,4,,,0,100,,5382,4,,,0,167,,5370,4,,,0,115,,5372,4,,,0,115,,5368,4,,,0,155,,5371,4,,,0,115,,5367,4,,,0
1901,'4327',747,,5465,4,,,0,103,,5458,4,,,0,155,,5457,4,,,0,120,,5456,4,,,0,115,,5455,4,,,0,160,,5454,4,,,0,115,,5453,4,,,0,120,,5459,4,,,0,115,,5460,4,,,0,157,,5461,4,,,0,115,,5462,4,,,0,115,,5463,4,,,0,115,,5464,4,,,0
1901,'4795',722,,1611,4,,,0,20,,1607,4,,,0,60,,1608,4,,,0,20,,1606,4,,,0,19,,1587,4,,,0,60,,1602,4,,,0,21,,1585,4,,,0,35,,1586,4,,,0,75,,1583,4,,,0,75,,1588,4,,,0,35,,1589,4,,,0,75,,1590,4,,,0,35,,1594,4,,,0,75,,1591,4,,,0,75,,1592,4,,,0,36,,1595,4,,,0,20,,1580,4,,,0,60,,1593,4,,,0,20,,1579,4,,,0,20,,1598,4,,,0,60,,1581,4,,,0,20,,1599,4,,,0,20,,1582,4,,,0,60,,1597,4,,,0,19,,1584,4,,,0,20,,1601,4,,,0,75,,1605,4,,,0,75,,1603,4,,,0,34,,1596,4,,,0,75,,1600,4,,,0,35,,1604,4,,,0,63,,1610,4,,,0,115,,1609,4,,,0
1901,'4800',746,,1620,4,,,0,75,,1622,4,,,0,35,,1624,4,,,0,75,,1621,4,,,0,75,,1626,4,,,0,35,,1623,4,,,0,75,,1627,4,,,0,35,,1628,4,,,0,75,,1631,4,,,0,75,,1632,4,,,0,35,,1625,4,,,0,75,,1629,4,,,0,35,,1633,4,,,0,75,,1634,4,,,0,35,,1630,4,,,0,75,,1635,4,,,0,75,,1636,4,,,0,35,,1618,4,,,0,75,,1619,4,,,0,16,,3448,4,,,0,115,,3450,4,,,0,155,,3451,4,,,0,115,,3452,4,,,0,115,,3449,4,,,0,115,,3453,4,,,0
1901,'5102',722,,5498,4,,,0,20,,5494,4,,,0,60,,5495,4,,,0,20,,5493,4,,,0,19,,5474,4,,,0,60,,5489,4,,,0,21,,5472,4,,,0,35,,5473,4,,,0,75,,5470,4,,,0,75,,5475,4,,,0,35,,5476,4,,,0,75,,5477,4,,,0,35,,5481,4,,,0,75,,5478,4,,,0,75,,5479,4,,,0,36,,5482,4,,,0,21,,5499,4,,,0,42,,5467,4,,,0,17,,5480,4,,,0,20,,5466,4,,,0,20,,5485,4,,,0,60,,5468,4,,,0,20,,5486,4,,,0,20,,5469,4,,,0,60,,5484,4,,,0,19,,5471,4,,,0,20,,5488,4,,,0,75,,5491,4,,,0,75,,5490,4,,,0,34,,5483,4,,,0,75,,5487,4,,,0,35,,5492,4,,,0,63,,5497,4,,,0,115,,5496,4,,,0
1901,'5105',746,,5508,4,,,0,75,,5510,4,,,0,35,,5512,4,,,0,75,,5509,4,,,0,75,,5514,4,,,0,35,,5511,4,,,0,75,,5515,4,,,0,35,,5516,4,,,0,75,,5519,4,,,0,75,,5520,4,,,0,35,,5513,4,,,0,75,,5517,4,,,0,35,,5521,4,,,0,75,,5522,4,,,0,35,,5518,4,,,0,75,,5523,4,,,0,75,,5524,4,,,0,35,,5506,4,,,0,75,,5507,4,,,0,16,,5500,4,,,0,115,,5502,4,,,0,155,,5503,4,,,0,115,,5504,4,,,0,115,,5501,4,,,0,115,,5505,4,,,0
