1100,'4327',803,,4906,40,4,,0,104,,4893,40,4,,0,101,,4894,40,4,,0,101,,4897,40,4,,0,100,,4898,40,4,,0,101,,4896,40,4,,0,99,,4899,40,4,,0,100,,4895,40,4,,0,101,,4902,40,4,,0,100,,4903,40,4,,0,99,,4900,40,4,,0,98,,4904,40,4,,0,99,,4901,40,4,,0,99,,4905,40,4,,0,99,,4909,40,4,,0,99,,4907,40,4,,0,99,,4908,40,4,,0
1100,'4795',609,,3224,40,4,,0,30,,3225,40,4,,0,71,,3226,40,4,,0,33,,1005,40,4,,0,70,,3227,40,4,,0,33,,3228,40,4,,0,70,,3229,40,4,,0,28,,3230,40,4,,0,70,,3231,40,4,,0,30,,3232,40,4,,0,70,,3222,40,4,,0,30,,3219,40,4,,0,71,,3221,40,4,,0,31,,3211,40,4,,0,70,,3218,40,4,,0,30,,3216,40,4,,0,70,,3223,40,4,,0,31,,3214,40,4,,0,73,,3217,40,4,,0,31,,3215,40,4,,0,75,,3212,40,4,,0,74,,3213,40,4,,0,28,,3220,40,4,,0,27,,3233,40,4,,0,69,,3234,40,4,,0,30,,3235,40,4,,0,66,,3236,40,4,,0,30,,3237,40,4,,0,100,,3238,40,4,,0,100,,3239,40,4,,0,98,,3240,40,4,,0,100,,3241,40,4,,0
1100,'4800',708,,3264,40,4,,0,32,,3265,40,4,,0,70,,3247,40,4,,0,31,,3244,40,4,,0,71,,3245,40,4,,0,30,,3248,40,4,,0,72,,3249,40,4,,0,30,,3246,40,4,,0,71,,3243,40,4,,0,31,,3250,40,4,,0,71,,3251,40,4,,0,30,,3252,40,4,,0,70,,3253,40,4,,0,30,,3254,40,4,,0,70,,3256,40,4,,0,30,,3257,40,4,,0,70,,3258,40,4,,0,30,,3255,40,4,,0,70,,3259,40,4,,0,30,,3261,40,4,,0,70,,3262,40,4,,0,30,,3260,40,4,,0,69,,3263,40,4,,0,29,,3266,40,4,,0,69,,3267,40,4,,0,30,,3268,40,4,,0,99,,3269,40,4,,0,100,,3270,40,4,,0,96,,3271,40,4,,0,99,,3272,40,4,,0,89,,3273,40,4,,0
1100,'5102',609,,4924,40,4,,0,30,,4925,40,4,,0,71,,4922,40,4,,0,33,,4926,40,4,,0,70,,4927,40,4,,0,33,,4928,40,4,,0,70,,4929,40,4,,0,28,,4930,40,4,,0,70,,4931,40,4,,0,30,,4932,40,4,,0,70,,4921,40,4,,0,30,,4918,40,4,,0,71,,4920,40,4,,0,31,,4910,40,4,,0,70,,4917,40,4,,0,30,,4915,40,4,,0,70,,4923,40,4,,0,31,,4913,40,4,,0,73,,4916,40,4,,0,31,,4914,40,4,,0,75,,4911,40,4,,0,74,,4912,40,4,,0,28,,4919,40,4,,0,27,,4933,40,4,,0,69,,4935,40,4,,0,30,,4936,40,4,,0,66,,4937,40,4,,0,30,,4934,40,4,,0,100,,4938,40,4,,0,100,,4939,40,4,,0,98,,4940,40,4,,0,100,,4941,40,4,,0
1100,'5105',708,,4964,40,4,,0,32,,4965,40,4,,0,70,,4947,40,4,,0,31,,4944,40,4,,0,71,,4945,40,4,,0,30,,4948,40,4,,0,72,,4949,40,4,,0,30,,4946,40,4,,0,71,,4943,40,4,,0,31,,4950,40,4,,0,71,,4951,40,4,,0,30,,4952,40,4,,0,70,,4953,40,4,,0,30,,4954,40,4,,0,70,,4956,40,4,,0,30,,4957,40,4,,0,70,,4958,40,4,,0,30,,4955,40,4,,0,70,,4959,40,4,,0,30,,4961,40,4,,0,70,,4962,40,4,,0,30,,4960,40,4,,0,69,,4963,40,4,,0,29,,4966,40,4,,0,69,,4967,40,4,,0,30,,4968,40,4,,0,99,,4969,40,4,,0,100,,4970,40,4,,0,96,,4971,40,4,,0,99,,4972,40,4,,0,89,,4973,40,4,,0
1101,'4327',730,,4987,1,,,0,100,,4990,1,,,0,100,,4975,1,,,0,100,,4977,1,,,0,100,,4981,1,,,0,100,,4976,1,,,0,100,,4974,1,,,0,100,,4979,1,,,0,100,,4978,1,,,0,100,,4984,1,,,0,100,,4982,1,,,0,100,,4980,1,,,0,100,,4983,1,,,0,100,,4985,1,,,0,100,,4986,1,,,0,100,,4988,1,,,0,100,,4989,1,,,0
1101,'4795',530,,3288,1,,,0,70,,1087,1,,,0,30,,3284,1,,,0,70,,3282,1,,,0,30,,3278,1,,,0,70,,1088,1,,,0,30,,3283,1,,,0,70,,3279,1,,,0,30,,3291,1,,,0,70,,3277,1,,,0,30,,3287,1,,,0,70,,3294,1,,,0,30,,3275,1,,,0,70,,3286,1,,,0,30,,3280,1,,,0,70,,3292,1,,,0,30,,3285,1,,,0,70,,3281,1,,,0,30,,3293,1,,,0,70,,3276,1,,,0,30,,3289,1,,,0,75,,3274,1,,,0,35,,3290,1,,,0,70,,3295,1,,,0,30,,3296,1,,,0,70,,3297,1,,,0,30,,3298,1,,,0,70,,3299,1,,,0,30,,3305,1,,,0,70,,3300,1,,,0,100,,3301,1,,,0,100,,3302,1,,,0,100,,3303,1,,,0,90,,3304,1,0,5 6,0
1101,'4800',700,,3311,1,,,0,30,,3308,1,,,0,70,,3309,1,,,0,30,,3306,1,,,0,70,,3313,1,,,0,30,,3315,1,,,0,70,,3317,1,,,0,30,,3310,1,,,0,70,,3307,1,,,0,30,,3314,1,,,0,70,,3318,1,,,0,30,,3312,1,,,0,70,,3319,1,,,0,30,,3320,1,,,0,70,,3321,1,,,0,30,,3322,1,,,0,70,,3316,1,,,0,30,,3323,1,,,0,70,,3324,1,,,0,30,,3326,1,,,0,70,,3327,1,,,0,30,,3328,1,,,0,70,,3325,1,,,0,30,,3329,1,,,0,70,,3330,1,,,0,100,,3331,1,,,0,100,,3332,1,,,0,100,,3333,1,,,0,100,,3334,1,,,0,100,,3335,1,,,0
1101,'5102',530,,5005,1,,,0,70,,5008,1,,,0,30,,5003,1,,,0,70,,4999,1,,,0,30,,4995,1,,,0,70,,5009,1,,,0,30,,5002,1,,,0,70,,4996,1,,,0,30,,5010,1,,,0,70,,4994,1,,,0,30,,5001,1,,,0,70,,5013,1,,,0,30,,4992,1,,,0,70,,5000,1,,,0,30,,4997,1,,,0,70,,5011,1,,,0,30,,5004,1,,,0,70,,4998,1,,,0,30,,5012,1,,,0,70,,4993,1,,,0,30,,5006,1,,,0,75,,4991,1,,,0,35,,5007,1,,,0,70,,5014,1,,,0,30,,5015,1,,,0,70,,5016,1,,,0,30,,5017,1,,,0,70,,5018,1,,,0,30,,5024,1,,,0,70,,5019,1,,,0,100,,5020,1,,,0,100,,5021,1,,,0,100,,5022,1,,,0,90,,5023,1,0,5 6,0
1101,'5105',700,,5030,1,,,0,30,,5026,1,,,0,70,,5028,1,,,0,30,,5025,1,,,0,70,,5032,1,,,0,30,,5034,1,,,0,70,,5036,1,,,0,30,,5029,1,,,0,70,,5027,1,,,0,30,,5033,1,,,0,70,,5037,1,,,0,30,,5031,1,,,0,70,,5038,1,,,0,30,,5039,1,,,0,70,,5040,1,,,0,30,,5041,1,,,0,70,,5035,1,,,0,30,,5042,1,,,0,70,,5043,1,,,0,30,,5045,1,,,0,70,,5046,1,,,0,30,,5047,1,,,0,70,,5044,1,,,0,30,,5048,1,,,0,70,,5049,1,,,0,100,,5050,1,,,0,100,,5051,1,,,0,100,,5052,1,,,0,100,,5053,1,,,0,100,,5054,1,,,0
