600,'4327',854,,4337,15,,,0,160,,4338,15,,,0,120,,4339,15,,,0,120,,4341,15,,,0,160,,4343,15,,,0,120,,4344,15,,,0,120,,4340,15,,,0,160,,4342,15,,,0
600,'4795',704,,417,15,,,0,35,,2765,15,,,0,75,,416,15,,,0,35,,2766,15,,,0,75,,424,15,,,0,110,,425,15,,,0,110,,426,15,,,0,110,,422,15,,,0,151,,423,15,,,0,35,,430,15,,,0,75,,421,15,,,0,35,,429,15,,,0,75,,420,15,,,0,75,,432,15,,,0,35,,419,15,,,0,74,,433,15,,,0,35,,418,15,,,0,110,,434,15,,,0,150,,431,15,,,0,113,,435,15,,,0
600,'4800',817,,445,15,,,0,100,,437,15,,,0,100,,2767,15,,,0,100,,439,15,,,0,100,,441,15,,,0,100,,438,15,,,0,100,,442,15,,,0,100,,443,15,,,0,100,,440,15,,,0,100,,2768,15,,,0
600,'5102',704,,4346,15,,,0,110,,4345,15,,,0,110,,4354,15,,,0,110,,4355,15,,,0,110,,4353,15,,,0,110,,4352,15,,,0,151,,4351,15,,,0,35,,4357,15,,,0,75,,4350,15,,,0,35,,4356,15,,,0,75,,4349,15,,,0,75,,4359,15,,,0,35,,4348,15,,,0,74,,4360,15,,,0,35,,4347,15,,,0,110,,4361,15,,,0,150,,4358,15,,,0
600,'5105',817,,4371,15,,,0,100,,4363,15,,,0,100,,4362,15,,,0,100,,4365,15,,,0,100,,4367,15,,,0,100,,4364,15,,,0,100,,4368,15,,,0,100,,4369,15,,,0,100,,4366,15,,,0,100,,4370,15,,,0
1801,'4327',820,,5332,9,,,0,115,,5333,9,,,0,120,,5330,9,,,0,155,,5331,9,,,0,120,,5329,9,,,0,115,,5328,9,,,0,160,,5334,9,,,0,115,,5335,9,,,0,120,,5336,9,,,0,115,,5337,9,,,0,155,,5338,9,,,0,115,,5339,9,,,0
1801,'4795',632,,3434,9,,,0,108,,1474,9,,,0,66,,1454,9,,,0,26,,1475,9,,,0,69,,1455,9,,,0,28,,1478,9,,,0,27,,1457,9,,,0,80,,1456,9,,,0,80,,1461,9,,,0,40,,1462,9,,,0,80,,1464,9,,,0,80,,1463,9,,,0,40,,1458,9,,,0,80,,1459,9,,,0,68,,1477,9,,,0,28,,1460,9,,,0,68,,1476,9,,,0,28,,1473,9,,,0,30,,1479,9,,,0,67,,1467,9,,,0,30,,1480,9,,,0,68,,1466,9,,,0,95,,1470,9,,,0,37,,1469,9,,,0,80,,1468,9,,,0,120,,1471,9,,,0,149,,1465,9,,,0
1801,'4800',751,,3437,9,,,0,102,,1487,9,,,0,100,,1488,9,,,0,100,,3441,9,,,0,100,,1492,9,,,0,100,,1489,9,,,0,100,,1490,9,,,0,100,,1493,9,,,0,100,,1494,9,,,0,100,,1495,9,,,0,100,,3442,9,,,0,167,,3438,9,,,0,115,,3440,9,,,0,115,,3436,9,,,0,155,,3439,9,,,0,115,,3435,9,,,0
1801,'5102',632,,5358,9,,,0,108,,5360,9,,,0,66,,5340,9,,,0,26,,5361,9,,,0,69,,5341,9,,,0,28,,5364,9,,,0,27,,5343,9,,,0,80,,5342,9,,,0,80,,5347,9,,,0,40,,5348,9,,,0,80,,5350,9,,,0,80,,5349,9,,,0,40,,5345,9,,,0,80,,5346,9,,,0,68,,5363,9,,,0,28,,5344,9,,,0,68,,5362,9,,,0,28,,5359,9,,,0,30,,5365,9,,,0,67,,5353,9,,,0,30,,5366,9,,,0,68,,5352,9,,,0,95,,5356,9,,,0,37,,5355,9,,,0,80,,5354,9,,,0,120,,5357,9,,,0,149,,5351,9,,,0
1801,'5105',751,,5369,9,,,0,102,,5373,9,,,0,100,,5374,9,,,0,100,,5377,9,,,0,100,,5378,9,,,0,100,,5375,9,,,0,100,,5376,9,,,0,100,,5379,9,,,0,100,,5380,9,,,0,100,,5381,9,,,0,100,,5382,9,,,0,167,,5370,9,,,0,115,,5372,9,,,0,115,,5368,9,,,0,155,,5371,9,,,0,115,,5367,9,,,0
