9700,'4327',736,,6184,9,,,0,70,,6181,9,,,0,30,,6185,9,,,0,70,,6183,9,,,0,31,,6157,9,,,0,71,,6182,9,,,0,33,,6158,9,,,0,71,,6178,9,,,0,31,,6159,9,,,0,70,,6180,9,,,0,31,,6161,9,,,0,70,,6179,9,,,0,30,,6162,9,,,0,70,,6176,9,,,0,30,,6163,9,,,0,69,,6177,9,,,0,30,,6167,9,,,0,70,,6173,9,,,0,30,,6168,9,,,0,69,,6172,9,,,0,29,,6160,9,,,0,70,,6174,9,,,0,30,,6165,9,,,0,68,,6171,9,,,0,27,,6166,9,,,0,70,,6175,9,,,0,30,,6164,9,,,0,70,,6186,9,,,0,30,,6169,9,,,0,70,,6188,9,,,0,28,,6170,9,,,0,100,,6187,9,,,0
9700,'4795',650,,3647,9,,,0,55,,3645,9,,,0,17,,3653,9,,,0,20,,3650,9,,,0,15,,3641,9,,,0,85,,3648,9,,,0,13,,3637,9,,,0,53,,3646,9,,,0,29,,3655,9,,,0,14,,3649,9,,,0,56,,3640,9,,,0,45,,3651,9,,,0,55,,3634,9,,,0,30,,3656,9,,,0,15,,3652,9,,,0,56,,3643,9,,,0,48,,3632,9,,,0,56,,3639,9,,,0,32,,3657,9,,,0,15,,3630,9,,,0,55,,3644,9,,,0,88,,3633,9,,,0,17,,3638,9,,,0,16,,3629,9,,,0,70,,3658,9,,,0,15,,3627,9,,,0,15,,3642,9,,,0,88,,3631,9,,,0,19,,3635,9,,,0,60,,3628,9,,,0,38,,3626,9,,,0,101,,3636,9,,,0,62,,3659,9,,,0,126,,3660,9,,,0,22,,3661,9,,,0,176,,3662,9,,,0,179,,3663,9,,,0
9700,'4796',635,,3679,9,,,0,177,,3672,9,,,0,15,,3680,9,,,0,95,,3670,9,,,0,100,,3673,9,,,0,15,,3678,9,,,0,85,,3674,9,,,0,102,,3676,9,,,0,16,,3682,9,,,0,88,,3675,9,,,0,102,,3668,9,,,0,16,,3681,9,,,0,104,,3684,9,,,0,100,,3667,9,,,0,55,,3677,9,,,0,117,,3683,9,,,0,78,,3666,9,,,0,19,,3669,9,,,0,106,,3685,9,,,0,25,,3686,9,,,0,59,,3694,9,,,0,104,,3687,9,,,0,25,,3688,9,,,0,65,,3689,9,,,0,49,,3690,9,,,0,65,,3691,9,,,0,24,,3692,9,,,0,90,,3693,9,,,0
9700,'4799',635,,3708,9,,,0,177,,3701,9,,,0,15,,3709,9,,,0,95,,3699,9,,,0,100,,3702,9,,,0,15,,3707,9,,,0,85,,3703,9,,,0,102,,3705,9,,,0,16,,3711,9,,,0,88,,3704,9,,,0,102,,3697,9,,,0,16,,3710,9,,,0,104,,3713,9,,,0,100,,3696,9,,,0,55,,3706,9,,,0,117,,3712,9,,,0,78,,3695,9,,,0,19,,3698,9,,,0,106,,3715,9,,,0,25,,3716,9,,,0,59,,3725,9,,,0,104,,3717,9,,,0,25,,3718,9,,,0,65,,3719,9,,,0,49,,3720,9,,,0,65,,3721,9,,,0,24,,3722,9,,,0,90,,3723,9,,,0,25,,3724,9,,,0,65,,3714,9,,,0
9700,'4800',734,,3731,9,,,0,70,,3727,9,,,0,31,,3732,9,,,0,70,,3726,9,,,0,30,,3730,9,,,0,73,,3728,9,,,0,30,,3734,9,,,0,71,,3736,9,,,0,30,,3729,9,,,0,71,,3733,9,,,0,30,,3739,9,,,0,70,,3738,9,,,0,30,,3735,9,,,0,70,,3740,9,,,0,30,,3737,9,,,0,70,,3741,9,,,0,29,,3742,9,,,0,70,,3743,9,,,0,29,,3745,9,,,0,70,,3747,9,,,0,30,,3748,9,,,0,76,,3744,9,,,0,28,,3749,9,,,0,70,,3746,9,,,0,30,,3750,9,,,0,69,,3763,9,,,0,30,,3753,9,,,0,70,,3756,9,,,0,30,,3751,9,,,0,69,,3757,9,,,0,29,,3754,9,,,0,69,,3758,9,,,0,30,,3752,9,,,0,70,,3759,9,,,0,29,,3755,9,,,0,70,,3760,9,,,0,30,,3761,9,,,0,70,,3762,9,,,0
9700,'5102',640,,6211,9,,,0,61,,6203,9,,,0,21,,6206,9,,,0,25,,6210,9,,,0,63,,6204,9,,,0,21,,6208,9,,,0,20,,6207,9,,,0,60,,6200,9,,,0,20,,6197,9,,,0,22,,6217,9,,,0,68,,6209,9,,,0,28,,6213,9,,,0,70,,6198,9,,,0,29,,6219,9,,,0,69,,6205,9,,,0,28,,6216,9,,,0,68,,6202,9,,,0,21,,6242,9,,,0,20,,6220,9,,,0,59,,6240,9,,,0,20,,6215,9,,,0,20,,6196,9,,,0,62,,6201,9,,,0,20,,6218,9,,,0,21,,6223,9,,,0,60,,6192,9,,,0,20,,6191,9,,,0,19,,6212,9,,,0,58,,6195,9,,,0,18,,6193,9,,,0,19,,6235,9,,,0,58,,6236,9,,,0,18,,6237,9,,,0,17,,6189,9,,,0,59,,6190,9,,,0,19,,6241,9,,,0,19,,6194,9,,,0,60,,6199,9,,,0,19,,6225,9,,,0,23,,6226,9,,,0,63,,6239,9,,,0,22,,6238,9,,,0,25,,6222,9,,,0,64,,6227,9,,,0,24,,6224,9,,,0,65,,6228,9,,,0,23,,6229,9,,,0,25,,6230,9,,,0,65,,6231,9,,,0,25,,6232,9,,,0,64,,6233,9,,,0,25,,6234,9,,,0
9700,'5105',734,,6250,9,,,0,70,,6246,9,,,0,31,,6251,9,,,0,72,,6245,9,,,0,31,,6249,9,,,0,72,,6247,9,,,0,31,,6253,9,,,0,71,,6255,9,,,0,32,,6248,9,,,0,73,,6252,9,,,0,32,,6258,9,,,0,72,,6257,9,,,0,32,,6254,9,,,0,72,,6259,9,,,0,32,,6256,9,,,0,72,,6260,9,,,0,71,,6261,9,,,0,30,,6263,9,,,0,72,,6265,9,,,0,32,,6266,9,,,0,72,,6262,9,,,0,31,,6267,9,,,0,72,,6264,9,,,0,32,,6268,9,,,0,69,,6279,9,,,0,32,,6271,9,,,0,70,,6274,9,,,0,30,,6269,9,,,0,69,,6275,9,,,0,28,,6272,9,,,0,70,,6276,9,,,0,30,,6270,9,,,0,70,,6277,9,,,0,29,,6273,9,,,0
9800,'4327',907,,6407,4,,,0,45,,6415,4,,,0,85,,6406,4,,,0,85,,6408,4,,,0,85,,6405,4,,,0,45,,6410,4,,,0,85,,6404,4,,,0,85,,6409,4,,,0,85,,6402,4,,,0,45,,6411,4,,,0,85,,6403,4,,,0,85,,6412,4,,,0,130,,6413,4,,,0,170,,6414,4,,,0
9800,'4795',637,,2670,4,,,0,20,,2666,4,,,0,60,,2669,4,,,0,21,,2668,4,,,0,21,,2680,4,,,0,61,,2657,4,,,0,21,,2660,4,,,0,61,,2655,4,,,0,42,,2648,4,,,0,83,,2671,4,,,0,84,,2675,4,,,0,43,,2656,4,,,0,85,,2658,4,,,0,85,,2677,4,,,0,85,,2649,4,,,0,47,,2659,4,,,0,60,,2673,4,,,0,20,,2678,4,,,0,20,,2665,4,,,0,60,,2652,4,,,0,20,,2663,4,,,0,20,,2661,4,,,0,58,,2654,4,,,0,20,,2650,4,,,0,20,,2651,4,,,0,60,,2672,4,,,0,29,,2679,4,,,0,80,,2664,4,,,0,80,,2676,4,,,0,40,,2674,4,,,0,79,,2647,4,,,0,80,,2667,4,,,0,40,,2653,4,,,0,80,,2662,4,,,0
9800,'4800',907,,2685,4,,,0,45,,2694,4,,,0,87,,2686,4,,,0,85,,2689,4,,,0,85,,2683,4,,,0,45,,2688,4,,,0,85,,2684,4,,,0,85,,2691,4,,,0,85,,2681,4,,,0,44,,2690,4,,,0,85,,2682,4,,,0,85,,2687,4,,,0,130,,2692,4,,,0,170,,2693,4,,,0
9800,'5102',637,,6437,4,,,0,20,,6433,4,,,0,60,,6440,4,,,0,21,,6435,4,,,0,21,,6441,4,,,0,61,,6439,4,,,0,82,,6434,4,,,0,42,,6438,4,,,0,83,,6436,4,,,0,84,,6432,4,,,0,43,,6419,4,,,0,85,,6420,4,,,0,85,,6426,4,,,0,85,,6416,4,,,0,47,,6431,4,,,0,60,,6443,4,,,0,20,,6442,4,,,0,20,,6430,4,,,0,60,,6445,4,,,0,20,,6428,4,,,0,20,,6444,4,,,0,73,,6427,4,,,0,83,,6429,4,,,0,89,,6422,4,,,0,50,,6425,4,,,0,86,,6424,4,,,0,85,,6417,4,,,0,80,,6423,4,,,0,40,,6418,4,,,0,80,,6421,4,,,0
9800,'5105',907,,6450,4,,,0,45,,6459,4,,,0,87,,6451,4,,,0,85,,6454,4,,,0,85,,6448,4,,,0,45,,6453,4,,,0,85,,6449,4,,,0,85,,6456,4,,,0,85,,6446,4,,,0,44,,6455,4,,,0,85,,6447,4,,,0,85,,6452,4,,,0,130,,6457,4,,,0,170,,6458,4,,,0
