601,'4327',804,,4374,6,,,0,120,,4373,6,,,0,120,,4372,6,,,0,160,,4376,6,,,0,120,,4377,6,,,0,120,,4378,6,,,0,160,,4375,6,,,0,120,,4379,6,,,0
601,'4795',619,,459,6,,,0,35,,2769,6,,,0,75,,458,6,,,0,75,,2770,6,,,0,35,,457,6,,,0,75,,2771,6,,,0,35,,462,6,,,0,110,,461,6,,,0,150,,464,6,,,0,110,,463,6,,,0,35,,469,6,,,0,75,,460,6,,,0,75,,471,6,,,0,36,,456,6,,,0,75,,470,6,,,0,35,,454,6,,,0,74,,472,6,,,0,35,,455,6,,,0,150,,473,6,,,0,110,,474,6,,,0,210,,2773,6,,,0
601,'4800',809,,2774,6,,,0,100,,478,6,,,0,100,,480,6,,,0,100,,2775,6,,,0,100,,479,6,,,0,100,,484,6,,,0,100,,483,6,,,0,100,,482,6,,,0,200,,485,6,,,0
601,'5102',619,,4385,6,,,0,110,,4384,6,,,0,110,,4383,6,,,0,110,,4387,6,,,0,110,,4388,6,,,0,150,,4390,6,,,0,110,,4389,6,,,0,35,,4392,6,,,0,75,,4386,6,,,0,75,,4394,6,,,0,36,,4382,6,,,0,75,,4393,6,,,0,35,,4380,6,,,0,74,,4395,6,,,0,35,,4381,6,,,0,150,,4396,6,,,0,110,,4397,6,,,0
601,'5105',809,,4399,6,,,0,100,,4400,6,,,0,100,,4402,6,,,0,100,,4403,6,,,0,100,,4401,6,,,0,100,,4406,6,,,0,100,,4405,6,,,0,100,,4404,6,,,0,200,,4407,6,,,0
1800,'4327',734,,5283,6,,,0,101,,5276,6,,,0,115,,5275,6,,,0,160,,5274,6,,,0,115,,5273,6,,,0,120,,5272,6,,,0,155,,5271,6,,,0,120,,5277,6,,,0,115,,5278,6,,,0,119,,5279,6,,,0,155,,5280,6,,,0,115,,5281,6,,,0,115,,5282,6,,,0
1800,'4795',614,,3424,6,,,0,106,,1418,6,,,0,26,,1399,6,,,0,66,,1419,6,,,0,29,,1400,6,,,0,68,,1422,6,,,0,27,,1401,6,,,0,80,,1405,6,,,0,40,,1404,6,,,0,80,,1402,6,,,0,80,,1403,6,,,0,40,,1398,6,,,0,80,,1409,6,,,0,80,,1407,6,,,0,28,,1421,6,,,0,67,,1410,6,,,0,29,,1420,6,,,0,68,,1408,6,,,0,30,,1423,6,,,0,66,,1406,6,,,0,30,,1424,6,,,0,70,,1411,6,,,0,55,,1413,6,,,0,77,,1412,6,,,0,80,,1414,6,,,0,43,,1415,6,,,0,155,,1416,6,,,0
1800,'4800',734,,3427,6,,,0,100,,1427,6,,,0,100,,1428,6,,,0,100,,3425,6,,,0,100,,1425,6,,,0,100,,1429,6,,,0,100,,1430,6,,,0,100,,1431,6,,,0,100,,1432,6,,,0,100,,1433,6,,,0,100,,3426,6,,,0,85,,3428,6,,,0,115,,3429,6,,,0,115,,3430,6,,,0,155,,3431,6,,,0,115,,3432,6,,,0,115,,3433,6,,,0
1800,'5102',614,,5303,6,,,0,106,,5304,6,,,0,26,,5285,6,,,0,66,,5305,6,,,0,29,,5286,6,,,0,68,,5308,6,,,0,27,,5287,6,,,0,80,,5292,6,,,0,40,,5291,6,,,0,80,,5288,6,,,0,80,,5289,6,,,0,40,,5284,6,,,0,80,,5296,6,,,0,80,,5290,6,,,0,28,,5307,6,,,0,67,,5295,6,,,0,29,,5306,6,,,0,68,,5294,6,,,0,30,,5309,6,,,0,66,,5293,6,,,0,30,,5310,6,,,0,70,,5297,6,,,0,55,,5299,6,,,0,77,,5298,6,,,0,80,,5301,6,,,0,43,,5300,6,,,0,155,,5302,6,,,0
1800,'5105',734,,5321,6,,,0,100,,5313,6,,,0,100,,5314,6,,,0,100,,5312,6,,,0,100,,5311,6,,,0,100,,5315,6,,,0,100,,5316,6,,,0,100,,5317,6,,,0,100,,5318,6,,,0,100,,5319,6,,,0,100,,5320,6,,,0,85,,5322,6,,,0,115,,5323,6,,,0,115,,5324,6,,,0,155,,5325,6,,,0,115,,5326,6,,,0,115,,5327,6,,,0
