'3344',1001,250800,0,'Orchard Pk',0
'4278',1001,231800,0,'Orchard Pk',0
'4283',1001,231800,0,'Orchard Pk',0
'3344',1100,73800,4,'',0,6600,4,'',0,3000,4,'',0,7100,4,'',0,3000,4,'',0,7200,4,'',0,3000,4,'',0,7100,4,'',0,3000,4,'',0,7100,4,'',0,3000,4,'',0,7000,4,'',0,3000,4,'',0,7000,4,'',0,3000,4,'',0,7000,4,'',0,3000,4,'',0,7000,4,'',0,3000,4,'',0,7000,4,'',0,3000,4,'',0,7000,4,'',0,2900,4,'',0,11400,4,'',0,10400,4,'',0,10000,4,'',0,9700,4,'',0,14800,4,'',0,10000,4,'',0
'3344',1101,73800,,'',0,6600,,'',0,3000,,'',0,7100,,'',0,3000,,'',0,7200,,'',0,3000,,'',0,7100,,'',0,3000,,'',0,7100,,'',0,3000,,'',0,7000,,'',0,3000,,'',0,7000,,'',0,3000,,'',0,7000,,'',0,3000,,'',0,7000,,'',0,3000,,'',0,7000,,'',0,3000,,'',0,7000,,'',0,2900,,'',0,11400,,'',0,10400,,'',0,10000,,'',0,9700,,'',0,14800,0,'Orchard Pk',0
'3601',1100,55700,4,'',0,6900,4,'',0,9100,4,'',0,3800,4,'',0,5600,4,'',0,1700,4,'',0,2600,4,'',0,6500,4,'',0,2200,4,'',0,6500,4,'',0,2500,4,'',0,2500,4,'',0,6500,4,'',0,2500,4,'',0,6600,4,'',0,2600,4,'',0,6500,4,'',0,2500,4,'',0,2500,4,'',0,6500,4,'',0,2500,4,'',0,6500,4,'',0,2800,4,'',0,6600,4,'',0,2500,4,'',0,2400,4,'',0,5500,4,'',0,1500,4,'',0,2400,4,'',0,6100,4,'',0,2500,4,'',0,2500,4,'',0,6700,4,'',0,8000,4,'',0,4400,4,'',0,8500,4,'',0,8500,4,'',0,3300,4,'',0,16000,4,'',0
'3601',1101,55700,,'',0,6900,,'',0,9100,,'',0,3800,,'',0,5600,,'',0,1700,,'',0,2600,,'',0,6500,,'',0,2200,,'',0,6500,,'',0,2500,,'',0,2500,,'',0,6500,,'',0,2500,,'',0,6600,,'',0,2600,,'',0,6500,,'',0,2500,,'',0,2500,,'',0,6500,,'',0,2500,,'',0,6500,,'',0,2800,,'',0,6600,,'',0,2500,,'',0,2400,,'',0,5500,,'',0,1500,,'',0,2400,,'',0,6100,,'',0,2500,,'',0,2500,,'',0,6700,,'',0,8000,,'',0,4400,,'',0,8500,,'',0,8500,,'',0,3300,,'',0,16000,0,'Orchard Pk',0
'3859',1100,114200,4,'',0,30000,4,'',0,30100,4,'',0,29600,4,'',0,11900,4,'',0
'3859',1101,114200,,'',0,30100,,'',0,30000,,'',0,29600,,'',0,11900,0,'Orchard Pk',0
'4278',1100,75100,4,'',0,19000,4,'',0,10100,4,'',0,20100,4,'',0,10000,4,'',0,20000,4,'',0,10000,4,'',0,19800,4,'',0,9900,4,'',0,37200,4,'',0
'4278',1101,75100,,'',0,19000,,'',0,10100,,'',0,20100,,'',0,10000,,'',0,20000,,'',0,10000,,'',0,19800,,'',0,9900,,'',0
'4283',1100,75100,4,'',0,19000,4,'',0,10100,4,'',0,20100,4,'',0,10000,4,'',0,20000,4,'',0,10000,4,'',0,19800,4,'',0,9900,4,'',0,37200,4,'',0
'4283',1101,75100,,'',0,19000,,'',0,10100,,'',0,20100,,'',0,10000,,'',0,20000,,'',0,10000,,'',0,19800,,'',0,9900,,'',0
