800,'4327',620,,4408,21,,,0,33,,4409,37,,,0,75,,4410,37,,,0,75,,4411,37,,,0,36,,4412,37,,,0,78,,4414,37,,,0,35,,4415,37,,,0,71,,4416,37,,,0,30,,4413,37,,,0,72,,4418,37,,,0,30,,4419,37,,,0,70,,4420,37,,,0,31,,4417,37,,,0,70,,4421,37,,,0,30,,4422,37,,,0,70,,4423,37,,,0,30,,4426,37,,,0,70,,4433,37,,,0,30,,4427,37,,,0,70,,4434,37,,,0,30,,4424,37,,,0,69,,4425,37,,,0,29,,4428,37,,,0,69,,4435,37,,,0,30,,4429,37,,,0,68,,4430,37,,,0,29,,4431,37,,,0,70,,4432,37,,,0,85,,4436,37,,,0,43,,4437,37,,,0,84,,4438,37,,,0,84,,4439,37,,,0,85,,4440,37,,,0
800,'4795',620,,2810,37,,,0,20,,2811,37,,,0,16,,2812,21,,,0,51,,2813,37,,,0,12,,2814,21,,,0,12,,2815,37,,,0,17,,2816,37,,,0,55,,2817,37,,,0,16,,2818,37,,,0,15,,2819,37,,,0,16,,2820,37,,,0,55,,2821,37,,,0,14,,2822,37,,,0,8,,585,37,,,0,8,,2823,37,,,0,15,,2824,37,,,0,55,,2825,37,,,0,15,,2826,37,,,0,15,,2827,37,,,0,15,,2828,37,,,0,55,,2829,37,,,0,16,,2830,37,,,0,15,,2831,37,,,0,15,,2832,37,,,0,55,,2833,37,,,0,15,,2834,37,,,0,15,,2835,37,,,0,15,,2836,37,,,0,55,,2837,37,,,0,15,,2838,37,,,0,15,,2839,37,,,0,15,,2840,37,,,0,55,,2841,37,,,0,16,,2842,37,,,0,16,,2843,37,,,0,15,,2844,37,,,0,55,,2845,37,,,0,16,,2846,37,,,0,16,,2847,37,,,0,17,,2848,37,,,0,55,,561,37,,,0,1,,2849,37,,,0,16,,2850,37,,,0,16,,2851,37,,,0,11,,565,37,,,0,44,,2852,37,,,0,15,,2853,37,,,0,13,,2854,37,,,0,16,,2855,37,,,0,14,,2856,37,,,0,56,,2857,37,,,0,15,,2858,37,,,0,14,,2859,37,,,0,16,,2860,37,,,0,56,,2861,37,,,0,18,,2862,37,,,0,20,,2863,37,,,0,60,,2864,37,,,0,23,,2865,37,,,0,65,,2866,37,,,0,24,,2867,37,,,0,24,,2868,37,,,0,65,,2869,37,,,0,43,,2870,37,,,0,85,,2808,37,,,0,82,,2807,37,,,0,85,,2809,37,,,0
800,'4800',620,,2904,21,,,0,36,,2886,37,,,0,76,,2895,37,,,0,75,,2903,37,,,0,36,,2885,37,,,0,75,,2896,37,,,0,37,,2902,37,,,0,70,,2871,37,,,0,29,,2882,37,,,0,66,,2888,37,,,0,26,,2898,37,,,0,60,,622,37,,,0,20,,2876,37,,,0,20,,2884,37,,,0,60,,2905,37,,,0,20,,2889,37,,,0,20,,2901,37,,,0,60,,625,37,,,0,20,,2873,37,,,0,20,,2881,37,,,0,60,,2906,37,,,0,20,,2890,37,,,0,20,,2897,37,,,0,60,,626,37,,,0,20,,2874,37,,,0,20,,2883,37,,,0,60,,2908,37,,,0,19,,2891,37,,,0,20,,2900,37,,,0,60,,628,37,,,0,20,,2875,37,,,0,19,,2879,37,,,0,57,,2907,37,,,0,20,,2887,37,,,0,30,,2899,37,,,0,69,,2878,37,,,0,85,,2893,37,,,0,44,,2880,37,,,0,83,,2894,37,,,0,85,,2877,37,,,0,84,,2892,37,,,0,43,,2872,37,,,0,80,,611,37,,,0
800,'5102',620,,4444,37,,,0,20,,4446,37,,,0,16,,4447,21,,,0,51,,4448,37,,,0,12,,4445,21,,,0,12,,4449,37,,,0,17,,4450,37,,,0,55,,4451,37,,,0,16,,4452,37,,,0,15,,4453,37,,,0,16,,4454,37,,,0,55,,4455,37,,,0,14,,4456,37,,,0,8,,4507,37,,,0,8,,4458,37,,,0,15,,4459,37,,,0,55,,4460,37,,,0,15,,4457,37,,,0,15,,4461,37,,,0,15,,4463,37,,,0,55,,4464,37,,,0,16,,4465,37,,,0,15,,4462,37,,,0,15,,4466,37,,,0,55,,4467,37,,,0,15,,4468,37,,,0,15,,4469,37,,,0,15,,4470,37,,,0,55,,4471,37,,,0,15,,4472,37,,,0,15,,4473,37,,,0,15,,4474,37,,,0,55,,4475,37,,,0,16,,4477,37,,,0,16,,4478,37,,,0,15,,4479,37,,,0,55,,4476,37,,,0,16,,4480,37,,,0,16,,4481,37,,,0,17,,4482,37,,,0,55,,4483,37,,,0,1,,4484,37,,,0,16,,4485,37,,,0,8,,4508,37,,,0,8,,4486,37,,,0,11,,4487,37,,,0,44,,4488,37,,,0,15,,4489,37,,,0,13,,4490,37,,,0,16,,4491,37,,,0,14,,4492,37,,,0,56,,4493,37,,,0,15,,4495,37,,,0,14,,4496,37,,,0,16,,4497,37,,,0,56,,4494,37,,,0,18,,4498,37,,,0,20,,4500,37,,,0,60,,4501,37,,,0,23,,4499,37,,,0,65,,4502,37,,,0,24,,4503,37,,,0,24,,4504,37,,,0,65,,4505,37,,,0,43,,4506,37,,,0,85,,4442,37,,,0,82,,4441,37,,,0,85,,4443,37,,,0
800,'5105',620,,4543,21,,,0,36,,4524,37,,,0,76,,4533,37,,,0,75,,4542,37,,,0,36,,4523,37,,,0,75,,4535,37,,,0,37,,4541,37,,,0,70,,4509,37,,,0,29,,4520,37,,,0,66,,4526,37,,,0,26,,4537,37,,,0,60,,4545,37,,,0,20,,4514,37,,,0,20,,4522,37,,,0,60,,4544,37,,,0,20,,4527,37,,,0,20,,4540,37,,,0,60,,4548,37,,,0,20,,4511,37,,,0,20,,4519,37,,,0,60,,4546,37,,,0,20,,4528,37,,,0,20,,4536,37,,,0,60,,4549,37,,,0,20,,4512,37,,,0,20,,4521,37,,,0,60,,4550,37,,,0,19,,4529,37,,,0,20,,4539,37,,,0,60,,4551,37,,,0,20,,4513,37,,,0,19,,4517,37,,,0,57,,4547,37,,,0,20,,4525,37,,,0,30,,4538,37,,,0,69,,4516,37,,,0,85,,4531,37,,,0,44,,4518,37,,,0,83,,4532,37,,,0,85,,4515,37,,,0,84,,4530,37,,,0,43,,4510,37,,,0,80,,4534,37,,,0
9800,'4327',921,,6407,13,,,0,86,,6415,13,,,0,47,,6406,13,,,0,85,,6408,13,,,0,85,,6405,13,,,0,85,,6410,13,,,0,45,,6404,13,,,0,85,,6409,13,,,0,85,,6402,13,,,0,85,,6411,13,,,0,45,,6403,13,,,0,85,,6412,13,,,0,170,,6413,13,,,0,128,,6414,13,,,0
9800,'4795',652,,2670,13,,,0,60,,2666,13,,,0,20,,2669,13,,,0,22,,2668,13,,,0,61,,2680,13,,,0,22,,2657,13,,,0,21,,2660,13,,,0,60,,2655,13,,,0,82,,2648,13,,,0,43,,2671,13,,,0,84,,2675,13,,,0,83,,2656,13,,,0,45,,2658,13,,,0,85,,2677,13,,,0,86,,2649,13,,,0,90,,2659,13,,,0,20,,2673,13,,,0,20,,2678,13,,,0,60,,2665,13,,,0,20,,2652,13,,,0,20,,2663,13,,,0,60,,2661,13,,,0,15,,2654,13,,,0,19,,2650,13,,,0,60,,2651,13,,,0,20,,2672,13,,,0,28,,2679,13,,,0,80,,2664,13,,,0,80,,2676,13,,,0,40,,2674,13,,,0,79,,2647,13,,,0,80,,2667,13,,,0,38,,2653,13,,,0,79,,2662,13,,,0
9800,'4800',921,,2685,13,,,0,86,,2694,13,,,0,49,,2686,13,,,0,85,,2689,13,,,0,85,,2683,13,,,0,85,,2688,13,,,0,45,,2684,13,,,0,85,,2691,13,,,0,85,,2681,13,,,0,84,,2690,13,,,0,45,,2682,13,,,0,85,,2687,13,,,0,169,,2692,13,,,0,130,,2693,13,,,0
9800,'5102',652,,6437,13,,,0,60,,6433,13,,,0,20,,6440,13,,,0,22,,6435,13,,,0,61,,6441,13,,,0,22,,6439,13,,,0,81,,6434,13,,,0,82,,6438,13,,,0,43,,6436,13,,,0,84,,6432,13,,,0,83,,6419,13,,,0,45,,6420,13,,,0,85,,6426,13,,,0,86,,6416,13,,,0,90,,6431,13,,,0,20,,6443,13,,,0,20,,6442,13,,,0,60,,6430,13,,,0,20,,6445,13,,,0,20,,6428,13,,,0,60,,6444,13,,,0,30,,6427,13,,,0,82,,6429,13,,,0,88,,6422,13,,,0,90,,6425,13,,,0,46,,6424,13,,,0,85,,6417,13,,,0,80,,6423,13,,,0,38,,6418,13,,,0,79,,6421,13,,,0
9800,'5105',921,,6450,13,,,0,86,,6459,13,,,0,49,,6451,13,,,0,85,,6454,13,,,0,85,,6448,13,,,0,85,,6453,13,,,0,45,,6449,13,,,0,85,,6456,13,,,0,85,,6446,13,,,0,84,,6455,13,,,0,45,,6447,13,,,0,85,,6452,13,,,0,169,,6457,13,,,0,130,,6458,13,,,0
