801,'4327',656,,4555,13,,,0,75,,4556,13,,,0,75,,4557,13,,,0,36,,4558,13,,,0,75,,4559,13,,,0,35,,4560,13,,,0,75,,4561,13,,,0,75,,4563,13,,,0,30,,4564,13,,,0,70,,4565,13,,,0,30,,4562,13,,,0,70,,4568,13,,,0,30,,4569,13,,,0,70,,4566,13,,,0,30,,4567,13,,,0,70,,4570,13,,,0,30,,4571,13,,,0,70,,4572,13,,,0,30,,4574,13,,,0,70,,4575,13,,,0,30,,4576,13,,,0,69,,4573,13,,,0,30,,4577,13,,,0,70,,4578,13,,,0,30,,4579,13,,,0,70,,4580,13,,,0,45,,4581,13,,,0,85,,4582,13,,,0,85,,4583,13,,,0,85,,4552,13,,,0,45,,4553,13,,,0
801,'4332',656,,4681,13,,,0,75,,4663,13,,,0,75,,4670,13,,,0,36,,4680,13,,,0,75,,4662,13,,,0,35,,4673,13,,,0,75,,4679,13,,,0,30,,4652,13,,,0,70,,4661,13,,,0,25,,4667,13,,,0,65,,4678,13,,,0,25,,4684,13,,,0,60,,4650,13,,,0,20,,4660,13,,,0,20,,4685,13,,,0,60,,4666,13,,,0,20,,4676,13,,,0,20,,4686,13,,,0,60,,4649,13,,,0,20,,4658,13,,,0,20,,4683,13,,,0,60,,4664,13,,,0,20,,4675,13,,,0,20,,4687,13,,,0,60,,4651,13,,,0,20,,4659,13,,,0,19,,4688,13,,,0,60,,4665,13,,,0,20,,4677,13,,,0,20,,4682,13,,,0,60,,4653,13,,,0,30,,4655,13,,,0,70,,4668,13,,,0,45,,4654,13,,,0,85,,4671,13,,,0,85,,4656,13,,,0,85,,4669,13,,,0,44,,4657,13,,,0,85,,4672,13,,,0
801,'4480',647,,4586,13,,,0,62,,4588,13,,,0,16,,4589,13,,,0,30,,4592,13,,,0,55,,4593,13,,,0,15,,4590,13,,,0,15,,4595,13,,,0,70,,4597,13,,,0,15,,4594,13,,,0,30,,4599,13,,,0,55,,4600,13,,,0,15,,4601,13,,,0,15,,4602,13,,,0,15,,4603,13,,,0,55,,4604,13,,,0,15,,4606,13,,,0,30,,4609,13,,,0,55,,4605,13,,,0,15,,4610,13,,,0,15,,4611,13,,,0,15,,4608,13,,,0,55,,4612,13,,,0,15,,4613,13,,,0,15,,4614,13,,,0,15,,4615,13,,,0,55,,4616,13,,,0,15,,4617,13,,,0,15,,4619,13,,,0,16,,4621,13,,,0,55,,4618,13,,,0,15,,4622,2,,,0,4,,4623,13,,,0,16,,4624,13,,,0,54,,4625,13,,,0,16,,4626,13,,,0,32,,4628,13,,,0,56,,4630,13,,,0,15,,4632,13,,,0,16,,4633,13,,,0,15,,4629,13,,,0,56,,4634,13,,,0,15,,4631,13,,,0,32,,4636,13,,,0,57,,4637,13,,,0,18,,4638,13,,,0,25,,4639,13,,,0,90,,4641,13,,,0,65,,4642,13,,,0,25,,4643,13,,,0,25,,4644,13,,,0,85,,4646,13,,,0,84,,4647,13,,,0,85,,4648,13,,,0,45,,4645,13,,,0
801,'5368',557,,6530,13,,,0,183,,6532,13,,,0,115,,6533,13,,,0,85,,6534,13,,,0,200,,6535,13,,,0,492,,6536,13,,,0,205,,6537,13,,,0,182,,6538,13,,,0
1000,'4327',753,,4725,30,,,0,87,,4713,30,,,0,86,,4726,30,,,0,85,,4714,30,,,0,46,,4715,30,,,0,85,,4717,30,,,0,85,,4727,30,,,0,85,,4718,30,,,0,45,,4716,30,,,0,85,,4719,30,,,0,85,,4728,30,,,0,85,,4720,30,,,0,45,,4723,30,,,0,85,,4724,30,,,0,82,,4729,30,,,0,85,,4722,30,,,0,44,,4721,30,,,0,85,,4732,30,,,0,82,,4733,30,,,0,85,,4730,30,,,0,45,,4735,30,,,0,85,,4731,30,,,0,85,,4734,30,,,0
1000,'4332',756,,4800,30,,,0,85,,4787,30,,,0,87,,4788,30,,,0,87,,4782,30,,,0,86,,4781,30,,,0,45,,4789,30,,,0,85,,4790,30,,,0,85,,4783,30,,,0,85,,4796,30,,,0,45,,4797,30,,,0,85,,4794,30,,,0,85,,4799,30,,,0,85,,4792,30,,,0,44,,4786,30,,,0,83,,4801,30,,,0,84,,4791,30,,,0,44,,4779,30,,,0,85,,4795,30,,,0,83,,4784,30,,,0,84,,4780,30,,,0,43,,4798,30,,,0,84,,4785,30,,,0,85,,4793,30,,,0
1000,'4480',546,,4761,30,,,0,80,,4755,30,,,0,20,,4743,30,,,0,60,,4752,30,,,0,21,,4746,30,,,0,23,,4758,30,,,0,60,,4744,30,,,0,20,,4753,30,,,0,20,,4742,30,,,0,61,,4748,30,,,0,25,,4759,30,,,0,74,,4745,30,,,0,32,,4747,30,,,0,73,,4756,30,,,0,32,,4754,30,,,0,72,,4750,30,,,0,32,,4757,30,,,0,72,,4751,30,,,0,32,,4749,30,,,0,72,,4760,30,,,0,27,,4775,30,,,0,61,,4741,30,,,0,20,,4763,30,,,0,21,,4764,30,,,0,60,,4765,30,,,0,20,,4766,30,,,0,20,,4767,30,,,0,59,,4768,30,,,0,19,,4770,30,,,0,18,,4771,30,,,0,58,,4772,30,,,0,19,,4769,30,,,0,79,,4773,30,,,0,39,,4774,30,,,0,80,,4739,30,,,0,78,,4776,30,,,0,39,,4740,30,,,0,78,,4738,30,,,0,80,,4777,30,,,0,40,,4737,30,,,0,79,,4736,30,,,0,80,,4778,30,,,0
1101,'4327',741,,6633,15,,,0,101,,6636,15,,,0,100,,6621,15,,,0,100,,6623,15,,,0,100,,6627,15,,,0,100,,6622,15,,,0,100,,6620,15,,,0,100,,6625,15,,,0,100,,6624,15,,,0,100,,6630,15,,,0,100,,6628,15,,,0,100,,6626,15,,,0,100,,6629,15,,,0,100,,6631,15,,,0,100,,6632,15,,,0,99,,6634,15,,,0,100,,6635,15,,,0
1101,'4332',711,,6642,15,,,0,30,,6638,15,,,0,71,,6640,15,,,0,30,,6637,15,,,0,70,,6644,15,,,0,30,,6646,15,,,0,70,,6648,15,,,0,30,,6641,15,,,0,70,,6639,15,,,0,30,,6645,15,,,0,70,,6649,15,,,0,30,,6643,15,,,0,72,,6650,15,,,0,30,,6651,15,,,0,70,,6652,15,,,0,30,,6653,15,,,0,70,,6647,15,,,0,30,,6654,15,,,0,69,,6655,15,,,0,30,,6657,15,,,0,70,,6658,15,,,0,30,,6659,15,,,0,69,,6656,15,,,0,30,,6660,15,,,0,70,,6661,15,,,0,100,,6662,15,,,0,100,,6663,15,,,0,100,,6664,15,,,0,99,,6665,15,,,0,100,,6666,15,,,0
1101,'5368',542,,6681,15,,,0,70,,6684,15,,,0,30,,6679,15,,,0,70,,6675,15,,,0,31,,6671,15,,,0,72,,6685,15,,,0,30,,6678,15,,,0,70,,6672,15,,,0,30,,6686,15,,,0,69,,6670,15,,,0,30,,6677,15,,,0,70,,6689,15,,,0,30,,6668,15,,,0,70,,6676,15,,,0,30,,6673,15,,,0,70,,6687,15,,,0,30,,6680,15,,,0,70,,6674,15,,,0,32,,6688,15,,,0,70,,6669,15,,,0,30,,6682,15,,,0,75,,6667,15,,,0,35,,6683,15,,,0,70,,6690,15,,,0,30,,6691,15,,,0,68,,6692,15,,,0,30,,6693,15,,,0,69,,6694,15,,,0,30,,6700,15,,,0,70,,6695,15,,,0,100,,6696,15,,,0,99,,6697,15,,,0,100,,6698,15,,,0,90,,6699,15,0,5 6,0
