9700,'4794',749,,3621,14,4,,0,70,,3618,14,4,,0,32,,3622,14,4,,0,70,,3620,14,4,,0,32,,3594,14,4,,0,71,,3619,14,4,,0,33,,3595,14,4,,0,70,,3615,14,4,,0,30,,3596,14,4,,0,70,,3617,14,4,,0,31,,3598,14,4,,0,70,,3616,14,4,,0,30,,3599,14,4,,0,70,,3613,14,4,,0,30,,3600,14,4,,0,69,,3614,14,4,,0,30,,3604,14,4,,0,70,,3610,14,4,,0,29,,3605,14,4,,0,70,,3609,14,4,,0,29,,3597,14,4,,0,70,,3611,14,4,,0,30,,3602,14,4,,0,69,,3608,14,4,,0,29,,3603,14,4,,0,68,,3612,14,4,,0,30,,3601,14,4,,0,69,,3623,14,4,,0,30,,3606,14,4,,0,70,,3625,14,4,,0,27,,3607,14,4,,0,100,,3624,14,4,,0
9700,'4795',555,,3654,5,4,,0,152,,3647,14,4,,0,15,,3645,14,4,,0,18,,3653,14,4,,0,60,,3650,14,4,,0,15,,3641,14,4,,0,85,,3648,14,4,,0,13,,3637,14,4,,0,13,,3646,14,4,,0,29,,3655,14,4,,0,54,,3649,14,4,,0,17,,3640,14,4,,0,86,,3651,14,4,,0,16,,3634,14,4,,0,30,,3656,14,4,,0,55,,3652,14,4,,0,16,,3643,14,4,,0,88,,3632,14,4,,0,16,,3639,14,4,,0,73,,3657,14,4,,0,15,,3630,14,4,,0,15,,3644,14,4,,0,89,,3633,14,4,,0,17,,3638,14,4,,0,16,,3629,14,4,,0,70,,3658,14,4,,0,15,,3627,14,4,,0,15,,3642,14,4,,0,85,,3631,14,4,,0,58,,3635,14,4,,0,19,,3628,14,4,,0,38,,3626,14,4,,0,100,,3636,14,4,,0,61,,3659,14,4,,0,126,,3660,14,4,,0,62,,3661,14,4,,0,134,,3662,14,4,,0,179,,3663,14,4,,0
9700,'4796',633,,3671,5,4,,0,19,,3679,14,4,,0,178,,3672,14,4,,0,15,,3680,14,4,,0,95,,3670,14,4,,0,102,,3673,14,4,,0,15,,3678,14,4,,0,86,,3674,14,4,,0,102,,3676,14,4,,0,56,,3682,14,4,,0,49,,3675,14,4,,0,102,,3668,14,4,,0,56,,3681,14,4,,0,105,,3684,14,4,,0,99,,3667,14,4,,0,15,,3677,14,4,,0,113,,3683,14,4,,0,77,,3666,14,4,,0,19,,3669,14,4,,0,105,,3685,14,4,,0,65,,3686,14,4,,0,19,,3694,14,4,,0,104,,3687,14,4,,0,23,,3688,14,4,,0,65,,3689,14,4,,0,89,,3690,14,4,,0,25,,3691,14,4,,0,24,,3692,14,4,,0,90,,3693,14,4,,0
9700,'4799',633,,3700,5,4,,0,19,,3708,14,4,,0,178,,3701,14,4,,0,15,,3709,14,4,,0,95,,3699,14,4,,0,102,,3702,14,4,,0,15,,3707,14,4,,0,86,,3703,14,4,,0,102,,3705,14,4,,0,56,,3711,14,4,,0,49,,3704,14,4,,0,102,,3697,14,4,,0,56,,3710,14,4,,0,105,,3713,14,4,,0,99,,3696,14,4,,0,15,,3706,14,4,,0,113,,3712,14,4,,0,77,,3695,14,4,,0,19,,3698,14,4,,0,105,,3715,14,4,,0,65,,3716,14,4,,0,19,,3725,14,4,,0,104,,3717,14,4,,0,23,,3718,14,4,,0,65,,3719,14,4,,0,89,,3720,14,4,,0,25,,3721,14,4,,0,24,,3722,14,4,,0,90,,3723,14,4,,0,65,,3724,14,4,,0,25,,3714,14,4,,0
9700,'4800',750,,3731,14,4,,0,70,,3727,14,4,,0,32,,3732,14,4,,0,70,,3726,14,4,,0,30,,3730,14,4,,0,73,,3728,14,4,,0,32,,3734,14,4,,0,71,,3736,14,4,,0,31,,3729,14,4,,0,71,,3733,14,4,,0,70,,3739,14,4,,0,30,,3738,14,4,,0,71,,3735,14,4,,0,30,,3740,14,4,,0,70,,3737,14,4,,0,30,,3741,14,4,,0,28,,3742,14,4,,0,68,,3743,14,4,,0,29,,3745,14,4,,0,70,,3747,14,4,,0,30,,3748,14,4,,0,76,,3744,14,4,,0,68,,3749,14,4,,0,29,,3746,14,4,,0,30,,3750,14,4,,0,68,,3763,14,4,,0,30,,3753,14,4,,0,70,,3756,14,4,,0,30,,3751,14,4,,0,69,,3757,14,4,,0,27,,3754,14,4,,0,69,,3758,14,4,,0,30,,3752,14,4,,0,70,,3759,14,4,,0,29,,3755,14,4,,0,70,,3760,14,4,,0,30,,3761,14,4,,0,70,,3762,14,4,,0
9701,'4794',710,,3795,1,,,0,30,,3790,1,,,0,70,,3764,1,,,0,30,,3784,1,,,0,70,,3765,1,,,0,30,,3792,1,,,0,70,,3766,1,,,0,30,,3789,1,,,0,70,,3767,1,,,0,30,,3787,1,,,0,70,,3768,1,,,0,30,,3788,1,,,0,70,,3776,1,,,0,30,,3783,1,,,0,70,,3777,1,,,0,30,,3781,1,,,0,70,,3772,1,,,0,30,,3791,1,,,0,70,,3769,1,,,0,30,,3778,1,,,0,70,,3770,1,,,0,30,,3782,1,,,0,70,,3773,1,,,0,30,,3786,1,,,0,70,,3774,1,,,0,30,,3785,1,,,0,70,,3771,1,,,0,30,,3780,1,,,0,70,,3775,1,,,0,30,,3793,1,,,0,70,,3779,1,,,0,100,,3794,1,,,0
9701,'4795',558,,3825,1,,,0,60,,3820,1,,,0,97,,3818,1,,,0,15,,3817,1,,,0,70,,3828,1,,,0,15,,3821,1,,,0,15,,3816,1,,,0,87,,3819,1,,,0,17,,3807,1,,,0,71,,3826,1,,,0,15,,3823,1,,,0,15,,3811,1,,,0,88,,3822,1,,,0,16,,3808,1,,,0,72,,3829,1,,,0,16,,3824,1,,,0,15,,3813,1,,,0,86,,3803,1,,,0,14,,3809,1,,,0,15,,3800,1,,,0,65,,3827,1,,,0,9,,3798,1,,,0,16,,3815,1,,,0,93,,3802,1,,,0,18,,3806,1,,,0,58,,3799,1,,,0,36,,3797,1,,,0,57,,3814,1,,,0,91,,3804,1,,,0,17,,3805,1,,,0,17,,3801,1,,,0,76,,3796,1,,,0,98,,3830,1,,,0,23,,3831,1,,,0,182,,3832,1,,,0,140,,3833,1,,,0
9701,'4796',640,,3839,1,,,0,60,,3847,1,,,0,45,,3838,1,,,0,100,,3840,1,,,0,56,,3845,1,,,0,49,,3837,1,,,0,101,,3841,1,,,0,56,,3849,1,,,0,48,,3843,1,,,0,103,,3842,1,,,0,55,,3850,1,,,0,99,,3844,1,,,0,92,,3835,1,,,0,18,,3851,1,,,0,112,,3852,1,,,0,92,,3834,1,,,0,17,,3848,1,,,0,109,,3853,1,,,0,76,,3854,1,,,0,20,,3836,1,,,0,108,,3855,1,,,0,65,,3856,1,,,0,26,,3857,1,,,0,91,,3858,1,,,0,65,,3859,1,,,0,25,,3860,1,,,0,90,,3861,1,,,0,25,,3862,1,,,0,65,,3863,1,,,0
9701,'4799',640,,3869,1,,,0,60,,3877,1,,,0,45,,3868,1,,,0,100,,3870,1,,,0,56,,3875,1,,,0,49,,3867,1,,,0,101,,3871,1,,,0,56,,3879,1,,,0,48,,3873,1,,,0,103,,3872,1,,,0,55,,3880,1,,,0,99,,3874,1,,,0,92,,3865,1,,,0,18,,3881,1,,,0,112,,3882,1,,,0,92,,3864,1,,,0,17,,3878,1,,,0,109,,3883,1,,,0,76,,3884,1,,,0,20,,3866,1,,,0,108,,3885,1,,,0,65,,3886,1,,,0,26,,3887,1,,,0,91,,3888,1,,,0,65,,3889,1,,,0,25,,3890,1,,,0,90,,3891,1,,,0,25,,3892,1,,,0,65,,3893,1,,,0,45,,3895,1,,,0,90,,3894,1,0,12,0
9701,'4800',739,,3897,1,,,0,70,,3896,1,,,0,30,,3900,1,,,0,70,,3899,1,,,0,30,,3901,1,,,0,70,,3902,1,,,0,30,,3903,1,,,0,70,,3898,1,,,0,30,,3908,1,,,0,70,,3920,1,,,0,30,,3921,1,,,0,70,,3922,1,,,0,30,,3910,1,,,0,70,,3909,1,,,0,30,,3904,1,,,0,70,,3905,1,,,0,30,,3907,1,,,0,70,,3912,1,,,0,31,,3914,1,,,0,70,,3906,1,,,0,30,,3911,1,,,0,70,,3913,1,,,0,30,,3934,1,,,0,70,,3916,1,,,0,30,,3923,1,,,0,70,,3915,1,,,0,30,,3924,1,,,0,70,,3917,1,,,0,30,,3927,1,,,0,70,,3918,1,,,0,30,,3926,1,,,0,70,,3919,1,,,0,30,,3925,1,,,0,70,,3928,1,,,0,30,,3930,1,,,0,70,,3929,1,,,0,30,,3933,1,,,0,70,,3932,1,0,12,0
9800,'4794',929,,2638,16,4,,0,87,,2646,16,4,,0,87,,2637,16,4,,0,45,,2639,16,4,,0,85,,2636,16,4,,0,85,,2641,16,4,,0,85,,2635,16,4,,0,45,,2640,16,4,,0,85,,2633,16,4,,0,85,,2642,16,4,,0,85,,2634,16,4,,0,45,,2643,16,4,,0,169,,2644,16,4,,0,128,,2645,16,4,,0
9800,'4795',659,,2670,16,4,,0,60,,2666,16,4,,0,21,,2669,16,4,,0,63,,2668,16,4,,0,21,,2680,16,4,,0,23,,2657,16,4,,0,61,,2660,16,4,,0,19,,2655,16,4,,0,82,,2648,16,4,,0,43,,2671,16,4,,0,84,,2675,16,4,,0,83,,2656,16,4,,0,85,,2658,16,4,,0,45,,2677,16,4,,0,86,,2649,16,4,,0,91,,2659,16,4,,0,20,,2673,16,4,,0,60,,2678,16,4,,0,20,,2665,16,4,,0,20,,2652,16,4,,0,60,,2663,16,4,,0,19,,2661,16,4,,0,15,,2654,16,4,,0,19,,2650,16,4,,0,59,,2651,16,4,,0,20,,2672,16,4,,0,68,,2679,16,4,,0,40,,2664,16,4,,0,80,,2676,16,4,,0,79,,2674,16,4,,0,39,,2647,16,4,,0,80,,2667,16,4,,0,78,,2653,16,4,,0,39,,2662,16,4,,0
9800,'4800',929,,2685,16,4,,0,87,,2694,16,4,,0,89,,2686,16,4,,0,45,,2689,16,4,,0,85,,2683,16,4,,0,85,,2688,16,4,,0,85,,2684,16,4,,0,45,,2691,16,4,,0,85,,2681,16,4,,0,84,,2690,16,4,,0,85,,2682,16,4,,0,45,,2687,16,4,,0,168,,2692,16,4,,0,130,,2693,16,4,,0
9801,'4794',945,,2699,1,,,0,85,,2706,1,,,0,85,,2698,1,,,0,85,,2702,1,,,0,45,,2697,1,,,0,85,,2704,1,,,0,85,,2696,1,,,0,85,,2700,1,,,0,45,,2695,1,,,0,85,,2703,1,,,0,170,,2701,1,,,0,130,,2705,1,,,0,170,,2707,1,,,0
9801,'4795',630,,2737,1,,,0,20,,2736,1,,,0,60,,2723,1,,,0,20,,2716,1,,,0,21,,2722,1,,,0,61,,2725,1,,,0,21,,2732,1,,,0,21,,2724,1,,,0,82,,2729,1,,,0,83,,2735,1,,,0,83,,2721,1,,,0,45,,2731,1,,,0,85,,2739,1,,,0,85,,2728,1,,,0,85,,2730,1,,,0,43,,2710,1,,,0,69,,2717,1,,,0,20,,2720,1,,,0,20,,2727,1,,,0,60,,2726,1,,,0,20,,2712,1,,,0,20,,2719,1,,,0,60,,2715,1,,,0,20,,2713,1,,,0,20,,2740,1,,,0,60,,2709,1,,,0,21,,2741,1,,,0,80,,2711,1,,,0,40,,2718,1,,,0,80,,2738,1,,,0,80,,2708,1,,,0,40,,2734,1,,,0,80,,2714,1,,,0,80,,2733,1,,,0
9801,'4800',945,,2744,1,,,0,85,,2755,1,,,0,85,,2743,1,,,0,85,,2751,1,,,0,45,,2746,1,,,0,85,,2750,1,,,0,85,,2745,1,,,0,85,,2749,1,,,0,45,,2742,1,,,0,85,,2748,1,,,0,85,,2747,1,,,0,85,,2752,1,,,0,130,,2753,1,,,0,170,,2754,1,,,0
