1000,'4327',740,,4725,14,,,0,85,,4713,14,,,0,85,,4726,14,,,0,45,,4714,14,,,0,86,,4715,14,,,0,85,,4717,14,,,0,85,,4727,14,,,0,45,,4718,14,,,0,85,,4716,14,,,0,85,,4719,14,,,0,85,,4728,14,,,0,45,,4720,14,,,0,85,,4723,14,,,0,85,,4724,14,,,0,83,,4729,14,,,0,45,,4722,14,,,0,85,,4721,14,,,0,85,,4732,14,,,0,85,,4733,14,,,0,45,,4730,14,,,0,85,,4735,14,,,0,85,,4731,14,,,0,85,,4734,14,,,0
1000,'4795',529,,3084,14,,,0,80,,3078,14,,,0,20,,3066,14,,,0,20,,3074,14,,,0,60,,3069,14,,,0,22,,3080,14,,,0,20,,3067,14,,,0,60,,3075,14,,,0,20,,3065,14,,,0,20,,3071,14,,,0,66,,3081,14,,,0,34,,3068,14,,,0,72,,3070,14,,,0,32,,3079,14,,,0,72,,3076,14,,,0,32,,3073,14,,,0,72,,3083,14,,,0,72,,3077,14,,,0,32,,3072,14,,,0,72,,3082,14,,,0,26,,854,14,,,0,20,,3064,14,,,0,60,,3086,14,,,0,20,,3087,14,,,0,20,,3088,14,,,0,60,,845,14,,,0,20,,3089,14,,,0,20,,3090,14,,,0,60,,3091,14,,,0,20,,3092,14,,,0,20,,850,14,,,0,59,,3093,14,,,0,39,,3094,14,,,0,79,,3095,14,,,0,80,,3062,14,,,0,39,,3096,14,,,0,80,,3063,14,,,0,79,,3060,14,,,0,40,,3097,14,,,0,80,,3059,14,,,0,80,,3061,14,,,0,40,,3098,14,,,0,75,,3085,14,0,5 6,0
1000,'4800',740,,3120,14,,,0,85,,3107,14,,,0,86,,3108,14,,,0,45,,3102,14,,,0,86,,3101,14,,,0,85,,3109,14,,,0,85,,3110,14,,,0,45,,3103,14,,,0,85,,3116,14,,,0,85,,3117,14,,,0,85,,3114,14,,,0,45,,3119,14,,,0,85,,3112,14,,,0,85,,3106,14,,,0,84,,3121,14,,,0,45,,3111,14,,,0,84,,3099,14,,,0,85,,3115,14,,,0,84,,3104,14,,,0,45,,3100,14,,,0,85,,3118,14,,,0,84,,3105,14,,,0,85,,3113,14,,,0
1000,'5102',529,,4761,14,,,0,80,,4755,14,,,0,20,,4743,14,,,0,20,,4752,14,,,0,60,,4746,14,,,0,22,,4758,14,,,0,20,,4744,14,,,0,60,,4753,14,,,0,20,,4742,14,,,0,20,,4748,14,,,0,66,,4759,14,,,0,34,,4745,14,,,0,72,,4747,14,,,0,32,,4756,14,,,0,72,,4754,14,,,0,32,,4750,14,,,0,72,,4757,14,,,0,72,,4751,14,,,0,32,,4749,14,,,0,72,,4760,14,,,0,26,,4775,14,,,0,20,,4741,14,,,0,60,,4763,14,,,0,20,,4764,14,,,0,20,,4765,14,,,0,60,,4766,14,,,0,20,,4767,14,,,0,20,,4768,14,,,0,60,,4770,14,,,0,20,,4771,14,,,0,20,,4772,14,,,0,59,,4769,14,,,0,39,,4773,14,,,0,79,,4774,14,,,0,80,,4739,14,,,0,39,,4776,14,,,0,80,,4740,14,,,0,79,,4738,14,,,0,40,,4777,14,,,0,80,,4737,14,,,0,80,,4736,14,,,0,40,,4778,14,,,0,75,,4762,14,0,5 6,0
1000,'5105',740,,4800,14,,,0,85,,4787,14,,,0,86,,4788,14,,,0,45,,4782,14,,,0,86,,4781,14,,,0,85,,4789,14,,,0,85,,4790,14,,,0,45,,4783,14,,,0,85,,4796,14,,,0,85,,4797,14,,,0,85,,4794,14,,,0,45,,4799,14,,,0,85,,4792,14,,,0,85,,4786,14,,,0,84,,4801,14,,,0,45,,4791,14,,,0,84,,4779,14,,,0,85,,4795,14,,,0,84,,4784,14,,,0,45,,4780,14,,,0,85,,4798,14,,,0,84,,4785,14,,,0,85,,4793,14,,,0
1901,'4327',756,,5465,16,,,0,103,,5458,16,,,0,156,,5457,16,,,0,120,,5456,16,,,0,115,,5455,16,,,0,160,,5454,16,,,0,115,,5453,16,,,0,120,,5459,16,,,0,155,,5460,16,,,0,116,,5461,16,,,0,115,,5462,16,,,0,115,,5463,16,,,0,155,,5464,16,,,0
1901,'4795',731,,1611,16,,,0,20,,1607,16,,,0,61,,1608,16,,,0,20,,1606,16,,,0,19,,1587,16,,,0,60,,1602,16,,,0,21,,1585,16,,,0,75,,1586,16,,,0,35,,1583,16,,,0,75,,1588,16,,,0,35,,1589,16,,,0,75,,1590,16,,,0,75,,1594,16,,,0,35,,1591,16,,,0,75,,1592,16,,,0,37,,1595,16,,,0,60,,1580,16,,,0,20,,1593,16,,,0,20,,1579,16,,,0,60,,1598,16,,,0,20,,1581,16,,,0,20,,1599,16,,,0,59,,1582,16,,,0,20,,1597,16,,,0,19,,1584,16,,,0,59,,1601,16,,,0,35,,1605,16,,,0,75,,1603,16,,,0,34,,1596,16,,,0,75,,1600,16,,,0,75,,1604,16,,,0,23,,1610,16,,,0,115,,1609,16,,,0
1901,'4800',755,,1620,16,,,0,75,,1622,16,,,0,75,,1624,16,,,0,36,,1621,16,,,0,75,,1626,16,,,0,35,,1623,16,,,0,75,,1627,16,,,0,75,,1628,16,,,0,35,,1631,16,,,0,75,,1632,16,,,0,35,,1625,16,,,0,75,,1629,16,,,0,35,,1633,16,,,0,75,,1634,16,,,0,75,,1630,16,,,0,35,,1635,16,,,0,75,,1636,16,,,0,35,,1618,16,,,0,74,,1619,16,,,0,16,,3448,16,,,0,115,,3450,16,,,0,155,,3451,16,,,0,115,,3452,16,,,0,115,,3449,16,,,0,115,,3453,16,,,0
1901,'5102',731,,5498,16,,,0,20,,5494,16,,,0,61,,5495,16,,,0,20,,5493,16,,,0,19,,5474,16,,,0,60,,5489,16,,,0,21,,5472,16,,,0,75,,5473,16,,,0,35,,5470,16,,,0,75,,5475,16,,,0,35,,5476,16,,,0,75,,5477,16,,,0,75,,5481,16,,,0,35,,5478,16,,,0,75,,5479,16,,,0,37,,5482,16,,,0,61,,5499,16,,,0,2,,5467,16,,,0,17,,5480,16,,,0,20,,5466,16,,,0,60,,5485,16,,,0,20,,5468,16,,,0,20,,5486,16,,,0,59,,5469,16,,,0,20,,5484,16,,,0,19,,5471,16,,,0,59,,5488,16,,,0,35,,5491,16,,,0,75,,5490,16,,,0,34,,5483,16,,,0,75,,5487,16,,,0,75,,5492,16,,,0,23,,5497,16,,,0,115,,5496,16,,,0
1901,'5105',755,,5508,16,,,0,75,,5510,16,,,0,75,,5512,16,,,0,36,,5509,16,,,0,75,,5514,16,,,0,35,,5511,16,,,0,75,,5515,16,,,0,75,,5516,16,,,0,35,,5519,16,,,0,75,,5520,16,,,0,35,,5513,16,,,0,75,,5517,16,,,0,35,,5521,16,,,0,75,,5522,16,,,0,75,,5518,16,,,0,35,,5523,16,,,0,75,,5524,16,,,0,35,,5506,16,,,0,74,,5507,16,,,0,16,,5500,16,,,0,115,,5502,16,,,0,155,,5503,16,,,0,115,,5504,16,,,0,115,,5501,16,,,0,115,,5505,16,,,0
