2400,'4327',808,,5912,6,,,0,107,,5914,6,,,0,104,,5913,6,,,0,107,,5915,6,,,0,102,,5917,6,,,0,108,,5918,6,,,0,103,,5916,6,,,0,92,,5919,6,,,0,108,,5920,6,,,0,101,,5922,6,,,0,102,,5921,6,,,0
2400,'4795',547,,2035,6,,,0,104,,2036,6,,,0,72,,2037,6,,,0,106,,2038,6,,,0,29,,2040,6,,,0,70,,3568,6,,,0,108,,2041,6,,,0,104,,3569,6,,,0,104,,2043,6,,,0,106,,3570,6,,,0,151,,2045,6,,,0,32,,3571,6,,,0,72,,2048,6,,,0,32,,2046,6,,,0,72,,2050,6,,,0,32,,2049,6,,,0,80,,3572,6,,,0,96,,2052,6,,,0,116,,3573,6,,,0,101,,2053,6,,,0,104,,3574,6,,,0
2400,'4800',716,,2060,6,,,0,100,,2061,6,,,0,143,,2057,6,,,0,150,,2056,6,,,0,104,,2058,6,,,0,106,,2059,6,,,0,129,,2063,6,,,0,91,,2062,6,,,0,161,,2064,6,,,0,25,,2067,6,,,0,108,,2066,6,,,0,105,,2068,6,,,0,105,,2065,6,,,0
2400,'5102',547,,5923,6,,,0,104,,5924,6,,,0,72,,5925,6,,,0,106,,5926,6,,,0,29,,5928,6,,,0,70,,5927,6,,,0,108,,5929,6,,,0,104,,5930,6,,,0,104,,5931,6,,,0,106,,5932,6,,,0,151,,5934,6,,,0,32,,5935,6,,,0,72,,5936,6,,,0,32,,5933,6,,,0,72,,5938,6,,,0,32,,5937,6,,,0,80,,5939,6,,,0,96,,5940,6,,,0,116,,5942,6,,,0,101,,5941,6,,,0,104,,5943,6,,,0
2400,'5105',716,,5948,6,,,0,100,,5949,6,,,0,143,,5945,6,,,0,150,,5944,6,,,0,104,,5946,6,,,0,106,,5947,6,,,0,129,,5951,6,,,0,91,,5950,6,,,0,161,,5952,6,,,0,25,,5955,6,,,0,108,,5954,6,,,0,105,,5956,6,,,0,105,,5953,6,,,0
2600,'4327',1056,,6040,6,,,0,268,,6041,6,,,0,291,,6042,6,,,0,303,,6043,6,,,0
2600,'4795',553,,2156,6,,,0,75,,2157,6,,,0,79,,2158,6,,,0,38,,2160,6,,,0,76,,2159,6,,,0,38,,2161,6,,,0,159,,2162,6,,,0,124,,2163,6,,,0,176,,2164,6,,,0,134,,2166,6,,,0,78,,2168,6,,,0,79,,2167,6,,,0,35,,2165,6,,,0,76,,2169,6,,,0,120,,2170,6,,,0,199,,2172,6,,,0,175,,2171,6,,,0
2600,'4800',730,,2174,6,,,0,114,,2173,6,,,0,168,,2178,6,,,0,133,,2179,6,,,0,172,,2180,6,,,0,136,,2175,6,,,0,163,,2177,6,,,0,90,,2176,6,,,0,197,,2181,6,,,0,28,,2182,6,,,0,177,,2183,6,,,0
2600,'5102',553,,6044,6,,,0,75,,6045,6,,,0,79,,6046,6,,,0,38,,6048,6,,,0,76,,6047,6,,,0,38,,6049,6,,,0,159,,6050,6,,,0,124,,6051,6,,,0,176,,6052,6,,,0,134,,6054,6,,,0,78,,6056,6,,,0,79,,6055,6,,,0,35,,6053,6,,,0,76,,6057,6,,,0,120,,6058,6,,,0,199,,6060,6,,,0,175,,6059,6,,,0
2600,'5105',730,,6062,6,,,0,114,,6061,6,,,0,168,,6066,6,,,0,133,,6067,6,,,0,172,,6068,6,,,0,136,,6063,6,,,0,163,,6065,6,,,0,90,,6064,6,,,0,197,,6069,6,,,0,28,,6070,6,,,0,177,,6071,6,,,0
