100,'4327',733,,3950,1,,,0,100,,3935,1,,,0,100,,3936,1,,,0,100,,3937,1,,,0,100,,3938,1,,,0,100,,3939,1,,,0,100,,3940,1,,,0,100,,3941,1,,,0,100,,3942,1,,,0,100,,3943,1,,,0,100,,3944,1,,,0,100,,3945,1,,,0,100,,3946,1,,,0,100,,3947,1,,,0,100,,3948,1,,,0,100,,3949,1,,,0
100,'4795',600,,41,1,,,0,30,,53,1,,,0,70,,42,1,,,0,15,,34,1,,,0,15,,52,1,,,0,16,,32,1,,,0,56,,39,1,,,0,16,,33,1,,,0,16,,51,1,,,0,16,,31,1,,,0,56,,43,1,,,0,16,,35,1,0,13,0,16,,54,1,,,0,72,,44,1,,,0,32,,55,1,,,0,72,,40,1,,,0,33,,50,1,,,0,73,,45,1,,,0,33,,56,1,,,0,73,,46,1,,,0,33,,58,1,,,0,57,,27,1,,,0,17,,37,1,,,0,17,,17,1,,,0,60,,49,1,,,0,20,,28,1,,,0,20,,47,1,,,0,60,,18,1,,,0,20,,48,1,,,0,20,,26,1,,,0,57,,38,1,,,0,17,,25,1,,,0,17,,57,1,,,0,17,,30,1,,,0,57,,36,1,,,0,15,,24,1,,,0,70,,29,1,,,0,30,,20,1,,,0,100,,22,1,,,0,100,,21,1,,,0,100,,23,1,,,0,100,,19,1,,,0
100,'4800',734,,89,1,,,0,70,,59,1,,,0,30,,60,1,,,0,70,,61,1,,,0,30,,62,1,,,0,70,,63,1,,,0,30,,64,1,,,0,70,,85,1,,,0,30,,65,1,,,0,70,,66,1,,,0,30,,67,1,,,0,70,,68,1,,,0,30,,69,1,,,0,70,,70,1,,,0,30,,71,1,,,0,70,,72,1,,,0,30,,73,1,,,0,70,,74,1,,,0,30,,75,1,,,0,70,,76,1,,,0,30,,77,1,,,0,70,,78,1,,,0,30,,86,1,,,0,70,,80,1,,,0,30,,87,1,,,0,70,,81,1,,,0,30,,88,1,,,0,72,,82,1,,,0,100,,79,1,,,0,100,,83,1,,,0,100,,84,1,,,0
100,'5102',600,,3975,1,,,0,30,,3987,1,,,0,70,,3976,1,,,0,15,,3968,1,,,0,15,,3986,1,,,0,16,,3966,1,,,0,56,,3973,1,,,0,16,,3967,1,,,0,16,,3985,1,,,0,16,,3963,1,,,0,56,,3977,1,,,0,16,,3969,1,0,13,0,16,,3988,1,,,0,72,,3978,1,,,0,32,,3989,1,,,0,72,,3974,1,,,0,33,,3984,1,,,0,73,,3979,1,,,0,33,,3990,1,,,0,73,,3980,1,,,0,33,,3992,1,,,0,57,,3961,1,,,0,17,,3971,1,,,0,17,,3951,1,,,0,60,,3983,1,,,0,20,,3962,1,,,0,20,,3981,1,,,0,60,,3952,1,,,0,20,,3982,1,,,0,20,,3960,1,,,0,57,,3972,1,,,0,17,,3959,1,,,0,17,,3991,1,,,0,17,,3965,1,,,0,57,,3970,1,,,0,15,,3958,1,,,0,70,,3964,1,,,0,30,,3954,1,,,0,100,,3956,1,,,0,100,,3955,1,,,0,100,,3957,1,,,0,100,,3953,1,,,0
100,'5105',734,,4023,1,,,0,70,,3993,1,,,0,30,,3994,1,,,0,70,,3995,1,,,0,30,,3996,1,,,0,70,,3997,1,,,0,30,,3998,1,,,0,70,,4019,1,,,0,30,,3999,1,,,0,70,,4000,1,,,0,30,,4001,1,,,0,70,,4002,1,,,0,30,,4003,1,,,0,70,,4004,1,,,0,30,,4005,1,,,0,70,,4006,1,,,0,30,,4007,1,,,0,70,,4008,1,,,0,30,,4009,1,,,0,70,,4010,1,,,0,30,,4011,1,,,0,70,,4012,1,,,0,30,,4020,1,,,0,70,,4014,1,,,0,30,,4021,1,,,0,70,,4015,1,,,0,30,,4022,1,,,0,72,,4016,1,,,0,100,,4013,1,,,0,100,,4017,1,,,0,100,,4018,1,,,0
101,'4327',724,,4039,25,4,,0,101,,4024,25,4,,0,100,,4025,25,4,,0,101,,4026,25,4,,0,100,,4027,25,4,,0,101,,4028,25,4,,0,100,,4029,25,4,,0,100,,4030,25,4,,0,100,,4031,25,4,,0,100,,4032,25,4,,0,100,,4033,25,4,,0,100,,4034,25,4,,0,99,,4035,25,4,,0,99,,4036,25,4,,0,100,,4037,25,4,,0,100,,4038,25,4,,0
101,'4795',619,,137,25,4,,0,32,,127,25,4,,0,70,,141,25,4,,0,16,,123,25,4,,0,17,,133,25,4,,0,57,,124,25,4,,0,9,,2756,25,4,,0,7,,138,25,4,,0,16,,122,25,4,,0,16,,131,25,4,,0,55,,125,25,4,,0,16,,140,25,4,,0,72,,128,25,4,,0,33,,143,25,4,,0,72,,129,25,4,,0,33,,139,25,4,,0,74,,132,25,4,,0,33,,144,25,4,,0,73,,130,25,4,,0,33,,142,25,4,,0,57,,117,25,4,,0,17,,134,25,4,,0,17,,114,25,4,,0,57,,145,25,4,,0,21,,121,25,4,,0,20,,126,25,4,,0,60,,115,25,4,,0,19,,146,25,4,,0,20,,118,25,4,,0,59,,135,25,4,,0,17,,116,25,4,,0,17,,147,25,4,,0,15,,120,25,4,,0,57,,136,25,4,,0,16,,112,25,4,,0,30,,119,25,4,,0,69,,111,25,4,,0,100,,113,25,4,,0,100,,108,25,4,,0,99,,109,25,4,,0,99,,110,25,4,,0,99,,107,25,4,,0
101,'4800',723,,179,25,4,,0,31,,178,25,4,,0,70,,150,25,4,,0,31,,151,25,4,,0,70,,148,25,4,,0,31,,149,25,4,,0,70,,152,25,4,,0,31,,153,25,4,,0,70,,158,25,4,,0,30,,157,25,4,,0,70,,156,25,4,,0,30,,155,25,4,,0,70,,160,25,4,,0,30,,154,25,4,,0,70,,161,25,4,,0,30,,173,25,4,,0,70,,174,25,4,,0,30,,164,25,4,,0,70,,163,25,4,,0,30,,165,25,4,,0,70,,159,25,4,,0,29,,162,25,4,,0,70,,175,25,4,,0,30,,168,25,4,,0,69,,176,25,4,,0,30,,166,25,4,,0,70,,177,25,4,,0,75,,169,25,4,,0,100,,167,25,4,,0,59,,170,25,4,,0,99,,171,25,4,,0,95,,172,25,4,,0
101,'5102',619,,4072,25,4,,0,32,,4061,25,4,,0,70,,4076,25,4,,0,16,,4057,25,4,,0,17,,4064,25,4,,0,57,,4058,25,4,,0,9,,4040,25,4,,0,7,,4071,25,4,,0,16,,4056,25,4,,0,16,,4066,25,4,,0,55,,4059,25,4,,0,16,,4074,25,4,,0,72,,4062,25,4,,0,33,,4078,25,4,,0,72,,4063,25,4,,0,33,,4073,25,4,,0,74,,4067,25,4,,0,33,,4075,25,4,,0,73,,4065,25,4,,0,33,,4077,25,4,,0,57,,4051,25,4,,0,17,,4068,25,4,,0,17,,4050,25,4,,0,57,,4079,25,4,,0,21,,4055,25,4,,0,20,,4060,25,4,,0,60,,4048,25,4,,0,19,,4080,25,4,,0,20,,4052,25,4,,0,59,,4069,25,4,,0,17,,4049,25,4,,0,17,,4081,25,4,,0,15,,4054,25,4,,0,57,,4070,25,4,,0,16,,4046,25,4,,0,30,,4053,25,4,,0,69,,4045,25,4,,0,100,,4047,25,4,,0,100,,4042,25,4,,0,99,,4043,25,4,,0,99,,4044,25,4,,0,99,,4041,25,4,,0
101,'5105',723,,4113,25,4,,0,31,,4112,25,4,,0,70,,4084,25,4,,0,31,,4085,25,4,,0,70,,4082,25,4,,0,31,,4083,25,4,,0,70,,4086,25,4,,0,31,,4087,25,4,,0,70,,4092,25,4,,0,30,,4091,25,4,,0,70,,4090,25,4,,0,30,,4089,25,4,,0,70,,4094,25,4,,0,30,,4088,25,4,,0,70,,4095,25,4,,0,30,,4107,25,4,,0,70,,4108,25,4,,0,30,,4098,25,4,,0,70,,4097,25,4,,0,30,,4099,25,4,,0,70,,4093,25,4,,0,29,,4096,25,4,,0,70,,4109,25,4,,0,30,,4102,25,4,,0,69,,4110,25,4,,0,30,,4100,25,4,,0,70,,4111,25,4,,0,75,,4103,25,4,,0,100,,4101,25,4,,0,59,,4104,25,4,,0,99,,4105,25,4,,0,95,,4106,25,4,,0
500,'4327',803,,4213,1,,,0,100,,4210,1,,,0,100,,4207,1,,,0,100,,4209,1,,,0,100,,4203,1,,,0,100,,4212,1,,,0,100,,4211,1,,,0,100,,4206,1,,,0,100,,4205,1,,,0,100,,4200,1,,,0,100,,4201,1,,,0,100,,4204,1,,,0,100,,4202,1,,,0,100,,4208,1,,,0
500,'4795',615,,303,1,,,0,30,,308,1,,,0,70,,306,1,,,0,30,,307,1,,,0,70,,305,1,,,0,15,,2764,1,,,0,15,,301,1,,,0,70,,309,1,,,0,30,,302,1,,,0,70,,299,1,,,0,100,,312,1,,,0,100,,300,1,,,0,100,,286,1,,,0,100,,310,1,,,0,30,,294,1,,,0,70,,298,1,,,0,15,,287,1,,,0,15,,289,1,,,0,70,,304,1,,,0,30,,288,1,,,0,70,,311,1,,,0,30,,292,1,,,0,100,,295,1,,,0,100,,290,1,,,0,100,,297,1,,,0,100,,296,1,,,0,100,,293,1,,,0,100,,291,1,,,0
500,'4800',747,,314,1,,,0,70,,315,1,,,0,30,,316,1,,,0,70,,317,1,,,0,30,,318,1,,,0,70,,319,1,,,0,30,,320,1,,,0,70,,321,1,,,0,30,,322,1,,,0,70,,323,1,,,0,30,,324,1,,,0,70,,325,1,,,0,30,,326,1,,,0,70,,327,1,,,0,30,,328,1,,,0,70,,329,1,,,0,30,,330,1,,,0,70,,331,1,,,0,30,,332,1,,,0,70,,333,1,,,0,30,,334,1,,,0,90,,335,1,,,0,100,,336,1,,,0,100,,337,1,,,0,100,,338,1,,,0
500,'5102',615,,4230,1,,,0,30,,4236,1,,,0,70,,4234,1,,,0,30,,4235,1,,,0,70,,4233,1,,,0,15,,4241,1,,,0,15,,4229,1,,,0,70,,4237,1,,,0,30,,4231,1,,,0,70,,4227,1,,,0,100,,4240,1,,,0,100,,4228,1,,,0,100,,4214,1,,,0,100,,4238,1,,,0,30,,4220,1,,,0,70,,4226,1,,,0,15,,4215,1,,,0,15,,4217,1,,,0,70,,4232,1,,,0,30,,4216,1,,,0,70,,4239,1,,,0,30,,4221,1,,,0,100,,4223,1,,,0,100,,4218,1,,,0,100,,4225,1,,,0,100,,4224,1,,,0,100,,4222,1,,,0,100,,4219,1,,,0
500,'5105',747,,4243,1,,,0,70,,4244,1,,,0,30,,4245,1,,,0,70,,4246,1,,,0,30,,4247,1,,,0,70,,4248,1,,,0,30,,4249,1,,,0,70,,4250,1,,,0,30,,4251,1,,,0,70,,4252,1,,,0,30,,4253,1,,,0,70,,4254,1,,,0,30,,4255,1,,,0,70,,4256,1,,,0,30,,4257,1,,,0,70,,4258,1,,,0,30,,4259,1,,,0,70,,4260,1,,,0,30,,4261,1,,,0,70,,4262,1,,,0,30,,4263,1,,,0,90,,4264,1,,,0,100,,4265,1,,,0,100,,4266,1,,,0,100,,4267,1,,,0
501,'4327',751,,4281,19,4,,0,100,,4269,19,4,,0,102,,4271,19,4,,0,100,,4270,19,4,,0,100,,4272,19,4,,0,100,,4273,19,4,,0,100,,4274,19,4,,0,100,,4275,19,4,,0,100,,4276,19,4,,0,100,,4279,19,4,,0,99,,4280,19,4,,0,100,,4277,19,4,,0,100,,4278,19,4,,0,99,,4268,19,4,,0
501,'4795',632,,374,19,4,,0,70,,356,19,4,,0,30,,373,19,4,,0,75,,371,19,4,,0,24,,381,32,4,,0,7,,370,19,4,,0,69,,367,19,4,,0,27,,369,19,4,,0,70,,379,19,4,,0,100,,376,19,4,,0,100,,354,19,4,,0,100,,372,19,4,,0,100,,355,19,4,,0,32,,360,19,4,,0,70,,368,19,4,,0,31,,380,33,4,,0,2,,357,19,4,,0,69,,378,19,4,,0,30,,358,19,4,,0,69,,377,19,4,,0,29,,363,19,4,,0,69,,375,19,4,,0,29,,365,19,4,,0,99,,362,19,4,,0,100,,359,19,4,,0,99,,364,19,4,,0,99,,361,19,4,,0,112,,366,33,4,,0
501,'4800',736,,382,19,4,,0,71,,383,19,4,,0,30,,384,19,4,,0,70,,385,19,4,,0,31,,386,19,4,,0,70,,387,19,4,,0,30,,388,19,4,,0,70,,389,19,4,,0,30,,390,19,4,,0,70,,391,19,4,,0,30,,392,19,4,,0,70,,393,19,4,,0,30,,394,19,4,,0,70,,395,19,4,,0,30,,396,19,4,,0,70,,397,19,4,,0,30,,398,19,4,,0,70,,399,19,4,,0,30,,400,19,4,,0,70,,401,19,4,,0,30,,402,19,4,,0,90,,403,19,4,,0,100,,404,19,4,,0,100,,405,19,4,,0,99,,406,19,4,,0,98,,407,19,4,,0
501,'5102',632,,4303,19,4,,0,70,,4285,19,4,,0,30,,4302,19,4,,0,75,,4300,19,4,,0,24,,4310,32,4,,0,7,,4299,19,4,,0,69,,4296,19,4,,0,27,,4298,19,4,,0,70,,4308,19,4,,0,100,,4305,19,4,,0,100,,4283,19,4,,0,100,,4301,19,4,,0,100,,4284,19,4,,0,32,,4289,19,4,,0,70,,4297,19,4,,0,31,,4309,33,4,,0,2,,4286,19,4,,0,69,,4307,19,4,,0,30,,4287,19,4,,0,69,,4306,19,4,,0,29,,4292,19,4,,0,69,,4304,19,4,,0,29,,4294,19,4,,0,99,,4291,19,4,,0,100,,4288,19,4,,0,99,,4293,19,4,,0,99,,4290,19,4,,0,112,,4295,33,4,,0
501,'5105',736,,4311,19,4,,0,71,,4312,19,4,,0,30,,4313,19,4,,0,70,,4314,19,4,,0,31,,4315,19,4,,0,70,,4316,19,4,,0,30,,4317,19,4,,0,70,,4318,19,4,,0,30,,4319,19,4,,0,70,,4320,19,4,,0,30,,4321,19,4,,0,70,,4322,19,4,,0,30,,4323,19,4,,0,70,,4324,19,4,,0,30,,4325,19,4,,0,70,,4326,19,4,,0,30,,4327,19,4,,0,70,,4328,19,4,,0,30,,4329,19,4,,0,70,,4330,19,4,,0,30,,4331,19,4,,0,90,,4332,19,4,,0,100,,4333,19,4,,0,100,,4334,19,4,,0,99,,4335,19,4,,0,98,,4336,19,4,,0
