1000,'4327',739,,4725,12,,,0,85,,4713,12,,,0,85,,4726,12,,,0,45,,4714,12,,,0,86,,4715,12,,,0,85,,4717,12,,,0,85,,4727,12,,,0,45,,4718,12,,,0,85,,4716,12,,,0,85,,4719,12,,,0,85,,4728,12,,,0,45,,4720,12,,,0,85,,4723,12,,,0,85,,4724,12,,,0,83,,4729,12,,,0,45,,4722,12,,,0,85,,4721,12,,,0,85,,4732,12,,,0,85,,4733,12,,,0,45,,4730,12,,,0,85,,4735,12,,,0,85,,4731,12,,,0,85,,4734,12,,,0
1000,'4795',528,,3084,12,,,0,80,,3078,12,,,0,20,,3066,12,,,0,20,,3074,12,,,0,60,,3069,12,,,0,22,,3080,12,,,0,20,,3067,12,,,0,60,,3075,12,,,0,20,,3065,12,,,0,20,,3071,12,,,0,66,,3081,12,,,0,33,,3068,12,,,0,72,,3070,12,,,0,32,,3079,12,,,0,72,,3076,12,,,0,32,,3073,12,,,0,72,,3083,12,,,0,72,,3077,12,,,0,32,,3072,12,,,0,72,,3082,12,,,0,26,,854,12,,,0,20,,3064,12,,,0,60,,3086,12,,,0,21,,3087,12,,,0,20,,3088,12,,,0,60,,845,12,,,0,20,,3089,12,,,0,20,,3090,12,,,0,60,,3091,12,,,0,19,,3092,12,,,0,20,,850,12,,,0,59,,3093,12,,,0,39,,3094,12,,,0,80,,3095,12,,,0,80,,3062,12,,,0,39,,3096,12,,,0,80,,3063,12,,,0,79,,3060,12,,,0,40,,3097,12,,,0,80,,3059,12,,,0,80,,3061,12,,,0,40,,3098,12,,,0,75,,3085,12,0,5 6,0
1000,'4800',739,,3120,12,,,0,85,,3107,12,,,0,86,,3108,12,,,0,45,,3102,12,,,0,85,,3101,12,,,0,85,,3109,12,,,0,85,,3110,12,,,0,45,,3103,12,,,0,85,,3116,12,,,0,85,,3117,12,,,0,85,,3114,12,,,0,45,,3119,12,,,0,85,,3112,12,,,0,85,,3106,12,,,0,85,,3121,12,,,0,45,,3111,12,,,0,84,,3099,12,,,0,85,,3115,12,,,0,84,,3104,12,,,0,45,,3100,12,,,0,85,,3118,12,,,0,84,,3105,12,,,0,85,,3113,12,,,0
1000,'5102',528,,4761,12,,,0,80,,4755,12,,,0,20,,4743,12,,,0,20,,4752,12,,,0,60,,4746,12,,,0,22,,4758,12,,,0,20,,4744,12,,,0,60,,4753,12,,,0,20,,4742,12,,,0,20,,4748,12,,,0,66,,4759,12,,,0,33,,4745,12,,,0,72,,4747,12,,,0,32,,4756,12,,,0,72,,4754,12,,,0,32,,4750,12,,,0,72,,4757,12,,,0,72,,4751,12,,,0,32,,4749,12,,,0,72,,4760,12,,,0,26,,4775,12,,,0,20,,4741,12,,,0,60,,4763,12,,,0,21,,4764,12,,,0,20,,4765,12,,,0,60,,4766,12,,,0,20,,4767,12,,,0,20,,4768,12,,,0,60,,4770,12,,,0,19,,4771,12,,,0,20,,4772,12,,,0,59,,4769,12,,,0,39,,4773,12,,,0,80,,4774,12,,,0,80,,4739,12,,,0,39,,4776,12,,,0,80,,4740,12,,,0,79,,4738,12,,,0,40,,4777,12,,,0,80,,4737,12,,,0,80,,4736,12,,,0,40,,4778,12,,,0,75,,4762,12,0,5 6,0
1000,'5105',739,,4800,12,,,0,85,,4787,12,,,0,86,,4788,12,,,0,45,,4782,12,,,0,85,,4781,12,,,0,85,,4789,12,,,0,85,,4790,12,,,0,45,,4783,12,,,0,85,,4796,12,,,0,85,,4797,12,,,0,85,,4794,12,,,0,45,,4799,12,,,0,85,,4792,12,,,0,85,,4786,12,,,0,85,,4801,12,,,0,45,,4791,12,,,0,84,,4779,12,,,0,85,,4795,12,,,0,84,,4784,12,,,0,45,,4780,12,,,0,85,,4798,12,,,0,84,,4785,12,,,0,85,,4793,12,,,0
1901,'4327',755,,5465,14,,,0,103,,5458,14,,,0,156,,5457,14,,,0,120,,5456,14,,,0,115,,5455,14,,,0,160,,5454,14,,,0,115,,5453,14,,,0,120,,5459,14,,,0,115,,5460,14,,,0,156,,5461,14,,,0,115,,5462,14,,,0,115,,5463,14,,,0,155,,5464,14,,,0
1901,'4795',730,,1611,14,,,0,20,,1607,14,,,0,61,,1608,14,,,0,20,,1606,14,,,0,19,,1587,14,,,0,60,,1602,14,,,0,21,,1585,14,,,0,75,,1586,14,,,0,35,,1583,14,,,0,75,,1588,14,,,0,35,,1589,14,,,0,75,,1590,14,,,0,75,,1594,14,,,0,35,,1591,14,,,0,75,,1592,14,,,0,37,,1595,14,,,0,60,,1580,14,,,0,20,,1593,14,,,0,20,,1579,14,,,0,60,,1598,14,,,0,20,,1581,14,,,0,20,,1599,14,,,0,59,,1582,14,,,0,20,,1597,14,,,0,19,,1584,14,,,0,59,,1601,14,,,0,35,,1605,14,,,0,75,,1603,14,,,0,34,,1596,14,,,0,75,,1600,14,,,0,35,,1604,14,,,0,63,,1610,14,,,0,115,,1609,14,,,0
1901,'4800',754,,1620,14,,,0,75,,1622,14,,,0,75,,1624,14,,,0,36,,1621,14,,,0,75,,1626,14,,,0,35,,1623,14,,,0,75,,1627,14,,,0,75,,1628,14,,,0,35,,1631,14,,,0,75,,1632,14,,,0,35,,1625,14,,,0,75,,1629,14,,,0,35,,1633,14,,,0,75,,1634,14,,,0,75,,1630,14,,,0,35,,1635,14,,,0,75,,1636,14,,,0,35,,1618,14,,,0,74,,1619,14,,,0,16,,3448,14,,,0,115,,3450,14,,,0,155,,3451,14,,,0,115,,3452,14,,,0,115,,3449,14,,,0,115,,3453,14,,,0
1901,'5102',730,,5498,14,,,0,20,,5494,14,,,0,61,,5495,14,,,0,20,,5493,14,,,0,19,,5474,14,,,0,60,,5489,14,,,0,21,,5472,14,,,0,75,,5473,14,,,0,35,,5470,14,,,0,75,,5475,14,,,0,35,,5476,14,,,0,75,,5477,14,,,0,75,,5481,14,,,0,35,,5478,14,,,0,75,,5479,14,,,0,37,,5482,14,,,0,61,,5499,14,,,0,2,,5467,14,,,0,17,,5480,14,,,0,20,,5466,14,,,0,60,,5485,14,,,0,20,,5468,14,,,0,20,,5486,14,,,0,59,,5469,14,,,0,20,,5484,14,,,0,19,,5471,14,,,0,59,,5488,14,,,0,35,,5491,14,,,0,75,,5490,14,,,0,34,,5483,14,,,0,75,,5487,14,,,0,35,,5492,14,,,0,63,,5497,14,,,0,115,,5496,14,,,0
1901,'5105',754,,5508,14,,,0,75,,5510,14,,,0,75,,5512,14,,,0,36,,5509,14,,,0,75,,5514,14,,,0,35,,5511,14,,,0,75,,5515,14,,,0,75,,5516,14,,,0,35,,5519,14,,,0,75,,5520,14,,,0,35,,5513,14,,,0,75,,5517,14,,,0,35,,5521,14,,,0,75,,5522,14,,,0,75,,5518,14,,,0,35,,5523,14,,,0,75,,5524,14,,,0,35,,5506,14,,,0,74,,5507,14,,,0,16,,5500,14,,,0,115,,5502,14,,,0,155,,5503,14,,,0,115,,5504,14,,,0,115,,5501,14,,,0,115,,5505,14,,,0
