100,103023,1,0
100,103800,2,0
100,103214,3,0
100,103188,4,0
100,103151,5,0
100,103133,6,0
100,103113,7,0
100,103091,8,0
100,103055,9,0
100,103044,10,0
100,103016,11,0
100,102997,12,0
100,103020,13,0
100,103028,14,0
100,102995,15,0
100,102984,16,0
100,102956,17,0
100,102930,18,0
100,102910,19,0
100,102892,20,0
100,102883,21,0
100,102869,22,0
100,102861,23,1
101,102861,1,0
101,102868,2,0
101,102881,3,0
101,102896,4,0
101,102914,5,0
101,140052,6,0
101,102952,7,0
101,102961,8,0
101,102976,9,0
101,102982,10,0
101,102997,11,0
101,103020,12,0
101,103028,13,0
101,102999,14,0
101,103025,15,0
101,103062,16,0
101,103093,17,0
101,103119,18,0
101,103139,19,0
101,103152,20,0
101,103185,21,0
101,103342,22,0
101,103801,23,0
101,103023,24,1
200,102859,1,0
200,102865,2,0
200,102870,3,0
200,102878,4,0
200,102888,5,0
200,102901,6,0
200,102911,7,0
200,102919,8,0
200,102924,9,0
200,102932,10,0
200,102934,11,0
200,102935,12,0
200,102922,13,0
200,102913,14,0
200,102895,15,0
200,102885,16,0
200,102879,17,0
200,102875,18,1
300,103079,1,0
300,103076,2,0
300,103102,3,0
300,103099,4,0
300,103123,5,0
300,103147,6,0
300,103172,7,0
300,103170,8,0
300,103143,9,0
300,103129,10,0
300,103111,11,0
300,103089,12,0
300,103083,13,0
300,103052,14,0
300,103041,15,0
300,103051,16,0
300,103090,17,0
300,103098,18,0
300,103053,19,0
300,103082,20,0
300,103095,21,0
300,103117,22,0
300,103128,23,0
300,103148,24,0
300,103168,25,0
300,103166,26,0
300,103145,27,0
300,103118,28,0
300,103096,29,0
300,103101,30,0
300,103092,31,1
400,103016,1,0
400,102997,2,0
400,103457,3,0
400,103059,4,0
400,103088,5,0
400,103507,6,0
400,103127,7,0
400,103155,8,0
400,103213,9,0
400,103402,10,0
400,103454,11,1
401,103454,1,0
401,103413,2,0
401,103215,3,0
401,103141,4,0
401,103126,5,0
401,103512,6,0
401,103084,7,0
401,103054,8,0
401,103030,9,0
401,103016,10,1
500,103023,1,0
500,140028,2,0
500,140029,3,0
500,140030,4,0
500,140031,5,0
500,140032,6,0
500,140033,7,0
500,140034,8,0
500,140035,9,0
500,140036,10,0
500,140037,11,0
500,140038,12,0
500,140039,13,0
500,140050,14,0
500,140040,15,0
500,140041,16,0
500,140042,17,0
500,102860,18,1
501,102860,1,0
501,140018,2,0
501,140019,3,0
501,140020,4,0
501,140021,5,0
501,140022,6,0
501,140023,7,0
501,102939,8,0
501,102958,9,0
501,102978,10,0
501,103006,11,0
501,140024,12,0
501,140025,13,0
501,140026,14,0
501,140027,15,0
501,140012,16,0
501,103023,17,1
700,102856,1,0
700,102866,2,0
700,102880,3,0
700,102898,4,0
700,102908,5,0
700,140051,6,0
700,103029,7,0
700,102960,8,0
700,102966,9,0
700,102977,10,0
700,102988,11,0
700,103010,12,0
700,103041,13,0
700,103051,14,0
700,103087,15,0
700,103107,16,0
700,103136,17,0
700,103159,18,0
700,103132,19,0
700,103206,20,0
700,103226,21,0
700,103236,22,0
700,103242,23,0
700,103229,24,0
700,103209,25,0
700,103150,26,0
700,103137,27,0
700,103103,28,0
700,103080,29,0
700,103048,30,0
700,103053,31,0
700,103035,32,0
700,103013,33,0
700,103007,34,0
700,103000,35,0
700,102728,36,0
700,103009,37,0
700,103036,38,0
700,103050,39,0
700,103058,40,0
700,103079,41,1
701,103079,1,0
701,103060,2,0
701,103046,3,0
701,103015,4,0
701,103003,5,0
701,103008,6,0
701,103026,7,0
701,103041,8,0
701,103051,9,0
701,103087,10,0
701,103107,11,0
701,103140,12,0
701,103203,13,0
701,103224,14,0
701,103243,15,0
701,103238,16,0
701,103218,17,0
701,103318,18,0
701,103104,19,0
701,103154,20,0
701,103131,21,0
701,103103,22,0
701,103080,23,0
701,103048,24,0
701,103005,25,0
701,102987,26,0
701,102968,27,0
701,102965,28,0
701,102959,29,0
701,103031,30,0
701,140050,31,0
701,102905,32,0
701,102903,33,0
701,102894,34,0
701,102879,35,0
701,102867,36,0
701,102856,37,1
800,103030,1,0
800,102995,2,0
800,102984,3,0
800,140053,4,0
800,102956,5,0
800,102930,6,0
800,140047,7,0
800,140043,8,0
800,102929,9,0
800,102941,10,0
800,102954,11,0
800,102979,12,0
800,102990,13,0
800,103004,14,0
800,103033,15,0
800,103056,16,0
800,103075,17,0
800,103121,18,0
800,103144,19,0
800,103169,20,0
800,103186,21,0
800,103204,22,0
800,103222,23,0
800,103245,24,0
800,103264,25,0
800,103278,26,0
800,103296,27,0
800,103312,28,0
800,103333,29,0
800,103345,30,0
800,103371,31,0
800,103373,32,0
800,103376,33,0
800,103384,34,0
800,102863,35,0
800,102998,36,0
800,103409,37,0
800,103438,38,0
800,103456,39,1
801,103456,1,0
801,103437,2,0
801,103415,3,0
801,103392,4,0
801,103385,5,0
801,103382,6,0
801,103380,7,0
801,103377,8,0
801,103375,9,0
801,103370,10,0
801,103365,11,0
801,103192,12,0
801,103321,13,0
801,103297,14,0
801,103274,15,0
801,103260,16,0
801,103240,17,0
801,103221,18,0
801,103201,19,0
801,103184,20,0
801,103171,21,0
801,103142,22,0
801,103125,23,0
801,103108,24,0
801,103097,25,0
801,103069,26,0
801,103057,27,0
801,103014,28,0
801,102996,29,0
801,102986,30,0
801,102973,31,0
801,102950,32,0
801,140048,33,0
801,140045,34,0
801,140046,35,0
801,102928,36,0
801,102952,37,0
801,102961,38,0
801,102976,39,0
801,102982,40,0
801,102997,41,0
801,103020,42,0
801,103030,43,1
900,102859,1,0
900,102875,2,0
900,102884,3,0
900,102891,4,0
900,102893,5,0
900,102902,6,0
900,102907,7,0
900,102916,8,0
900,102925,9,0
900,102937,10,0
900,102951,11,0
900,102971,12,0
900,102962,13,0
900,102994,14,0
900,103011,15,0
900,103018,16,0
900,103033,17,0
900,103056,18,0
900,103069,19,1
901,103069,1,0
901,103057,2,0
901,103024,3,0
901,103012,4,0
901,102993,5,0
901,102963,6,0
901,102969,7,0
901,102948,8,0
901,102942,9,0
901,102926,10,0
901,102918,11,0
901,102909,12,0
901,102900,13,0
901,102890,14,0
901,102882,15,0
901,102874,16,0
901,102859,17,1
1000,102854,1,0
1000,102877,2,0
1000,102893,3,0
1000,102902,4,0
1000,102915,5,0
1000,102923,6,0
1000,102936,7,0
1000,102947,8,0
1000,102974,9,0
1000,102728,10,0
1000,103009,11,0
1000,103036,12,0
1000,103050,13,0
1000,103058,14,0
1000,103073,15,0
1000,103076,16,0
1000,103105,17,0
1000,103122,18,0
1000,103127,19,0
1000,103155,20,0
1000,103002,21,0
1000,103222,22,0
1000,103245,23,0
1000,103264,24,0
1000,103278,25,0
1000,103296,26,0
1000,103312,27,0
1000,103333,28,0
1000,103345,29,0
1000,103371,30,0
1000,103373,31,0
1000,103376,32,0
1000,103354,33,0
1000,103344,34,0
1000,103322,35,0
1000,103287,36,0
1000,103288,37,0
1000,103292,38,0
1000,103283,39,0
1000,103081,40,0
1000,103300,41,0
1000,103327,42,1
1001,103430,1,0
1001,103416,2,0
1001,103396,3,0
1001,103283,4,0
1001,103081,5,0
1001,103300,6,0
1001,103327,7,0
1001,103343,8,0
1001,103360,9,0
1001,103387,10,0
1001,103392,11,0
1001,103385,12,0
1001,103382,13,0
1001,103380,14,0
1001,103377,15,0
1001,103375,16,0
1001,103370,17,0
1001,103365,18,0
1001,103192,19,0
1001,103321,20,0
1001,103297,21,0
1001,103274,22,0
1001,103260,23,0
1001,103240,24,0
1001,103221,25,0
1001,103165,26,0
1001,103141,27,0
1001,103126,28,0
1001,103092,29,0
1001,103070,30,0
1001,103060,31,0
1001,103046,32,0
1001,103015,33,0
1001,102991,34,0
1001,102975,35,0
1001,102964,36,0
1001,102953,37,0
1001,102933,38,0
1001,102921,39,0
1001,102909,40,0
1001,102900,41,0
1001,102889,42,0
1001,102874,43,0
1001,102854,44,1
1100,102855,1,0
1100,102875,2,0
1100,102886,3,0
1100,102899,4,0
1100,102912,5,0
1100,102920,6,0
1100,102931,7,0
1100,102938,8,0
1100,102945,9,0
1100,102957,10,0
1100,102970,11,0
1100,102979,12,0
1100,102990,13,0
1100,103004,14,0
1100,103033,15,0
1100,103056,16,0
1100,103077,17,0
1100,103086,18,0
1100,103138,19,0
1100,103158,20,0
1100,103189,21,0
1100,103205,22,0
1100,103235,23,0
1100,103250,24,0
1100,103252,25,0
1100,103277,26,0
1100,103289,27,0
1100,103303,28,0
1100,103307,29,0
1100,103309,30,0
1100,103313,31,0
1100,103334,32,0
1100,103357,33,0
1100,103367,34,0
1100,103372,35,0
1100,103383,36,0
1100,103405,37,0
1100,103411,38,0
1100,103412,39,0
1100,103410,40,0
1100,103421,41,0
1100,103428,42,0
1100,103426,43,0
1100,103429,44,0
1100,103430,45,0
1100,103378,46,1
1101,103430,1,0
1101,103416,2,0
1101,103396,3,0
1101,103382,4,0
1101,103380,5,0
1101,103377,6,0
1101,103375,7,0
1101,103370,8,0
1101,103365,9,0
1101,103363,10,0
1101,103361,11,0
1101,103364,12,0
1101,103369,13,0
1101,103366,14,0
1101,103346,15,0
1101,103310,16,0
1101,103308,17,0
1101,103304,18,0
1101,103291,19,0
1101,103271,20,0
1101,103253,21,0
1101,103246,22,0
1101,103227,23,0
1101,103202,24,0
1101,103190,25,0
1101,103156,26,0
1101,103130,27,0
1101,103097,28,0
1101,103071,29,0
1101,103057,30,0
1101,103014,31,0
1101,102996,32,0
1101,102986,33,0
1101,102972,34,0
1101,102955,35,0
1101,102944,36,0
1101,102927,37,0
1101,102917,38,0
1101,102906,39,0
1101,102897,40,0
1101,102887,41,0
1101,102874,42,0
1101,102855,43,1
1200,103016,1,0
1200,102997,2,0
1200,103020,3,0
1200,103038,4,0
1200,103045,5,0
1200,103059,6,0
1200,103088,7,0
1200,103072,8,0
1200,103114,9,0
1200,103149,10,0
1200,103232,11,0
1200,103285,12,0
1200,103324,13,0
1200,103348,14,0
1200,103406,15,0
1200,103420,16,0
1200,103436,17,0
1200,103458,18,0
1200,103489,19,1
1201,103489,1,0
1201,103461,2,0
1201,103433,3,0
1201,103419,4,0
1201,103399,5,0
1201,103349,6,0
1201,103323,7,0
1201,103286,8,0
1201,103231,9,0
1201,103146,10,0
1201,103116,11,0
1201,103084,12,0
1201,103054,13,0
1201,103042,14,0
1201,103030,15,0
1201,103040,16,0
1201,103039,17,0
1201,103016,18,0
1201,103072,19,1
1400,103557,1,0
1400,103554,2,0
1400,103153,3,0
1400,103526,4,0
1400,103521,5,0
1400,103501,6,0
1400,103448,7,0
1400,103477,8,0
1400,103482,9,0
1400,103192,10,0
1400,103193,11,1
1401,103193,1,0
1401,103326,2,0
1401,103335,3,0
1401,103375,4,0
1401,103370,5,0
1401,103365,6,0
1401,103378,7,0
1401,103414,8,0
1401,103446,9,0
1401,103490,10,0
1401,103531,11,0
1401,103515,12,0
1401,103524,13,0
1401,103539,14,0
1401,103550,15,0
1401,103198,16,0
1401,103538,17,0
1401,103557,18,1
1501,103021,1,0
1501,103257,2,0
1501,103817,3,0
1501,103305,4,0
1501,103316,5,0
1501,103298,6,0
1501,103295,7,0
1501,103368,8,0
1501,103401,9,0
1501,103423,10,0
1501,103441,11,0
1501,103444,12,0
1501,103464,13,0
1501,103470,14,0
1501,103440,15,0
1501,103424,16,0
1501,104914,17,0
1501,103294,18,0
1501,103293,19,0
1501,103818,20,0
1501,103816,21,0
1501,103815,22,1
1601,103022,1,0
1601,103800,2,0
1601,103802,3,0
1601,103803,4,0
1601,103804,5,0
1601,103319,6,0
1601,103340,7,0
1601,103355,8,0
1601,103432,9,0
1601,103445,10,0
1601,103806,11,0
1601,103808,12,0
1601,103810,13,0
1601,103811,14,0
1601,103520,15,0
1601,103523,16,0
1601,103533,17,0
1601,103540,18,0
1601,103562,19,0
1601,103814,20,0
1601,103813,21,0
1601,103812,22,0
1601,103522,23,0
1601,103809,24,0
1601,103807,25,0
1601,103805,26,0
1601,103347,27,0
1601,103337,28,0
1601,103317,29,0
1601,103290,30,0
1601,103272,31,0
1601,103248,32,0
1601,103801,33,1
1700,103022,1,0
1700,103257,2,0
1700,103817,3,0
1700,103305,4,0
1700,103325,5,0
1700,103821,6,0
1700,103825,7,0
1700,103826,8,0
1700,103827,9,0
1700,103829,10,0
1700,103176,11,0
1700,103177,12,0
1700,103187,13,0
1700,103191,14,0
1700,103451,15,0
1700,103833,16,0
1700,103831,17,0
1700,103439,18,0
1700,103828,19,0
1700,103408,20,0
1700,103824,21,0
1700,103820,22,0
1700,103818,23,0
1700,103816,24,0
1700,103815,25,1
2000,140005,1,0
2000,103596,2,0
2000,103581,3,0
2000,103580,4,0
2000,103586,5,0
2000,103065,6,0
2000,103529,7,0
2000,103519,8,0
2000,103500,9,0
2000,103492,10,0
2000,103484,11,0
2000,103467,12,0
2000,103452,13,0
2000,103418,14,0
2000,103351,15,0
2000,103302,16,0
2000,103266,17,0
2000,103239,18,0
2000,103217,19,0
2000,103195,20,0
2000,103181,21,0
2000,103160,22,0
2000,103135,23,0
2000,103164,24,0
2000,103175,25,0
2000,103183,26,0
2000,140065,27,0
2000,103220,28,0
2000,103234,29,0
2000,103249,30,0
2000,140009,31,1
2001,140009,1,0
2001,103299,2,0
2001,103282,3,0
2001,103261,4,0
2001,103254,5,0
2001,103233,6,0
2001,103219,7,0
2001,140066,8,0
2001,103180,9,0
2001,103179,10,0
2001,103163,11,0
2001,103134,12,0
2001,103167,13,0
2001,103182,14,0
2001,103197,15,0
2001,103216,16,0
2001,103244,17,0
2001,103268,18,0
2001,103306,19,0
2001,103359,20,0
2001,103417,21,0
2001,103460,22,0
2001,103474,23,0
2001,103486,24,0
2001,103491,25,0
2001,103510,26,0
2001,103518,27,0
2001,103532,28,0
2001,103553,29,0
2001,103566,30,0
2001,103590,31,0
2001,103587,32,0
2001,103582,33,0
2001,103579,34,0
2001,103597,35,0
2001,140005,36,1
2101,140006,1,0
2101,103608,2,0
2101,103621,3,0
2101,103632,4,0
2101,103630,5,0
2101,103627,6,0
2101,103623,7,0
2101,103617,8,0
2101,103616,9,0
2101,103614,10,0
2101,103615,11,0
2101,103618,12,0
2101,103622,13,0
2101,103624,14,0
2101,103629,15,0
2101,103626,16,0
2101,103625,17,0
2101,103628,18,0
2101,103634,19,0
2101,103640,20,0
2101,103642,21,0
2101,103633,22,0
2101,103631,23,0
2101,103636,24,0
2101,103638,25,0
2101,103641,26,0
2101,103646,27,0
2101,103648,28,0
2101,103644,29,0
2101,103647,30,0
2101,103649,31,0
2101,103645,32,0
2101,103639,33,0
2101,103637,34,0
2101,103635,35,0
2101,103643,36,1
2200,103844,1,0
2200,103723,2,0
2200,103722,3,0
2200,103720,4,0
2200,103718,5,0
2200,103715,6,0
2200,103713,7,0
2200,103711,8,0
2200,103709,9,0
2200,103707,10,0
2200,103706,11,0
2200,103703,12,0
2200,103700,13,0
2200,103699,14,0
2200,103696,15,0
2200,103695,16,0
2200,103692,17,0
2200,104912,18,0
2200,103690,19,0
2200,103686,20,0
2200,103675,21,0
2200,103671,22,0
2200,103667,23,0
2200,140006,24,1
2201,140006,1,0
2201,103643,2,0
2201,103665,3,0
2201,103669,4,0
2201,103672,5,0
2201,103682,6,0
2201,103686,7,0
2201,103689,8,0
2201,103691,9,0
2201,103693,10,0
2201,103694,11,0
2201,103697,12,0
2201,103698,13,0
2201,103701,14,0
2201,103702,15,0
2201,103704,16,0
2201,103705,17,0
2201,103708,18,0
2201,103710,19,0
2201,103712,20,0
2201,103714,21,0
2201,103716,22,0
2201,103717,23,0
2201,103719,24,0
2201,103721,25,0
2201,103844,26,1
2301,103454,1,0
2301,103846,2,0
2301,104916,3,0
2301,103680,4,0
2301,103569,5,0
2301,103604,6,0
2301,103610,7,0
2301,103425,8,0
2301,103480,9,0
2301,103506,10,0
2301,103548,11,0
2301,103561,12,0
2301,103576,13,0
2301,103600,14,0
2301,104913,15,0
2301,103620,16,0
2301,103611,17,0
2301,103650,18,0
2301,103653,19,0
2301,103654,20,0
2301,103658,21,0
2301,103472,22,0
2301,103661,23,0
2301,103663,24,0
2301,103664,25,0
2301,103666,26,0
2301,103673,27,0
2301,103676,28,0
2301,103678,29,0
2301,103684,30,0
2301,103683,31,0
2301,103681,32,0
2301,140001,33,0
2301,103679,34,0
2301,103685,35,0
2301,103688,36,0
2301,103677,37,0
2301,103674,38,0
2301,103670,39,0
2301,103668,40,0
2301,103662,41,0
2301,103659,42,0
2301,103660,43,0
2301,103657,44,0
2301,103655,45,0
2301,103652,46,0
2301,103651,47,0
2301,103612,48,0
2301,103609,49,0
2301,103607,50,0
2301,103574,51,0
2301,103656,52,0
2301,103619,53,0
2301,103613,54,0
2301,103599,55,0
2301,103577,56,0
2301,103564,57,0
2301,103547,58,0
2301,103503,59,0
2301,103478,60,0
2301,103431,61,0
2301,103438,62,0
2301,104915,63,0
2301,103847,64,1
2400,140005,1,0
2400,103595,2,0
2400,103584,3,0
2400,103563,4,0
2400,103551,5,0
2400,103541,6,0
2400,103516,7,0
2400,103493,8,0
2400,103476,9,0
2400,103471,10,0
2400,103469,11,0
2400,103481,12,0
2400,103495,13,0
2400,103513,14,0
2400,103528,15,0
2400,103502,16,0
2400,103473,17,0
2400,103459,18,0
2400,103434,19,0
2400,103393,20,0
2400,103379,21,0
2400,103329,22,0
2400,140010,23,1
2401,140010,1,0
2401,103265,2,0
2401,103279,3,0
2401,103301,4,0
2401,103328,5,0
2401,103381,6,0
2401,103395,7,0
2401,103435,8,0
2401,103462,9,0
2401,104911,10,0
2401,103505,11,0
2401,103516,12,0
2401,103493,13,0
2401,103476,14,0
2401,103471,15,0
2401,103469,16,0
2401,103481,17,0
2401,103495,18,0
2401,103513,19,0
2401,103542,20,0
2401,103552,21,0
2401,103556,22,0
2401,103565,23,0
2401,103575,24,0
2401,103593,25,0
2401,103597,26,0
2401,140005,27,1
2500,140005,1,0
2500,103595,2,0
2500,103584,3,0
2500,103537,4,0
2500,140067,5,0
2500,140068,6,0
2500,103527,7,0
2500,103508,8,0
2500,103483,9,0
2500,103463,10,0
2500,103447,11,0
2500,140095,12,0
2500,103422,13,0
2500,103403,14,0
2500,103388,15,0
2500,103379,16,0
2500,103329,17,0
2500,140010,18,1
2501,140010,1,0
2501,103265,2,0
2501,103279,3,0
2501,103301,4,0
2501,103328,5,0
2501,103381,6,0
2501,103389,7,0
2501,103407,8,0
2501,103427,9,0
2501,140094,10,0
2501,103450,11,0
2501,103465,12,0
2501,103485,13,0
2501,103509,14,0
2501,103525,15,0
2501,103497,16,0
2501,103511,17,0
2501,103535,18,0
2501,103565,19,0
2501,103575,20,0
2501,103593,21,0
2501,103597,22,0
2501,140005,23,1
2700,140011,1,0
2700,103262,2,0
2700,103258,3,0
2700,103251,4,0
2700,103230,5,0
2700,140069,6,0
2700,103173,7,0
2700,103178,8,0
2700,103161,9,0
2700,103115,10,0
2700,103112,11,0
2700,103085,12,0
2700,103100,13,0
2700,103124,14,0
2700,103120,15,0
2700,103068,16,0
2700,103078,17,0
2700,103162,18,0
2700,103183,19,0
2700,140065,20,0
2700,140070,21,0
2700,103225,22,0
2700,103255,23,0
2700,103259,24,0
2700,103265,25,0
2700,103279,26,0
2700,103301,27,1
2801,140005,1,0
2801,103595,2,0
2801,103584,3,0
2801,103563,4,0
2801,103551,5,0
2801,103541,6,0
2801,103516,7,0
2801,103493,8,0
2801,140058,9,0
2801,140059,10,0
2801,140060,11,0
2801,140061,12,0
2801,140062,13,0
2801,140063,14,0
2801,140064,15,0
2801,103589,16,0
2801,103573,17,0
2801,103585,18,0
2801,103594,19,0
2801,103598,20,0
2801,103602,21,1
2900,140011,1,0
2900,103262,2,0
2900,103258,3,0
2900,103251,4,0
2900,103230,5,0
2900,140069,6,0
2900,103173,7,0
2900,103178,8,0
2900,103161,9,0
2900,103115,10,0
2900,103110,11,0
2900,103094,12,0
2900,103066,13,0
2900,103063,14,0
2900,103043,15,0
2900,103047,16,0
2900,103027,17,0
2900,140013,18,0
2900,103078,19,0
2900,103162,20,0
2900,103183,21,0
2900,140065,22,0
2900,140070,23,0
2900,103225,24,0
2900,103255,25,0
2900,103259,26,0
2900,103265,27,0
2900,103279,28,0
2900,103301,29,1
3200,103472,1,0
3200,103661,2,0
3200,140092,3,0
3200,140091,4,0
3200,140090,5,0
3200,140001,6,0
3200,103679,7,0
3200,103685,8,0
3200,140096,9,0
3200,140080,10,0
3200,140081,11,0
3200,140082,12,0
3200,140083,13,0
3200,140084,14,0
3200,140085,15,0
3200,140086,16,0
3200,140087,17,0
3200,140088,18,0
3200,140089,19,0
3200,140054,20,0
3200,140079,21,0
3200,140078,22,0
3200,140077,23,0
3200,140093,24,0
3200,140014,25,0
3200,140015,26,0
3200,140016,27,0
3200,140017,28,0
3200,103658,29,1
9700,140004,1,0
9700,140071,2,0
9700,140007,3,0
9700,140073,4,0
9700,103745,5,0
9700,102853,6,0
9700,140049,7,0
9700,140003,8,0
9700,102985,9,0
9700,103067,10,0
9700,103174,11,0
9700,103263,12,0
9700,103455,13,1
9701,103455,1,0
9701,103256,2,0
9701,103049,3,0
9701,103061,4,0
9701,102989,5,0
9701,140002,6,0
9701,140000,7,0
9701,102862,8,0
9701,103744,9,0
9701,140074,10,0
9701,140008,11,0
9701,140072,12,0
9701,140004,13,1
